1	545058393.817413
z05mangapanda	Onepunch-Man	134	545057763.481875	L	http://www.mangapanda.com/onepunch-man	545057763.481875
134	43	545057763.481875	545058384.292514
133		545058392.804375	545058392.804375
132		545058392.804375	545058392.804375
131		545058392.804375	545058392.804375
130		545058392.804375	545058392.804375
129		545058392.804375	545058392.804375
128		545058392.804375	545058392.804375
127		545058392.804375	545058392.804375
126		545058392.804375	545058392.804375
125		545058392.804375	545058392.804375
124		545058392.804375	545058392.804375
123		545058392.804375	545058392.804375
122		545058392.804375	545058392.804375
121		545058392.804375	545058392.804375
120		545058392.804375	545058392.804375
119		545058392.804375	545058392.804375
118		545058392.804375	545058392.804375
117		545058392.804375	545058392.804375
116		545058392.804375	545058392.804375
115		545058392.804375	545058392.804375
114		545058392.804375	545058392.804375
113		545058392.804375	545058392.804375
112		545058392.804375	545058392.804375
111		545058392.804375	545058392.804375
110		545058392.804375	545058392.804375
109		545058392.804375	545058392.804375
108		545058392.804375	545058392.804375
107		545058392.804375	545058392.804375
106		545058392.804375	545058392.804375
105		545058392.804375	545058392.804375
104		545058392.804375	545058392.804375
103		545058392.804375	545058392.804375
102		545058392.804375	545058392.804375
101		545058392.804375	545058392.804375
100		545058392.804375	545058392.804375
99		545058392.804375	545058392.804375
98		545058392.804375	545058392.804375
97		545058392.804375	545058392.804375
96		545058392.804375	545058392.804375
95		545058392.804375	545058392.804375
94		545058392.804375	545058392.804375
93		545058392.804375	545058392.804375
92		545058392.804375	545058392.804375
91		545058392.804375	545058392.804375
90		545058392.804375	545058392.804375
89		545058392.804375	545058392.804375
88		545058392.804375	545058392.804375
87		545058392.804375	545058392.804375
86		545058392.804375	545058392.804375
85		545058392.804375	545058392.804375
84		545058392.804375	545058392.804375
83		545058392.804375	545058392.804375
82		545058392.804375	545058392.804375
81		545058392.804375	545058392.804375
80		545058392.804375	545058392.804375
79		545058392.804375	545058392.804375
78		545058392.804375	545058392.804375
77		545058392.804375	545058392.804375
76		545058392.804375	545058392.804375
75		545058392.804375	545058392.804375
74		545058392.804375	545058392.804375
73		545058392.804375	545058392.804375
72		545058392.804375	545058392.804375
71		545058392.804375	545058392.804375
70		545058392.804375	545058392.804375
69		545058392.804375	545058392.804375
68		545058392.804375	545058392.804375
67		545058392.804375	545058392.804375
66		545058392.804375	545058392.804375
65		545058392.804375	545058392.804375
64		545058392.804375	545058392.804375
63		545058392.804375	545058392.804375
62		545058392.804375	545058392.804375
61		545058392.804375	545058392.804375
60		545058392.804375	545058392.804375
59		545058392.804375	545058392.804375
58		545058392.804375	545058392.804375
57		545058392.804375	545058392.804375
56		545058392.804375	545058392.804375
55		545058392.804375	545058392.804375
54		545058392.804375	545058392.804375
53		545058392.804375	545058392.804375
52		545058392.804375	545058392.804375
51		545058392.804375	545058392.804375
50		545058392.804375	545058392.804375
49		545058392.804375	545058392.804375
48		545058392.804375	545058392.804375
47		545058392.804375	545058392.804375
46		545058392.804375	545058392.804375
45		545058392.804375	545058392.804375
44		545058392.804375	545058392.804375
43		545058392.804375	545058392.804375
42		545058392.804375	545058392.804375
41		545058392.804375	545058392.804375
40		545058392.804375	545058392.804375
39		545058392.804375	545058392.804375
38		545058392.804375	545058392.804375
37		545058392.804375	545058392.804375
36		545058392.804375	545058392.804375
35		545058392.804375	545058392.804375
34		545058392.804375	545058392.804375
33		545058392.804375	545058392.804375
32		545058392.804375	545058392.804375
31		545058392.804375	545058392.804375
30		545058392.804375	545058392.804375
29		545058392.804375	545058392.804375
28		545058392.804375	545058392.804375
27		545058392.804375	545058392.804375
26		545058392.804375	545058392.804375
25		545058392.804375	545058392.804375
24		545058392.804375	545058392.804375
23		545058392.804375	545058392.804375
22		545058392.804375	545058392.804375
21		545058392.804375	545058392.804375
20		545058392.804375	545058392.804375
19		545058392.804375	545058392.804375
18		545058392.804375	545058392.804375
17		545058392.804375	545058392.804375
16		545058392.804375	545058392.804375
15		545058392.804375	545058392.804375
14		545058392.804375	545058392.804375
13		545058392.804375	545058392.804375
12		545058392.804375	545058392.804375
11		545058392.804375	545058392.804375
10		545058392.804375	545058392.804375
9		545058392.804375	545058392.804375
8		545058392.804375	545058392.804375
7		545058392.804375	545058392.804375
6		545058392.804375	545058392.804375
5		545058392.804375	545058392.804375
4		545058392.804375	545058392.804375
3		545058392.804375	545058392.804375
2		545058392.804375	545058392.804375
1		545058392.804375	545058392.804375
