1	563731506.462259
z03mangahere	ReLIFE	222	543360045.860725	B	http://www.mangahere.cc/manga/relife/	543360045.860725
1		476207419.576847	476207525.794184
2		476207526.524105	476207567.130274
3		476207568.354601	476207684.937945
4		476207687.225280	476207754.859238
5		476207755.909010	476207860.516043
6		476207861.202924	476207924.970248
7		476207925.652803	476208002.258800
8		476208002.964020	476208073.196670
9		476208073.919596	476208120.248244
10		476208120.544162	476208177.820321
11		476208179.123922	476208255.908709
12		476208257.470944	476208418.951398
13		476208420.046369	476208500.573168
14		476208501.395137	476208564.058020
15		476208565.527259	476208619.915922
16		476208621.176388	476208691.253953
17		476208692.689064	476208762.358596
18		476208763.581017	476208851.053270
19		476208852.388617	476209018.947655
20		476209020.136247	476209088.585868
21		476209090.445480	476209167.957479
22		476209169.399674	476209243.745768
23		476209245.191492	476209323.534463
24		476209324.388535	476209406.006497
25		476209407.209348	476209473.927513
26		476209475.370265	476209597.675118
27		476209599.075218	476209675.596991
28		476209676.435077	476209748.096036
29		476209749.133745	476209836.423899
30		476209837.751342	476209941.147550
31		476209942.513299	476210024.203176
32		476210025.600605	476210089.023846
33		476210090.426101	476210159.661842
34		476210160.987988	476210209.881877
35		476210211.288859	476210273.436115
36		476210274.866619	476210310.021686
37		476210311.348288	476210361.225296
38		476210362.692453	476210440.063596
39		476210441.356334	476210592.690285
40		476210594.136085	476210680.612654
41		476210682.035220	476213968.002958
42		476213968.929806	476214376.860384
43		476214377.461773	476214503.918855
44		476214504.577877	476214624.893526
45		476214625.498826	476214734.567304
46		476214735.299102	476214836.507298
47		476214837.122211	476214993.101242
48		476214993.652733	476215104.291543
49		476215104.950563	476215149.911200
50		476215150.533291	476215202.062999
51		476215202.392014	476215258.986310
52		476215281.347763	476215525.584978
53		476215526.198072	476215667.427903
54		476215668.631605	476215777.384077
51.5		476215259.307841	476215280.936475
55		476215778.295158	476215892.192335
56		476215893.575972	476215975.665198
57		476215977.023221	476219083.730960
58		476219085.195118	476219429.988225
59		476219430.943139	476219577.281270
60		476219578.944919	476219692.755471
61		476219694.367455	476223899.837491
62		476223900.913985	476224000.658654
63	25	476224001.962470	476224084.444755
64	29	455604970.102823	455605065.283322
65	24	455722888.208371	455722986.794367
66	27	455778544.555176	455778657.792238
67	23	455861805.849885	455861901.015680
68	24	456119591.706704	456119680.519933
69	25	456209325.658113	456209444.436116
70		456380867.670476	456380869.264333
71	25	456380869.874859	456381033.029564
72		456466653.602425	456466755.311097
73	25	456466755.767618	456466892.418131
74	24	456725320.811589	456725433.624510
75		476224096.549398	476224211.505795
76		476224212.744192	476224294.561452
77		476224295.714120	476224396.267846
78		476224397.732651	476224482.873566
79		476224483.508459	476224561.228693
81		476224664.852817	476224796.077567
80		476224561.817139	476224664.119108
82		476224797.696129	476224872.781269
83		480254413.538195	480254414.459957
84		476224961.679124	476225124.727277
85		476225125.662602	476225418.276337
86		476225418.905754	476225558.985352
87		476225560.325160	476225654.025041
88		476225655.163996	476225759.674405
89		476225760.837099	476225883.098718
90		476225884.398744	476226021.525145
91		476226022.750975	476226176.527342
92		476226178.192361	476226284.547569
93		476226285.760156	476226412.276219
94		476226413.427755	476226543.968111
95		476226545.132550	476226676.451192
96		476226677.564588	476226753.539550
97		476226754.641301	476233151.904873
98		476233153.187462	476233240.312550
99		476233240.941878	476233335.886165
100		476233336.584398	476233495.613359
100.1		476233496.335852	476233523.382183
101		476233523.862581	476233627.488680
102		476233628.342306	476233709.844113
103		476233710.662436	476233799.116687
104		476233799.950867	476233910.490639
105		476233911.269852	476233985.962124
106		476233986.743475	476234075.635236
107		476234076.434832	476234142.537860
108		476234142.979514	476234223.674112
109		476234224.416180	476234307.633558
110		476234308.681263	476234364.620521
111		476234365.413231	476234432.374672
112		476234433.575856	476234496.462279
113		476234497.310715	476234526.864608
114		476234527.818492	476234553.516250
115	26	476234555.357341	476234571.726312
116	27	476631595.454310	476631789.136171
117	26	477203726.003456	477203915.437665
118	25	477808566.768237	477808731.436504
119	24	478415020.022249	478415168.094674
120	26	479008125.038913	479008272.005527
121	22	479628831.828371	479628940.145809
122	26	480254366.745252	480254375.465320
83.5	14	480254415.231114	480254504.618500
123	23	480831798.677853	480831976.812736
124		481434396.536307	481434396.536307
125	24	482069167.471671	482069302.290792
126	23	483197628.149979	483197771.111050
127	27	485411968.455771	485412140.126107
128	26	485533039.459984	485533175.954143
129	26	485698544.427544	485698717.040657
130	25	486563777.145208	486563901.683466
131	25	486880430.919785	486880579.341444
132	20	487491106.406266	487491938.570399
133	27	488091189.679131	488091366.727255
134	23	489216396.690094	489216535.429390
135	30	489954734.264590	489954896.235864
136	25	490537332.297098	490537478.301990
137	25	491123085.433293	491123227.823460
138	24	491720838.319196	491720964.317968
139		510594785.095912	510594856.564444
140		510594857.211535	510594946.769949
141		510594947.419382	510595010.241307
142		510595010.890100	510595239.172885
143		510595239.719933	510595418.353135
144		510595419.022201	510595605.332063
145		510595606.149821	510595719.870712
146		510595720.482430	510595820.841632
147		510595821.346602	510596156.246275
148		510596156.869682	510596303.938019
149		510596304.588054	510596442.395846
150		510596442.797500	510596533.035114
151		510596533.641533	510596620.907487
152		510596621.514100	510596728.215451
153		510596728.572370	510596930.844775
154		510596931.507893	510597145.792212
155		510597146.333177	510597277.384136
156		510597277.932504	510597363.691204
157		510597389.638107	510597609.704313
158		510597610.366214	510597695.279252
159	16	510597695.884479	510597859.022994
160	25	505605904.113326	505606005.790178
161	23	505714296.317233	505714468.267029
162	23	506238282.884820	506238422.446021
163	22	507702671.171308	507702674.408435
164	24	508641498.073618	508641563.768518
165	23	508051255.591568	508051349.719126
166		510597881.627437	510597941.943643
167		510597942.426964	510598018.123499
168		510598018.855832	510598189.045390
169	24	510598189.706833	510598239.978035
170	24	511070497.163177	511070677.297204
171	25	511679173.864603	511679290.453965
172	24	512275359.158845	512275507.824720
173	24	512889386.700343	512889526.892861
174	25	513489601.900280	513489769.768444
175	26	514076477.231084	514076604.603336
176	27	514697814.930451	514697958.429764
177	26	515302499.707289	515302707.552823
178	26	515896299.723988	515896407.412193
179		516517951.244196	516517951.244196
180	25	517120672.382498	517120821.361157
181	27	518075785.695188	518075926.927871
182	22	518322977.210006	518323083.780754
183	26	518934417.130523	518934575.402102
184	23	519535183.351950	519537681.565654
185	26	520176679.484988	520176828.196868
186	28	520922147.115462	520922244.563402
187	24	521718048.003570	521772595.297842
188	26	521865117.066951	521865299.013578
189	26	522637652.824339	522637876.171598
190	27	523191504.751349	523191625.897354
191		524378901.119320	524379012.679575
192	22	524379013.618186	524379095.108153
193	23	525007321.427084	525007432.386575
194	24	525585462.420424	525585581.596208
195	23	526225450.587516	526225552.124330
196		526825332.561373	526825430.160350
197	1	526825430.929214	526825437.441817
198	28	528005158.515502	528005364.251101
199		529244392.615468	529244619.883482
200	26	529244620.689370	529244710.313057
201	25	529851549.157097	529851663.566514
202	23	530421717.166497	530421831.229733
203	25	531058797.026338	531058995.844342
204	25	531637279.650745	531637414.769037
205	29	532368430.009023	532368706.247075
206	25	532889768.978204	532889872.225944
207	25	533741005.825048	533741236.336301
208		534778944.164860	534779060.016440
209	26	534779060.694214	534779174.444392
210	29	535300261.718573	535300429.354081
211	23	535967943.100086	535968022.987397
212		537167698.841835	537167800.132245
213	20	537167800.555608	537167877.538118
215		541368594.624464	541369265.495486
214	26	538375550.949666	538375658.545768
216		541369266.152449	541369357.233915
217		541369357.919957	541369444.037920
218		541369444.558168	541369535.243063
219		541369535.794930	541369656.465665
220		543359712.131276	543359905.671869
221		543359906.355148	543360044.896750
222	36	543360045.860725	543360205.173077
