1	557947957.221547
z03mangahere	Pochamani	28	553472743.191029	L	http://www.mangahere.cc/manga/pochamani/	553472743.191029
1	50	421910262.226385	421910561.553681
2		421910566.884717	421910768.497830
3		421910769.841471	421910912.843509
4		421910914.633408	421911004.484485
5		421911006.531553	421911149.696936
6		421911151.589956	421911228.470155
7		421911229.825207	421911371.733436
8		421911373.189297	421911518.844324
9		421911520.473386	421911588.850213
10		421911590.580107	421911641.155145
11	24	421911642.906064	421911700.814123
12		438819687.929277	438819687.929277
13	25	439476101.722554	439476210.194184
14		439707649.189351	439707649.189351
15		445463168.862812	445463287.963943
16	30	445463288.521441	445463368.713010
17	29	446099514.849026	446099744.040418
18	29	447221980.133052	447222098.465879
19	37	449040824.013476	449040989.539591
20	33	450589838.141584	450590047.374941
21	31	467479793.548020	467479924.852650
22	32	507276720.698714	507276954.834544
23	32	510182820.133061	510182937.769043
24	33	518367820.514115	518367895.705745
25	36	525621359.838521	525621494.314272
26	31	537720819.961283	537720892.190301
27	32	545597670.442511	545597853.640086
28	31	553472743.191029	553472890.150794
