1	515896066.175607
z03mangahere	Our Relationship Is...	69	508914499.171193	B	http://www.mangahere.co/manga/our_relationship_is/	508914499.171193
0		469471178.894007	469471254.236712
1		469471255.919134	469471357.095044
2		469471358.020638	469471456.212423
3		469471458.112436	469471541.029645
4		469471542.282852	469471642.519675
5		469471644.211510	469471700.509163
6		469471702.439981	469471780.864563
7		469471782.362913	469471913.086717
8		469471914.446726	469472032.919739
9		469472034.596833	469472155.130359
10		469472156.410574	469472232.971185
11		469472234.791455	469472307.226350
12		469472309.633734	469472408.134420
13		469472411.422635	469472501.775570
14		469472503.913017	469472558.248473
15	17	469472561.173452	469472644.361012
16	16	471022914.632104	471023041.717969
17	20	473005386.159685	473005537.260842
19	20	476348277.290955	476348376.313448
20		477294014.720692	477294849.600625
21	18	477294849.951483	477295057.546338
18	17	477321085.360850	477321267.203529
19.5	12	477550533.270864	477550663.992863
22		480060594.391263	480060760.516413
23	17	480060760.867922	480060872.329021
24		482763369.374506	482763504.695054
25		482763505.487697	482763935.966854
26		482763937.045405	482764044.223555
27	16	482764045.331512	482764517.605234
28	18	486450558.973879	486450703.206981
29	19	488724598.125651	488724692.441099
32		493883218.007268	493883372.341052
33	15	493883373.093088	493883457.970538
30		493913337.042398	493913451.247611
31	19	493913452.424379	493913618.068729
34		495860058.880372	495860199.395688
35		495860200.011895	495860319.687319
36		495860320.340060	495860370.608358
37		495860371.317104	495860441.228258
38		495860442.148818	495860573.160120
39		495860574.319766	495860663.264843
40	18	495860664.206123	495860733.614276
41	23	496156010.955018	496156134.683610
42	20	496759673.795261	496759835.163216
43		497595612.132791	497595722.730917
44	18	497595723.567181	497595864.198957
45	24	498023762.886926	498024010.486505
46	24	498371674.201120	498371852.723102
47	20	498549374.999863	498549561.810082
49	23	499180742.422191	499180891.522288
50	20	499579430.955139	499579562.546741
51	24	499787322.832951	499787414.618980
48		500262472.279374	500262472.279374
52	23	500262478.840494	500262599.416744
53	23	500390512.587499	500390647.928048
54		501010372.736848	501010486.839439
55	20	501010487.190191	501010589.296707
56		502383329.622272	502383458.515586
57		502383459.205527	502383580.723413
58		502383581.448421	502383715.932398
59	25	502383716.653205	502383869.863749
60		503024802.956035	503072670.572116
61	23	503072671.075814	503072855.372855
64		506844366.792263	506844508.742549
65		506844509.391080	506844661.569060
66		506844662.780404	506844793.261572
67	23	506844795.368293	506844974.885616
63		506927326.923064	506927326.923064
62		506927327.357550	506927327.357550
68	24	508772329.865257	508772650.766963
69	21	508914499.171193	508914647.420213
