1	554876430.016931
z03mangahere	Jitsu wa Watashi wa	196.9	554876388.654736	L	http://www.mangahere.cc/manga/jitsu_wa_watashi_wa/	554876388.654736
1		424412301.851923	424412648.631228
2		424412650.366835	424412838.881298
3		424412840.822831	424412998.711598
4		424413000.563990	424413252.199777
5		424413253.396230	424413407.746115
6		424413408.079081	424413512.388373
7		424413513.902148	424413616.496983
8		424414006.341888	424414106.505435
9		424414108.036884	424414200.930110
10		424414202.243247	424414318.507043
11		424414319.736289	424414431.116245
12		424414432.070417	424414534.258418
13		424414536.173810	424414645.517780
14		424414647.252688	424414893.439405
15		424414895.144681	424415003.231476
16		424415005.173876	424415117.874535
17		424415119.656510	424415227.332906
18		424415228.366445	424415446.069017
19		424415448.062557	424415503.073914
20		424415504.788129	424415587.681118
21		424415588.527278	424415648.053256
22		424415648.379989	424415770.613246
23	21	424415772.156224	424415845.578512
24	21	426229382.875409	426229497.374000
25	22	426367556.278716	426367691.863620
26	26	427441297.684371	427441390.659057
27	23	428569444.110096	428569546.711967
28		428816859.705897	428816983.245668
29	21	428816984.506825	428817059.522220
30	21	428847931.359914	428848051.859503
31	21	429200109.649135	429200245.971378
32	15	429312159.711766	429312360.294514
33	23	430016221.184671	430016349.004481
34	22	430368651.682619	430368733.889977
35	3	430919676.829086	430919694.977251
36	23	431158128.616959	431158196.127249
37	20	431957235.294311	431957298.662697
38		432705505.576103	432705646.212474
39	21	432705649.353504	432705754.737391
40		433224310.431208	433224458.581082
41	22	433224459.751199	433224603.553732
42	21	434257835.612411	434258066.829170
43		434344260.673382	434344454.066025
44	1	475863074.898761	475863075.948730
45	21	434752000.179369	434752150.555572
46	20	434917362.153171	434917444.233355
47	21	435174362.553623	435174481.305537
48	21	435300006.275638	435300167.412720
49	21	435553508.013604	435554520.742926
50	23	436403543.715082	436403619.163644
51	22	437342068.893999	437342392.456767
52	11	438415436.203677	438415517.690982
53		439707833.358104	439707833.358104
54	1	440225245.184458	440225246.718793
55		440352809.496045	440352809.496045
56	21	441308976.853827	441309083.861556
57	21	441698804.494648	441698976.153791
58	21	441907324.338101	441907547.401027
59	1	442290059.079222	442290060.690602
60	1	443133319.461753	443133320.988936
61	23	443198553.528506	443198734.748105
61.5	5	443451297.098236	443451312.722592
62	26	444023249.129039	444023391.467198
63		444368765.385930	444368929.198611
64	22	444368929.788225	444368995.940120
65	21	445067724.110250	445067798.609665
66	21	445506273.164653	445506417.423392
67	22	445663607.079972	445663717.293687
68	21	446024825.059593	446025007.191036
69	21	446361993.955684	446362171.957038
70	20	446793316.730006	446793452.970548
70.5	5	447138425.986508	447138474.923174
71	23	447166714.875056	447166821.702085
72	23	447734884.115887	447735076.520304
73	19	448291663.889458	448291916.746236
74		449300141.948899	449300141.948899
75	3	449717573.047514	449717602.949614
76	19	450590052.948078	450590171.149851
77	26	451142979.972338	451143108.889346
78	20	452129689.734729	452129795.921826
79	20	453776670.791059	453776783.268760
79.5	6	454020168.944917	454020233.478174
80	18	454961951.600277	454962045.276980
81		455603439.713594	455603439.713594
82		456033905.380602	456033905.380602
83	21	456848243.141440	456848432.181312
84	20	457397790.820276	457397937.778544
85	20	458456054.053930	458456138.504764
86	16	459055379.624897	459055486.935433
87	20	460612645.508957	460612905.427852
88	20	461591669.369520	461591796.324116
89		462973293.535673	462973406.662686
90	21	462973408.325739	462973492.810063
91		464183097.639954	464183097.639954
92		464273304.744728	464273304.744728
88.5		464274380.732782	464274380.732782
93		464787549.040090	464787549.040090
94	20	465402225.069662	465402511.734840
95	20	465973693.932096	465973889.848947
96	20	466585855.025675	466585976.693083
97		467207810.217642	467208047.202659
97.1	3	467208047.884148	467208055.055807
98	25	468006028.147269	468008805.384121
25.5		468008811.745519	468008811.745519
16.5		468008811.745519	468008811.745519
7.5		468008811.745519	468008811.745519
99	20	468390016.539667	468390137.946837
100	22	469111056.929630	469111380.015561
101	20	469602785.583102	469602929.218822
102	20	470209373.760854	470209572.613762
103	20	470904788.818680	470904982.971639
104	20	471420457.114447	471420653.026688
105	22	472028115.225029	472028275.169386
106	20	472628653.160403	472628799.638207
106.5		472628801.182109	472628801.182109
107	26	473234317.429732	473234481.408690
108	21	473832268.760406	473832411.778116
109	22	474442538.841657	474442693.265964
110	20	475679189.667943	475679679.907329
34.5	4	475863040.801269	475863062.730045
43.5		475863068.288905	475863074.091431
52.5	3	475863079.293203	475863103.699668
111	20	476259528.619294	476259670.337884
112	20	476894054.566810	476894258.819286
113	20	477494485.074076	477494687.611274
114	19	478073752.638381	478073873.663447
115	22	478678304.189347	478678606.325955
116	1	480517183.606708	480517184.972066
117	20	479919323.856698	479919542.558261
115.5		480517143.337013	480517182.457381
118	19	481100832.420897	481100965.859594
119	21	481698232.951060	481698460.722338
120	20	482300343.737635	482300518.768037
121	21	482894013.548992	482894179.410066
122	20	483508934.880778	483509116.592159
123	20	484114837.375996	484115081.071348
124	19	484750939.220616	484751366.565287
125	26	485325387.456636	485325598.706040
126	18	485925198.145119	485925308.073539
127	20	486533300.874559	486533470.289048
128	19	487138326.920793	487138540.481133
129	18	487782467.680178	487782649.991820
130	21	488351494.781156	488352119.640739
131		488954863.862649	488954960.149383
132	21	488954961.238932	488955141.111414
133	19	489587493.388407	489587704.421004
134	20	490162891.040916	490163149.435373
135	20	490805219.235577	490805396.105340
136	20	491373444.609533	491373698.600350
137	20	491979377.810559	491979579.009543
133.5		492588248.091967	492588248.091967
124.5		492588248.091967	492588248.091967
115.9		492588248.091967	492588248.091967
138	20	493188234.643921	493188425.966033
139	20	493787839.051927	493788063.394604
140	20	494400684.266873	494400893.573989
141	19	494994875.689503	494995442.139108
142	19	495597547.233065	495597752.497419
143	24	496905823.083274	496906031.224555
144	19	497428114.617787	497428322.116913
145	20	498023572.227047	498023725.997390
146	21	499239193.595811	499239382.883249
147		499843037.694995	499843037.694995
148	20	501053151.209754	501053325.421509
149	20	501671460.207410	501671590.736478
150	20	502261839.782563	502262099.471521
151	18	502897033.737398	502897159.726031
152	1	504716868.902057	504716870.545199
153	19	504077166.538687	504077382.510683
142.5	8	504716738.837983	504716803.257986
151.5		504716807.510113	504716868.044252
154	20	506493408.375099	506493511.189472
155	20	507099359.367370	507099588.456097
156	20	507702687.518246	507703227.504891
157	20	508308579.244054	508308750.332508
158	22	508914656.387050	508914812.334811
159	20	509514788.852834	509514944.298697
160	20	510156084.441785	510156193.484729
161	19	510725859.395604	510725970.360326
162	21	511325567.661768	511325692.052463
163	21	511937364.125043	511937536.825452
160.5	3	512538596.627031	512538650.648103
164	19	513142574.032900	513144031.418855
165	20	513780456.343570	513780676.748784
166		514992829.848446	514992835.159063
167	20	514992850.151070	514993018.166937
168	18	515561669.590772	515562143.353515
169	20	516176091.868613	516176276.932434
170	20	516774327.630289	516775767.279362
171	18	517376924.048382	517377139.452824
172		518075932.620503	518075932.620503
173	20	518588702.061186	518588903.156955
174	20	519194062.720798	519194213.488801
175	20	519804030.440295	519804503.214246
176	18	520404227.523444	520404399.592390
177	20	521026685.052446	521026813.291729
178	18	521882693.666144	521882884.517656
179	20	522240699.162754	522240835.233921
180	18	522832329.362300	522832478.967559
181	20	523455316.385116	523455518.584694
182	19	524055792.309442	524056020.191699
183	20	524657342.025114	524657515.041247
169.5	3	525266671.563387	525266705.969717
178.5	5	525266710.012631	525266776.896330
184	18	525874007.198938	525874482.667490
185	20	526473988.310710	526474101.404222
186	17	527082908.026589	527083041.956357
187	23	527745823.265235	527745984.367812
187.5	3	528034583.864961	528034604.949574
188	21	528296375.269818	528296501.008005
189	17	528989681.183592	528989860.063741
190	17	529474527.663454	529474597.321192
191	20	530108212.818187	530108406.845674
192	19	530680973.775321	530681186.270863
193	18	531404362.095224	531404650.958828
194	20	531928951.210555	531929176.583750
195	18	532542674.347903	532542824.670741
196		554876253.524449	554876382.813578
196.5		554876383.415915	554876388.335572
196.9	22	554876388.654736	554876428.270220
