1	555527111.482063
z03mangahere	Akagami no Shirayukihime	97	551069409.213327	L	http://www.mangahere.cc/manga/akagami_no_shirayukihime/	551069409.213327
15	10	417415365.613488	417415374.920899
1		432012137.216408	432012152.138254
2		432012509.807848	432012704.135192
3		432012705.473468	432012822.628467
4		432012823.951731	432013561.991864
4.1		432013563.300592	432013574.964054
5		432098705.162437	432098756.230104
6		432098757.441998	432098935.011921
7		432099280.672151	432099381.732345
8		453184750.129266	453184755.000749
8.1		453184755.215338	453184780.872918
9	7	453184781.132957	453184845.028956
19		464010638.128554	464011490.839636
20		464071975.605679	464072174.160787
30		464246455.137087	464246455.137087
23		464198905.540663	464198905.540663
22		464198797.879903	464198904.843954
21	7	464198666.532211	464198666.532211
17		463989786.163949	463990012.811509
17.5		464009893.771548	464009942.401624
16		464009720.591341	464009720.591341
14		464009720.591341	464009720.591341
13		464009720.591341	464009720.591341
12		464009720.591341	464009720.591341
11		464009720.591341	464009720.591341
10		464009720.591341	464009720.591341
18		464009943.047490	464010637.710141
24		464207254.369375	464207254.369375
25		464199263.268269	464199263.268269
26		464199357.279688	464199357.279688
27		464245874.622721	464245874.622721
28		464246126.763205	464246126.763205
29		464246295.211896	464246295.211896
31		464246579.245183	464246579.245183
31.5		464246697.705631	464246697.705631
32		464246720.273937	464246720.273937
33		464284736.598678	464284736.598678
34		464284808.073757	464284808.073757
35		464284982.358188	464284982.358188
36		464285070.207437	464285070.207437
37	15	464285115.507264	464285130.637777
38		464285187.692009	464285187.692009
39		464285256.793551	464285256.793551
39.5		464285329.334109	464285329.334109
40		464285346.291165	464285386.409539
41		464285387.196249	464285387.196249
42		464285486.628261	464285486.628261
43		464285692.091556	464285692.091556
44	14	464301409.203228	464301409.203228
45			464302014.046867
46		464302173.442165	464302173.442165
47		464302270.786556	464302270.786556
48		464310080.783801	464310080.783801
49		464310204.910897	464310204.910897
50		464310342.946886	464310342.946886
50.5		464333444.069882	464333444.069882
51		464333518.982544	464333518.982544
52		464333599.277358	464333599.277358
53		464335580.973319	464335580.973319
54		464543616.588015	464543616.588015
55		464543695.435717	464543695.435717
56		464543837.395045	464543837.395045
57		464543940.123445	464543940.123445
58		464544015.832359	464544015.832359
59		464544069.331858	464544069.331858
60		464544176.154434	464544176.154434
60.5	2	464544221.471631	464544226.293774
61		464544315.581341	464544315.581341
62		464544376.490806	464544376.490806
63		464544433.396161	464544433.396161
64		464544597.415766	464544597.415766
65	1	464544638.808040	464544643.296602
66		464544714.566754	464544714.566754
66.5		464544795.363350	464544808.519959
67		464544808.944183	464544845.587884
68		464544846.443239	464544846.443239
69	32	464544949.025812	464544993.092911
49.2	11	469254210.902362	469254221.631140
49.1	8	469428512.213093	469428565.074697
70		471531248.520456	471531411.435002
71	31	471531412.999002	471531465.329832
72	30	474300696.494433	474300822.236333
73	31	476721558.916757	476721690.428462
73.5	16	480427858.909946	480427910.104965
74	32	480948725.087384	480948770.438243
74.1	14	482073792.815643	482073834.768076
75	32	483283728.039489	483284079.993215
76	17	485876698.771071	485876753.636919
77	29	492325074.032655	492325154.774635
78		495048072.005929	495083992.282189
79	32	495083992.667681	495084102.302731
79.5	12	499208035.360756	499208076.074268
80	29	499579265.448978	499579423.662776
81	30	501136560.304023	501137365.710441
82	33	504077035.950564	504077159.220725
83		507831969.941588	507832026.945769
84	2	507832027.286189	507832032.657651
85	31	516116020.061084	516116128.639436
65.1	13	518724818.576641	518724856.930388
65.2	42	518724912.487931	518724934.292223
86	31	520489948.684195	520490297.439306
87	30	521773541.969800	521773611.153278
88	29	522306553.631652	522306631.378268
89	29	524056381.951762	524056501.227584
87.5	13	524056503.311363	524056542.806388
90	16	526487241.706618	526487409.535895
91	28	531591138.062363	531591274.049507
92	28	534352793.031637	534352985.754502
93	31	538326814.673094	538326997.311515
94	31	540742878.182428	540743218.780012
95	31	543160656.536734	543163459.460118
96	31	548286652.906195	548287183.015879
97	33	551069409.213327	551069700.496623
