1	558977234.150843
z03mangahere	Sensei Lock-On!	31	541222097.044818	L	http://www.mangahere.cc/manga/sensei_lock_on/	541222097.044818
0		513009238.614354	513009283.446407
1		513009284.147167	513009406.333608
2		513009406.670905	513009462.658159
3		513009463.031106	513009553.030496
4		513009553.660618	513009585.599095
5		513009586.044547	513009650.603667
6		513009651.228285	513009700.873339
7		513009701.448312	513009761.726627
8	1	513009798.682124	513009802.517244
9		479879900.286420	479879990.638623
10		479879991.788100	479880086.578173
11		479880087.209746	479886147.643961
12		479886148.675929	479886264.753652
13		479886265.854050	479886353.073811
14		479886354.179529	479886447.679966
15		479886448.920473	479886646.809609
15.5		479886648.981347	479886779.568441
15.9		479886780.798845	479886802.986540
16	9	483551730.733652	483551736.915549
17	6	504898047.679154	504898157.683551
18	7	506238867.107624	506239062.155262
26	7	538607746.058129	538607830.544257
27	7	538940467.268632	538951281.370521
28	7	539445002.020769	539445044.263054
29	7	540015796.748622	540015898.384615
30	6	540629188.860083	540629255.425137
31	14	541222097.044818	541225831.841307
22		541231858.430889	541231858.430889
25		541260339.567876	541260339.567876
24		541260339.567876	541260339.567876
23		541260339.567876	541260339.567876
21		541260339.567876	541260339.567876
20		541260339.567876	541260339.567876
19		541260339.567876	541260339.567876
