1	513263684.527067
z03mangahere	Taihen Yoku Dekimashita.	11	513263620.223472	L	http://www.mangahere.co/manga/taihen_yoku_dekimashita/	513263620.223472
1		481830016.673097	481830190.509574
2		481830191.680735	481830529.439317
3		481830530.639748	481836373.242325
4		481836374.474927	481836467.996718
5		481836468.689589	481837184.061621
6		481837185.426753	481837259.281995
7		481837259.957256	481837398.223212
8		481837398.763508	481837468.195579
9	27	481837468.747524	481837546.469289
10	27	487836921.697648	487836985.513079
11	27	513263620.223472	513263684.515719
