1	556219226.613795
z03mangahere	Rike ga Koi ni Ochita no de Shoumeishitemita	11	550725135.923642	L	http://www.mangahere.cc/manga/rike_ga_koi_ni_ochita_no_de_shoumeishitemita/	550725135.923642
1		488865784.900726	488865784.900726
2	20	489673540.753086	489673899.302820
3	21	492827542.996606	492827687.135235
4	19	493650160.881440	493650328.041787
4.5	7	495039445.771751	495039481.364744
5		497161642.550995	497161642.550995
6	20	511888939.191038	511889059.672434
7	19	520178637.120169	520178761.238976
7.5		528214887.037390	528214948.652984
8	21	528214951.395981	528215026.784172
8.5	6	545008498.745117	545008533.991397
9	20	545165812.282868	545174167.593009
10	22	546586465.140034	546586641.937460
11	24	550725135.923642	550725337.788092
