1	552515789.390071
z03mangahere	Torikago no Tsugai	21.5	552515769.373831	L	http://www.mangahere.cc/manga/torikago_no_tsugai/	552515769.373831
1		398952163.202507	398952697.441188
2		398952697.619436	398952892.842175
3		399007943.686963	399008119.889320
4		399008120.047635	399008361.789203
5		399008361.924905	399008508.207673
6	34	399008508.356051	399008619.222553
7	39	401371216.190079	401371368.894058
8	34	403529914.134767	403530748.468907
9	46	405000709.967453	405000871.386248
10	38	406787517.617080	406787741.731353
11	38	414336110.261008	414336253.951187
12	34	422846832.745671	422846915.284248
13	40	424591173.687998	424591284.178408
14	28	443768974.755829	443769107.897898
15	40	447427473.956418	447427620.176108
16	29	451915336.566927	451915400.959458
17	31	452662531.993318	452662608.932495
18	34	456559688.159483	456559830.437249
19		462685244.825597	462685322.432538
20	43	462685323.139601	462685378.847256
21	54	469173182.330281	469173281.552058
21.5	7	552515769.373831	552515787.963449
