1	555593855.079302
z03mangahere	Chuusotsu Roudousha kara Hajimeru Koukou Seikatsu Roudousha	11	555593660.646198	L	http://www.mangahere.cc/manga/chuusotsu_roudousha_kara_hajimeru_koukou_seikatsu_roudousha/	555593660.646198
1		494142375.771501	494142701.083634
2	37	494142702.170775	494142874.649306
3		494173156.551070	494173308.500501
4		494173310.045948	494173388.655753
5	39	494173411.482397	494173533.368189
6	39	497595437.836360	497595607.515373
7	38	500745684.921351	500745829.345455
8	60	517294511.556719	517294770.771155
9	42	532369097.326928	532369387.074507
10	39	551021927.345761	551022074.949882
11	41	555593660.646198	555593852.996535
