1	558976136.644639
z03mangahere	Rebirth Knight	20	473371058.491837	L	http://www.mangahere.cc/manga/rebirth_knight/	473371058.491837
1		459611300.185993	459611436.019707
2		459611436.172343	459611555.486316
3		459611555.714967	459611642.269583
4		459611642.425919	459611740.853319
5		459611741.012312	459611823.419889
6		459611823.573037	459611917.819491
7		459611918.018026	459611995.236148
8		459611995.386673	459612137.302800
9		459612137.445010	459612210.586327
10		459612210.793736	459612327.952722
11		459612328.108793	459612406.003201
12		459612406.189672	459612478.852712
13		459612479.027972	459612525.836428
14		459612526.001809	459612608.219407
15		459612608.402705	459612740.202992
16		459612740.401489	459612959.986373
17	9	459612960.191754	459636690.370604
18	25	468096008.016808	468096075.470868
19	22	468721629.220986	468721728.189331
20	22	473371058.491837	473371130.539373
