1	528668007.757041
z03mangahere	Shishunki no Iron Maiden	41	441521690.510093	L	http://www.mangahere.com/manga/shishunki_no_iron_maiden/	441521690.510093
1		397593562.338061	397593753.435185
2		397593754.008193	397593868.485199
3		397593868.982232	397593997.451856
4		397593998.001743	397594083.718547
5		397594084.324788	397594150.468558
6		397594150.986007	397594254.885479
7		397594255.438473	397594405.951922
8		397594406.284760	397594528.451962
9		397594528.964862	397594610.718525
10		397594611.289878	397594724.837287
11		397594725.362872	397594779.935307
12		397594780.451179	397594856.818642
13		397594857.358736	397594955.168548
14	23	397594955.763252	397595033.255320
15	20	398923310.432551	398923411.878303
16		402893919.289375	402894052.980101
17	21	403286938.040750	403286965.587382
18	21	406212520.298083	406212619.535560
19	21	406273418.966404	406273507.117995
20	22	406471238.170612	406471353.345127
21	24	406817269.377964	406817396.467532
22	21	406910037.454790	406910157.295397
23	21	409638576.568593	409638653.796708
24		410250137.000876	410250137.000876
25		412235090.686648	412235090.686648
26	21	412844223.577141	412844353.010425
27	22	413469498.623225	413469569.524615
28	23	413524459.358565	413524655.384350
29	24	415111188.084409	415111341.501472
30	20	417058118.540908	417058217.585879
31	25	418101269.825605	418101365.113215
32	20	419882246.224432	419882357.130413
33	23	421362168.798066	421362268.171937
34	24	424272062.805633	424272174.637403
35	18	434917288.380146	434917353.599020
36	22	435900692.958002	435900790.284680
37	23	439184802.053981	439184942.409270
38	1	440294028.903873	440294030.595172
39		441214360.139199	441214445.584340
40	23	441214446.118844	441214526.001051
41	26	441521690.510093	441521839.772665
