1	556727470.424867
z03mangahere	Black Torch	12	549471261.913622	L	http://www.mangahere.cc/manga/black_torch/	549471261.913622
1		534751188.193066	534751445.056716
2		534868140.068026	534868563.082290
3		534868563.715014	534868792.275923
3.5		534868792.929074	534868817.346639
4		536652491.338795	536652494.263925
5		536652494.591442	536652757.897198
6		536652758.650004	536652855.434818
7		536652855.889783	536653785.101033
8	-	536653785.725599	536653788.773871
9		536653791.262165	536654495.085719
10	45	536654495.689668	536654640.377617
11	46	540706810.819818	540706946.384145
12	48	549471261.913622	549471383.188114
