1	464536903.412708
z03mangahere	Mondaijitachi ga Isekai kara Kuru sou desu yo? Z	18	420083924.695600	L	http://www.mangahere.com/manga/mondaijitachi_ga_isekai_kara_kuru_sou_desu_yo_z/	420083924.695600
9		399266715.721642	399266963.822563
10		399266963.905244	399267146.199204
11	27	399267146.314075	399267267.759182
12	4	399902947.592346	399957997.516515
8		399958002.425209	399958002.425209
7		399958002.425209	399958002.425209
6		399958002.425209	399958002.425209
5		399958002.425209	399958002.425209
4		399958002.425209	399958002.425209
3		399958002.425209	399958002.425209
2		399958002.425209	399958002.425209
1		399958002.425209	399958002.425209
13	35	405041827.853661	405041923.952591
14		410334263.853162	410334386.912133
15	35	410334386.992530	410334515.276160
18	34	420083924.695600	420083979.603117
