1	555605986.882791
z03mangahere	Guomin Laogong Dai Huijia	26	539207994.952128	B	http://www.mangahere.cc/manga/guomin_laogong_dai_huijia/	539207994.952128
1		502836038.024570	502836108.369500
2		502836108.797852	502836155.439677
3		502836155.789076	502836195.274825
4		502836228.821613	502836254.982000
5		502836255.368678	502836315.935459
6		502836316.556391	502836377.689497
7	10	502836378.402109	502836409.551066
11	10	512146963.639528	512147000.882826
12		512749590.274914	512749592.090667
13		512749592.512335	512749634.726566
14	18	512749635.305173	512749679.111933
10		512749682.805725	512749682.805725
9		512749682.805725	512749682.805725
8		512749682.805725	512749682.805725
15	26	513263363.631806	513263476.326747
16		515510975.995544	515511101.212356
17	18	515511102.038063	515511237.911516
18	10	519490113.047413	519490148.235710
19		522794277.337670	522794290.409147
20	10	522794290.435967	522794303.930772
21	10	527092593.475190	527092621.281399
22		539155813.613062	539155861.918121
23		539207921.004247	539207942.245619
24		539207942.611762	539207963.661370
25		539207969.525634	539207994.396096
26	11	539207994.952128	539208006.411851
