1	558979104.131830
z03mangahere	Sui Youbi	28	552976999.823924	L	http://www.mangahere.cc/manga/sui_youbi/	552976999.823924
26	26	522745304.873730	522745391.898839
0.5		461793386.953290	461793406.152688
1		461793407.098003	461793445.122662
2		461793446.115639	461793495.508858
3		461793496.688261	461793634.061472
4		461793635.404492	461793721.343271
5		461793722.662740	461793775.997564
6		461793777.065473	461794033.366863
7		461794034.802110	461794068.111662
8	1	461794069.268168	461794071.984052
9	28	462078927.713186	462079040.165521
10	12	462423141.593638	462423193.856186
11	-	462685384.135069	462685386.488303
12	14	463899505.301129	463899591.400677
13		464499482.064717	464499482.064717
14		464585384.661379	464585384.661379
14.1		464787876.376764	464787876.376764
15	27	468217842.217437	468217958.672821
16	34	471682918.143550	471683085.077188
17	12	477321028.119872	477321079.605950
18	14	482990273.941944	482990362.598352
19	-	485412579.803827	505725035.007994
20	20	487836742.172898	487836914.806006
21	14	488905061.271361	488905147.040992
22	26	489673347.752203	489673535.024395
22.5	9	490078309.403154	490078353.224658
23	27	503524446.322549	503532052.443556
24	34	505724899.245727	505725032.857404
25	14	506321057.507851	506321228.273444
27	31	548690327.977406	548690464.239024
28	34	552976999.823924	552977160.725433
