1	548857416.087568
z03mangahere	Choegang Geunyeo	17	548857301.874380	B	http://www.mangahere.cc/manga/choegang_geunyeo/	548857301.874380
1		516298767.433001	516298826.137043
2		516298826.753982	516298925.826411
3		516298926.433179	516299062.354250
4		516299063.130725	516299158.844416
5		516299159.701546	516299244.266232
6	7	516299244.980570	516299313.596882
7		519020625.385411	519020628.290227
8	5	519020628.671489	519020739.012002
9	8	520267086.896501	520267160.452836
10		523378741.951520	523378744.107635
11	9	523378744.612507	523378868.112359
12	9	525360296.468275	525360405.772283
13		526997295.415160	526997419.590870
14	8	526997420.694362	526997479.400835
15	12	531371756.250872	531371868.226339
16	9	532927801.502177	532927933.933830
17	10	548857301.874380	548857414.453863
