1	553781775.846050
z03mangahere	Greatest Outcast	41	531155661.129705	B	http://www.mangahere.cc/manga/greatest_outcast/	531155661.129705
1		492584857.951088	492584981.574309
2		492584982.658505	492585123.651107
3		492585124.327807	492585234.924858
4		492585235.621044	492585329.831234
5		492585330.559532	492585431.654047
6		492585432.358938	492585513.976164
7		492585514.761270	492585618.433412
8		492585663.019581	492585751.625578
9		492585752.373182	492585875.220147
10		492585878.116678	492585947.321684
11		492585948.470600	492586048.478466
12		492586049.230784	492586127.563810
13		492586127.946376	492586253.291973
14		492586254.014875	492586353.648620
15		492586354.440370	492586484.223635
16		492586485.034600	492586708.149869
17		492586709.362978	492586812.990261
18		492586813.726032	492586935.131657
19		492586950.266942	492587343.573296
20		492587344.456242	492587445.548513
21		492587446.331059	492587542.006289
22		492587543.134702	492587626.244940
23		492587626.970058	492587705.633597
24		492587706.825234	492587768.337713
25		492587769.504893	492587869.977631
26		492587870.786920	492587951.902698
27		492587953.254176	492588041.671890
28		492588043.010013	492588125.277684
29	23	492588126.483207	492588231.994659
30	25	493176926.270592	493177033.098257
31	24	493740724.525813	493740804.185416
32	23	494400590.038804	494400674.108577
33	24	494949092.612770	494949189.986391
34	27	495556951.352359	495557055.268456
35	28	496188165.372123	496214630.073494
36	25	496794199.177516	496794302.788044
37	29	497384686.246895	497384802.919736
38	28	497975732.538160	497975816.367488
39	28	498576976.851073	498577075.932221
40	29	499199923.553992	499200058.408428
41	24	531155661.129705	531155753.181876
