1	558987554.345582
z03mangahere	Yuki to Sumi	11	544711827.918827	L	http://www.mangahere.cc/manga/yuki_to_sumi/	544711827.918827
1		538202938.399367	538203206.528949
2		538203207.239564	538203290.746997
3		538203296.174836	538206806.287699
4		538206806.622050	538206878.323085
5		538206878.651885	538207709.913570
6		538207710.525647	538207780.532909
7	14	538207781.175600	538207862.352722
8	21	540100669.963568	540100756.650030
10	15	543906705.033899	543906773.540601
11	19	544711827.918827	544711930.372501
