1	556686047.483488
z03mangahere	Gekkan Shoujo Nozaki-kun Anthology	9	459611174.078604	L	http://www.mangahere.cc/manga/gekkan_shoujo_nozaki_kun_anthology/	459611174.078604
1		451800070.627718	451800291.726082
2		451800292.310254	451800335.379324
3		451800335.932673	451800370.249006
4		451800370.860495	451800446.307286
15		451800446.911008	451800455.871538
16	10	451800456.139802	451800520.449348
5	11	455146178.102243	455146300.777966
6	7	455176502.074148	455176557.087857
7	10	456717586.516052	456717686.559865
8	9	459530132.821380	459530245.669763
9	4	459611174.078604	459611293.471417
