1	555005377.630751
z03mangahere	Kyoudai hodo Chikaku Tooimono wa Nai	31	525640729.185586	L	http://www.mangahere.cc/manga/kyoudai_hodo_chikaku_tooimono_wa_nai/	525640729.185586
1		476773604.307658	476773604.307658
2		476773608.291061	476773623.283739
3		476773624.120211	476773636.301272
4		476773637.175486	476773704.572577
5		476773705.729026	476773797.795425
6		476773798.888613	476773856.282537
7		476773857.366018	476773939.688184
8		476904984.885420	476905143.218691
9		476905144.125730	476905237.991327
10		476905239.012491	476905334.747642
11		476905335.303002	476905396.100768
12		476905397.148619	476905511.442577
13		476905512.350991	476905582.897430
14		478024468.713209	478024527.011484
15		478024527.520418	478024614.501050
16		478024614.877193	478024681.239233
17		478024681.916531	478024777.745650
18		478024778.151621	478024829.648973
19		478024830.316482	478024885.019254
20		478024887.056807	478024950.801055
21		478024951.404774	478024998.402414
22		478027792.383010	478027873.964960
23		478027874.254078	478027909.184612
24		478027909.509342	478027955.188347
25		478027955.879745	478027985.522962
26		478027985.861230	478028085.446149
27		478028085.973304	478053577.230982
28		478053577.829535	478053634.360924
29		525640577.640492	525640652.876221
30		525640653.459324	525640728.490971
31	1	525640729.185586	525640732.620698
