1	499208821.252164
z03mangahere	Suki tte Iwaseru Houhou (NAGATA Masami)	8	400562580.220981	L	http://www.mangahere.com/manga/suki_tte_iwaseru_houhou_nagata_masami/	400562580.220981
1		400391704.967149	400392012.104199
2		400392012.677126	400392240.187412
3		400450548.866870	400450779.241692
3.5		400561874.418389	400562008.288451
4		400562008.394416	400562269.304309
5		400562269.413319	400562456.387352
6		400562456.485786	400562469.320825
7		400562469.462780	400562580.137348
8	33	400562580.220981	400562692.874468
