1	557941181.847297
z03mangahere	Monku no Tsukeyou ga Nai Rabukome	33	557509769.580968	L	http://www.mangahere.cc/manga/monku_no_tsukeyou_ga_nai_rabukome/	557509769.580968
1		483687138.622399	483687180.787612
2		483687181.784573	483687231.342570
3		483687232.357010	483687447.499018
4		483687448.387192	483687487.768381
5		483687488.561942	483687609.209679
6	16	483687610.439106	483718901.043444
7		483744806.193201	483744830.604660
8		483744831.376305	483744989.285998
9		483744990.103664	483745068.106167
10		483745069.573350	483745185.140824
11		483745185.983474	483745253.695293
12		483745254.832672	483749049.107825
13		483749050.513611	483749227.520583
14		483749228.581422	483749285.240655
15		483749286.322924	483766282.522144
15.1		483767079.823074	483767112.620101
15.2		483767113.722178	483767153.259015
15.3		483767154.085592	483767175.524070
16		483767176.420508	483767248.279301
17		483767250.236524	483767314.833093
18	11	483767315.949468	483767382.210444
19	14	500077876.009271	500077945.703678
20	15	500152455.967258	500152526.478452
21	13	503416881.818114	503416955.695500
22	13	511237778.627578	511237835.465992
23	12	511936851.099983	511936898.731203
15.5		511937023.918001	511937023.918001
23.1		512075418.337659	512075437.882984
23.5		512075438.251690	512075445.670160
23.6		512075446.210582	512075454.837552
24	17	512075455.197929	512076757.773908
25	13	512410524.324736	512410619.946709
26		512893633.762213	512893727.957635
27	19	512893728.673533	512893772.782985
28	11	515337204.569924	515337278.992701
29	15	519056071.027731	519056127.514801
30	28	524124489.690245	524124708.459317
31	1	552264826.379481	552264830.767129
32	19	553102788.905728	553102830.890735
33	19	557509769.580968	557509819.303901
