1	555005400.170068
z03mangahere	Mahou Shoujo of the End	42	498805081.353786	L	http://www.mangahere.cc/manga/mahou_shoujo_of_the_end/	498805081.353786
1		403917054.481555	403917220.063336
2		403917220.663191	403917378.696370
3		403917379.677485	403917545.563079
4		403917546.174303	403917671.412421
5		403917672.112048	403917857.479994
6		403917861.920397	403918016.279745
7		403918016.904329	403918227.879742
8		403918228.415139	403918408.680136
9		403918409.298054	403918635.496418
10		403918636.073441	403918796.796414
11		403918797.392992	403918917.429823
12		403918917.807670	403919062.763089
13	46	403919068.045959	403919206.350098
14	46	424184072.376913	424184203.023966
15	44	424356557.096434	424356715.879570
16	43	446362184.153709	446362186.463258
18	2	447138333.135513	447138340.040388
17		447138326.458414	447138332.824652
19	25	448466002.303785	448466003.028004
20	50	448556637.252011	448556714.567671
21	45	448805228.523013	448805339.021562
22	49	450187299.939050	450187354.376021
23	47	451022207.183994	451022385.702215
25	51	460525273.221272	460525397.701615
24	48	460955697.308996	460955791.534061
26	49	461478724.555748	461478833.064398
27	47	461678010.809653	461678198.444975
28	46	462028190.435832	462028331.931043
29	48	462195266.752660	462195393.983770
30	31	462422692.144871	462422810.364572
31	48	463340062.071259	463340159.940380
31.5		464615664.779597	464615664.779597
32	43	468865902.823014	468866026.163485
33	48	471794868.634580	471795000.566043
34	48	474470980.758035	474471660.378267
35	50	477465958.372834	477466088.323355
36	50	480427635.689911	480427766.763957
37	45	481606571.440322	481608087.114359
38	46	485974840.354253	485974935.123324
39	-	488874003.686393	491406778.550747
40	49	491406780.992147	491406899.071525
41	49	493655073.652285	493655161.201853
42	46	498805081.353786	498805155.081402
