1	537749329.838306
z03mangahere	Kawaii Joushi o Komasaretai	15	536655400.972143	L	http://www.mangahere.cc/manga/kawaii_joushi_o_komasaretai/	536655400.972143
1		530716546.352971	530716646.581596
2		530716647.301594	530716734.903348
3		530716735.822491	530716866.871229
4		530716867.505885	530717054.879479
5		530717055.649798	530717137.884443
6		530717138.596063	530717311.040616
7		530717311.386760	530717425.813479
8		530717426.898599	530717555.502225
9		530717556.177679	530718989.920116
10		530718990.274193	530719234.919149
11		530719235.555525	530719416.712240
12		530719417.465095	530719576.815899
13		530719577.503750	530719941.654528
14		530719942.310927	530720411.280907
15	-	536655400.972143	536655403.555966
16		536655398.132862	536655400.343464
