1	556686130.278676
z03mangahere	Kagerou Days	49	553800593.807616	L	http://www.mangahere.cc/manga/kagerou_days/	553800593.807616
1		409898823.236511	409899059.018166
2		409899060.305540	409899162.401566
3		409899163.608905	409899328.251517
4		409899330.241975	409899541.434857
5		409899542.800993	409899629.518245
6		409899631.352104	409899862.769204
7		409899863.241951	409899966.601552
8		409899968.587969	409900179.618237
9		409900180.856463	409900363.568203
9.5		409900364.763300	409900390.919073
10		409900392.896205	409900489.368826
11		409900491.117653	409900577.701505
12		409900579.404620	409900740.485386
13		409900744.492039	409900881.701526
14		409900883.537883	409901017.968168
15		409901019.725348	409901098.501572
16		409901099.996004	409901191.568213
17		409901193.097182	409901270.134962
18	34	409901271.743940	409901356.628022
19	29	410071173.742471	410071321.879177
20	23	413696979.988954	413697111.376758
21		419824412.378844	419824412.378844
22	28	419824413.814101	419824461.401603
23	32	423924201.987172	423924323.348910
24	31	426139561.536743	426139671.702931
25	17	428365135.232587	428365171.154148
26	25	430055410.812208	430055455.598016
27	34	433307571.296917	433307671.734820
28		438672710.454715	438672799.496570
29	26	438672803.644566	438672894.648658
30	26	447138483.324765	447138526.479606
31	14	450705808.639809	450705833.104094
32	40	450763772.447631	450763819.866734
33	31	457506943.446171	457507000.317958
34		510244547.542484	510252247.404473
35		510252247.979746	510252456.184900
36		510252456.842308	510252556.623527
37.1		510252557.206765	510252762.409320
37.2		510252764.048125	510252788.810407
38		510252789.187401	510258103.062359
39		510258103.626361	510258163.454033
40		510258163.834437	510258204.718531
41	1	510258205.096148	510258212.473777
42		510299749.447441	510299812.112860
43		510299812.506091	510299847.031681
44	21	510299847.383667	510299878.764838
49	27	553800593.807616	553800688.819699
