1	557944090.213419
z03mangahere	Odette	23	513697252.335987	L	http://www.mangahere.cc/manga/odette/	513697252.335987
1		474707668.082018	474707718.999076
2		474707719.625810	474707779.370929
3		474707779.946267	474708334.138912
4		474708335.731925	474708423.859093
5		474708425.370856	474708529.418320
6		474759173.384607	474759224.834632
7		474759225.487270	474759291.773595
8		474759292.993754	474776355.823057
9		474776356.459638	474776423.212872
10		474780457.801439	474780484.017939
11		474780484.551377	474780505.186304
12		474780506.022220	474780544.439561
12.1		474780545.163228	474780558.073836
13		474780562.279298	474780569.707989
14	8	474780570.146865	474780599.472361
15	16	478850129.202607	478850190.904964
16	16	484861150.666849	484861223.036759
17	16	487492222.885845	487492295.262538
18	17	491597713.748175	491597796.713046
19	16	497090397.621004	497090447.107202
20	16	498892003.458687	498892055.527275
21	15	513550248.508941	513550306.449139
22	16	513605669.782755	513605891.502224
23	12	513697252.335987	513697406.908078
