1	563903785.754965
z03mangahere	Tokyo Ghoul:re	179	552317094.388555	L	http://www.mangahere.cc/manga/tokyo_ghoul_re/	552317094.388555
12		521449085.466846	521449138.577905
11		521449027.184771	521449085.424827
10		521448929.609832	521449027.136246
9		521448830.819807	521448891.478435
8		521448760.017266	521448830.775220
7		521448647.290719	521448759.969723
6		521448581.749003	521448647.245973
5		521364412.614342	521364543.816036
4		521361844.663315	521364412.574179
3		521361117.989042	521361844.615022
2		521360955.968317	521361117.950876
1		521360684.013272	521360955.923165
13		521449138.621720	521449247.952937
14		521449247.992202	521449450.099044
15		521449450.145880	521449841.468530
16		521449841.512966	521449898.222560
17		521449898.262165	521449938.791714
18		521449938.830759	521449996.497138
19		521449996.538504	521450021.930900
20		521450021.970694	521450099.820029
21		521450118.342237	521450176.557345
22		521450176.597913	521450229.210930
9.5		521448891.525349	521448929.564072
23		521450229.250374	521450380.403858
20.5		521450099.870236	521450118.303910
24		521450380.449119	521450453.712100
25		521450453.750740	521450577.686837
26		521450577.734503	521450633.257099
27		521450633.304908	521450682.377130
28		521450682.417169	521450730.846777
29		521450730.888140	521450781.350221
30		521450781.389432	521450877.738491
31		521450877.778212	521450951.511380
31.5		521450951.557397	521451070.852759
32		521451087.894630	521451203.878226
33		521451203.918037	521451270.032330
31.6		521451070.891027	521451087.856027
34		521451270.071468	521451303.261806
35		521451303.294149	521451351.554295
36		521451351.599122	521451436.576396
37		521451436.624132	521451536.899867
38		521451536.939964	521451617.055518
39		521451617.096362	521451716.728475
40		521451716.768089	521451823.302597
41		521451823.340397	521451868.955003
42		521452796.977749	521452928.843937
43		521452928.889462	521452999.317227
44		521452999.357821	521453077.555755
45		521453077.602312	521453123.852898
46		521462160.119117	521462208.201142
47		521520990.343852	521521040.007950
41.1		521451868.996862	521452796.937265
48		521643244.916944	521643279.173929
49		521643279.215708	521643354.843769
50		521643354.886566	521643389.096135
51		521643389.144329	521643426.282591
52		521643426.324506	521643474.217841
53		521643525.264726	521643601.659495
54		521643601.699289	521643658.146444
55		521643658.187356	521643747.102330
56		521643747.145239	521643797.955609
57		521643798.000452	521643892.446125
58		521643892.494083	521644061.772908
52.5		521643474.266689	521643525.221986
59		521644061.816650	521644124.993875
60		521644125.037406	521644207.343374
61		521644207.383603	521647397.048619
62		521647397.088485	521647549.925129
63		521647549.967496	521647609.462309
64		521647609.505803	521647737.405125
65		521647737.454127	521647863.213714
66		521647863.257827	521687712.882501
67		521687712.922548	521687822.304303
68		521687822.346473	521687874.291183
69		521687874.338387	521687989.714910
70		521687989.758004	521688061.452909
71		521688061.495558	521688144.425156
72		521688144.468259	521688230.914388
73		521688230.956658	521688342.238286
74		521688408.561636	521688579.683907
75		521688579.727111	521688660.387910
76		521688660.425376	521688699.175382
77		521688699.211964	521688746.528690
78		521688746.570139	521688858.702209
79		521688858.744872	521688925.840112
80		521688925.882951	521689025.196661
81		521689025.239412	521689076.450262
82		521689076.491286	521689155.988776
83		521689156.023350	521689273.929539
84		521689273.970713	521689314.165600
85		521689314.201382	521689374.136146
86		521689374.172986	521689436.356852
87		521689436.400845	521689471.226674
88		521689471.261765	521689504.944785
89		521689504.984566	521689537.563617
90		521689537.607361	521689608.768566
91		521689608.803290	521689712.824985
92		521689712.864755	521689756.704861
93		521689756.724015	521689842.367100
94		521689842.410455	521689889.036673
95		521689889.078271	521689942.540414
96		521689942.583474	521689993.392337
97		521689993.434960	521690072.149439
98		521690072.191147	521690131.369181
99		521690171.248878	521690301.497083
100		521690301.541584	521690417.654432
101		521690417.697086	521690507.260606
102		521690507.302400	521690645.836480
103		521690645.871989	521690715.475917
104		521690715.515929	521690872.468207
105		521690924.771549	521690940.406162
106		521690940.441669	521691001.976483
107		521691002.011787	521691159.420581
108		521691159.462073	521691210.871903
109		521691210.913584	521691281.011659
110		521691281.052415	521691342.598843
111		521691342.641590	521691414.620065
112		521691414.661844	521691536.645034
113		521691536.686991	521691641.985058
114		521691642.024620	521691719.673564
115		521691719.718090	521691783.244176
116		521691783.286963	521691836.948161
117		521691836.984357	521691941.404854
118		521691941.445255	521692013.205542
119		521692013.246915	521692173.166356
120		521692173.207048	521692311.692071
121		521692311.730161	521697136.451310
122		521697136.494079	521697249.508890
123		521697362.689197	521697366.733273
124		521697366.767518	521697420.053530
125		521697420.085583	521697506.275797
126		521697506.310561	521697594.715741
127		521697594.759965	521697623.450558
128		521697623.492627	521697677.437067
129		521697677.478491	521697729.857423
130		521697729.898885	521697797.561565
131		521697797.601470	521697840.947609
132	20	521697840.988974	521697965.647436
133	23	522300785.079813	522304483.411857
134	24	522944916.160234	522954768.691211
132.5	10	523171162.541761	523171261.347292
135	22	523283093.094903	523283166.560081
136	23	524379653.128096	524379709.264331
137	21	525061629.518859	525061680.953340
138	16	525704211.455706	525704237.259609
139	18	526277854.828563	526277915.564882
140	17	526877212.353770	526877929.312008
141	20	527429630.424670	527429679.411417
142	20	528155398.170081	528155479.762459
143	21	528692281.013998	528692372.389755
144	23	529160547.547457	529160640.307206
145	16	529898819.930879	529898850.654220
146	14	530422193.134049	530422228.483061
147	19	531178515.355163	531178585.877787
148	21	531671495.500060	531671578.221083
149	18	532445329.287711	532445388.543899
150	19	532967389.838551	532967463.856813
151	18	533485400.271852	533485588.463417
152	16	534092281.304328	534092343.001775
153	19	534724833.694147	534724893.743368
154	19	535318968.583367	535319071.812120
155	19	536182854.090585	536182964.369771
156	19	537772788.071521	537772884.536296
157	18	538355342.841916	538355380.947425
158	18	539102269.135153	539102331.994936
159	19	539537216.647233	539537303.499036
160	19	540049866.384676	540049900.231484
161		541395096.560226	541395097.834143
162	19	541395098.046839	541395241.985044
163	19	541953153.585116	541953439.708745
164	19	542574976.013044	542575372.392534
165	19	543213940.269561	543214011.124511
166	18	544108549.334859	544108649.945766
167	18	544540903.741826	544541342.238517
168	19	545008425.362081	545008469.814855
169		546273196.983247	546273198.048064
170	18	546273198.422708	546273267.265139
171	18	547388049.078733	547388139.102046
172	18	548006042.070595	548006085.989654
173	19	548689781.413979	548689853.985715
174	18	549259093.474781	549259130.048441
175	18	549831723.235339	549831771.436500
176	24	550458985.263501	550459083.019510
178	17	551672225.673178	551673197.040445
179	35	552317094.388555	552317491.938475
177		563903783.423049	563903783.423049
