1	556729732.857905
z03mangahere	Choujin Koukousei-tachi wa Isekai demo Yoyuu de Ikinuku you desu!	34	554046195.188055	L	http://www.mangahere.cc/manga/choujin_koukousei_tachi_wa_isekai_demo_yoyuu_de_ikinuku_you_desu/	554046195.188055
1		515960522.971196	515960804.566293
2		515960806.118249	515960930.473963
3		515960931.209077	515961045.665521
4		515961046.335720	515970841.864970
5		515971740.763127	515971834.196208
6		515971835.298740	515971952.035632
7		515971953.269351	515972030.474480
8		515972031.735561	515972183.984493
9		515972186.405473	515972270.240648
10	20	515972271.671231	515972327.877399
11	20	526402763.307835	526402829.660655
12		529260086.665351	529260154.703462
13		529260155.450195	529260209.996616
14	19	529260211.199641	529260264.780275
15	19	539476974.080609	539477293.202164
16	22	539665350.841822	539665450.267637
17	20	540916514.495525	540916616.098569
18	18	542431168.773701	542431279.599746
19	1	543707055.863757	543707057.552390
20	20	543764935.443078	543765131.638153
21	21	544394671.753053	544395671.042930
22	18	545111901.361971	545113005.462074
23	-	545918603.806583	545918603.806583
24	21	547046838.447911	547046906.565433
25	22	547560215.660023	547560269.824312
26	19	548890131.390598	548890376.483942
27	19	549120174.681727	549120511.965845
28	19	549640001.231421	549640081.760152
29	23	550155602.489471	550155655.900809
30		551227182.193111	551227224.577218
31	15	551227225.438514	551227311.119498
31.5	4	552316906.661679	552316935.487209
32	24	552781092.040426	552781213.390991
33	17	553178229.193048	553178277.880186
34	20	554046195.188055	554046248.101490
