1	555606795.222738
z03mangahere	Hentai Ouji To Warawanai Neko	30	496471520.216778	L	http://www.mangahere.cc/manga/hentai_ouji_to_warawanai_neko/	496471520.216778
8		378219493.748424	378219493.748424
4		378218961.362455	378218961.362455
2		378218661.528014	378218661.528014
15	18	379601623.521515	379601623.521515
7		378219362.911333	378219362.911333
14	18	378220473.620433	378220473.620433
13		378220271.510298	378220271.510298
1		378188568.695673	378188568.695673
11		378219946.821930	378219946.821930
12		378220121.969711	378220121.969711
10		378219942.925271	378219942.925271
6		378219186.666072	378219186.666072
9		378219765.715048	378219765.715048
5		378219082.069987	378219082.069987
3		378218667.702666	378218667.702666
16	23	380520726.461825	380520726.461825
17	17	381791493.419594	381791554.852162
20	17	393599909.058464	393599962.872536
21	1	393733122.154592	393733124.648448
22	13	395812350.910718	395812362.882412
19		396762035.145199	396762035.145199
18		396762035.145199	396762035.145199
23	17	402838719.838845	402838769.943998
24	21	412489974.996362	412490058.493052
25		414733797.262211	414733797.262211
26	28	420868286.067514	420868382.290625
27	26	436542548.189049	436542691.099637
27.5	8	436680914.582088	436680975.132474
0	12	475593342.415460	475593366.815236
28	21	492325352.330372	492325396.669717
29	20	493501057.478674	493501158.760836
30	18	496471520.216778	496471590.093821
