1	524055782.646744
z03mangahere	Soul Eater	2	468008828.394872	L	http://www.mangahere.co/manga/soul_eater/	468008828.394872
113		443178310.462044	443178310.462044
112		443178310.462044	443178310.462044
111		443178310.462044	443178310.462044
110		443178310.462044	443178310.462044
109		443178310.462044	443178310.462044
108		443178310.462044	443178310.462044
107		443178310.462044	443178310.462044
106		443178310.462044	443178310.462044
105		443178310.462044	443178310.462044
104		443178310.462044	443178310.462044
103		443178310.462044	443178310.462044
102		443178310.462044	443178310.462044
101		443178310.462044	443178310.462044
100		443178310.462044	443178310.462044
99		443178310.462044	443178310.462044
98		443178310.462044	443178310.462044
97		443178310.462044	443178310.462044
96		443178310.462044	443178310.462044
95		443178310.462044	443178310.462044
94		443178310.462044	443178310.462044
93		443178310.462044	443178310.462044
92		443178310.462044	443178310.462044
91		443178310.462044	443178310.462044
90		443178310.462044	443178310.462044
89		443178310.462044	443178310.462044
88		443178310.462044	443178310.462044
87		443178310.462044	443178310.462044
86		443178310.462044	443178310.462044
85		443178310.462044	443178310.462044
84		443178310.462044	443178310.462044
83		443178310.462044	443178310.462044
82		443178310.462044	443178310.462044
81		443178310.462044	443178310.462044
80		443178310.462044	443178310.462044
79		443178310.462044	443178310.462044
78		443178310.462044	443178310.462044
77		443178310.462044	443178310.462044
76		443178310.462044	443178310.462044
75		443178310.462044	443178310.462044
74		443178310.462044	443178310.462044
73		443178310.462044	443178310.462044
72		443178310.462044	443178310.462044
71		443178310.462044	443178310.462044
70		443178310.462044	443178310.462044
69		443178310.462044	443178310.462044
68		443178310.462044	443178310.462044
67		443178310.462044	443178310.462044
66		443178310.462044	443178310.462044
65		443178310.462044	443178310.462044
64		443178310.462044	443178310.462044
63		443178310.462044	443178310.462044
62		443178310.462044	443178310.462044
61		443178310.462044	443178310.462044
60		443178310.462044	443178310.462044
59		443178310.462044	443178310.462044
58		443178310.462044	443178310.462044
57		443178310.462044	443178310.462044
56		443178310.462044	443178310.462044
55		443178310.462044	443178310.462044
54		443178310.462044	443178310.462044
53		443178310.462044	443178310.462044
52		443178310.462044	443178310.462044
51		443178310.462044	443178310.462044
50		443178310.462044	443178310.462044
49		443178310.462044	443178310.462044
48		443178310.462044	443178310.462044
47		443178310.462044	443178310.462044
46		443178310.462044	443178310.462044
45		443178310.462044	443178310.462044
44		443178310.462044	443178310.462044
43		443178310.462044	443178310.462044
42		443178310.462044	443178310.462044
41		443178310.462044	443178310.462044
40		443178310.462044	443178310.462044
39		443178310.462044	443178310.462044
38		443178310.462044	443178310.462044
37		443178310.462044	443178310.462044
36		443178310.462044	443178310.462044
35		443178310.462044	443178310.462044
34		443178310.462044	443178310.462044
33		443178310.462044	443178310.462044
32.5		443178310.462044	443178310.462044
32		443178310.462044	443178310.462044
31		443178310.462044	443178310.462044
30		443178310.462044	443178310.462044
29		443178310.462044	443178310.462044
28		443178310.462044	443178310.462044
27		443178310.462044	443178310.462044
26		443178310.462044	443178310.462044
25		443178310.462044	443178310.462044
24		443178310.462044	443178310.462044
23		443178310.462044	443178310.462044
22		443178310.462044	443178310.462044
21		443178310.462044	443178310.462044
20		443178310.462044	443178310.462044
19		443178310.462044	443178310.462044
18		443178310.462044	443178310.462044
17		443178310.462044	443178310.462044
16		443178310.462044	443178310.462044
15		443178310.462044	443178310.462044
14		443178310.462044	443178310.462044
13		443178310.462044	443178310.462044
12		443178310.462044	443178310.462044
11		443178310.462044	443178310.462044
10		443178310.462044	443178310.462044
9		443178310.462044	443178310.462044
8		443178310.462044	443178310.462044
7		443178310.462044	443178310.462044
6		443178310.462044	443178310.462044
5		443178310.462044	443178310.462044
4		443178310.462044	443178310.462044
3		443178310.462044	443178310.462044
2.2		443178310.462044	443178310.462044
2.1		443178310.462044	443178310.462044
VOL1 1.2		443178310.462044	443178310.462044
VOL1 1.1		443178310.462044	443178310.462044
1.3		443178310.462044	443178310.462044
1.2		443178310.462044	443178310.462044
1.1		443178310.462044	443178310.462044
2	28	468008828.394872	468008862.859897
VOL16 61		524055779.589907	524055779.589907
