1	527714111.965878
z03mangahere	Kakukaku Shikajika	34	527713760.455429	L	http://www.mangahere.co/manga/kakukaku_shikajika/	527713760.455429
1		527692377.388849	527692382.454069
2		527692382.788714	527692703.215257
3		527692703.735298	527692933.399851
4		527692934.047116	527693023.534387
5		527693024.049362	527693099.311817
6		527693100.216826	527693754.402893
7		527693754.974499	527693989.041779
8		527693989.650918	527694057.579592
9		527694058.213093	527694358.738410
10		527694359.373746	527696101.721712
11		527696102.309403	527696193.433305
12		527696193.866304	527696404.015093
13		527696536.708783	527696656.572020
14		527696657.217998	527696931.326719
15		527696931.857941	527697370.477151
16		527697371.539146	527697470.682999
17		527697471.429699	527697858.769313
18		527697859.188608	527698046.116117
19		527698046.840261	527698310.227756
20		527698310.862068	527698923.669386
21		527698924.324216	527699821.772968
22		527699822.111658	527699888.614821
23		527699889.240838	527700146.481401
24		527700147.039459	527700321.824645
25		527700322.228650	527700494.322575
26		527700495.038556	527700549.789519
27		527701112.282764	527701120.121837
28		527701120.437083	527701290.171497
29		527701314.907776	527701517.925218
30		527701518.536681	527701592.461727
31		527701593.040221	527702400.447075
32		527702400.801232	527712962.588971
33		527712964.234748	527713759.784315
34	34	527713760.455429	527714110.470616
