1	541532512.718624
z03mangahere	Shinbunbu no Komatsu-san	4.5	498984406.241873	L	http://www.mangahere.cc/manga/shinbunbu_no_komatsu_san/	498984406.241873
2		491982699.248256	491982699.248256
1		491982699.731802	491982699.731802
VOL2 1		491982702.654916	491984248.190596
VOL2 2		492027332.188755	492027334.618427
3		492027334.944259	492027461.510182
4		492027462.083929	492027555.518628
4.5	5	498984406.241873	498984417.131445
VOL2 4		497720084.178667	497720084.178667
VOL2 3		497720084.512674	497720084.512674
VOL2 4.5	32	498984331.453560	498984396.193003
