1	558978283.117146
z03mangahere	Sorairo no Graffiti	16	536650915.739802	B	http://www.mangahere.cc/manga/sorairo_no_graffiti/	536650915.739802
0		504052642.472517	504052667.292215
1		504052667.679025	504052795.381659
2		504052796.000377	504052900.157336
3		504052900.835169	504067704.303434
4		504067704.703313	504067779.878039
5		504067780.302696	504067842.965288
6	26	504067843.677769	504068781.392333
7		506762980.479048	506763063.917673
8	21	506763064.639609	506763186.651726
9		509835762.916104	509835870.515540
10	17	509835871.171160	509835931.680048
11		514217164.554391	514217296.182941
12	30	514217296.897361	514217399.719945
13		518609187.527892	518609294.599054
14	28	518609295.752208	518609368.789059
15		536649940.234297	536650915.141073
16	28	536650915.739802	536651363.143674
