1	555005410.234881
z03mangahere	Namaikizakari.	25	502644174.968759	L	http://www.mangahere.cc/manga/namaikizakari/	502644174.968759
1	47	453822328.214522	453822556.060235
5		453822557.790433	453822601.116045
6		453822601.646325	453822699.831480
7		453822700.430757	453822819.858235
8		453822820.442757	453822907.414026
9		453822907.999150	453822947.825617
10		453822948.345746	453823087.595394
11		453823088.137078	453823150.617765
12		453823151.217787	453823227.405602
13		453823227.928854	453823368.016555
14		453823368.607345	453823398.619513
15		453823399.133850	453823462.257958
15.1	12	453823462.821752	453823534.070231
16	38	457334658.006662	457334889.597089
17		459665381.800344	459665535.455194
18	30	459665536.790364	459665612.296997
19	30	460392997.182562	460393051.473014
20	30	460912698.387724	460912777.660147
21		471299259.949394	471299437.835504
22	31	471299439.034829	471299508.032630
23	32	475997511.225698	475997625.741567
24		502644077.837419	502644174.371640
25	1	502644174.968759	502644176.556839
