1	558978247.281735
z03mangahere	Sora x Rira - Sorairo no Lila to Okubyou na Boku	9	475605615.523462	L	http://www.mangahere.cc/manga/sora_x_rira_sorairo_no_lila_to_okubyou_na_boku/	475605615.523462
1		469909818.764193	469909949.105166
2		469909950.815566	469910065.965283
3		472583005.056039	472583132.170669
4		475604108.990872	475604333.784052
5		475604334.839623	475604816.819183
6		475604817.663975	475605059.702708
7		475605203.888496	475605450.812119
8		475605451.198824	475605615.006366
9	42	475605615.523462	475605710.659124
