1	555521534.047877
z03mangahere	Komi-san wa Komyushou Desu	154	554999942.942678	L	http://www.mangahere.cc/manga/komi_san_wa_komyushou_desu/	554999942.942678
0		552325065.852509	552325090.717330
1		552325091.289927	552325357.342693
7		552325357.958771	552325376.410696
8		552325376.946432	552325407.894886
9		552325412.958324	552325502.765663
10		552325503.333568	552325557.018411
11		552325557.670610	552325641.323501
12		552325641.941006	552325718.808678
13		552325719.448943	552325781.878284
14		552325783.573863	552326813.611918
15		552326815.154663	552326849.200248
16		552326849.906064	552326942.920911
17		552326943.518855	552327465.326736
18		552327466.733248	552327521.662644
19		552327522.565242	552327648.468552
20		552327649.137301	552328529.304108
21		552328530.027327	552328712.293021
22		552328712.830955	552329223.246045
23		552329666.853829	552329720.893826
24		552329721.586617	552329784.499109
25		552329785.269091	552329865.386517
26		552329866.157657	552332666.568996
27		552332667.196168	552333858.528984
28		552333858.856268	552333947.150358
29		552333947.701169	552337288.347770
30		552337288.719764	552337339.100078
31		552337339.773001	552338675.805244
32		552338676.377119	552338741.026209
33		552338741.562404	552341034.544486
34		552341035.148707	552341169.755134
35		552341170.529836	552341490.916502
36		552341491.666966	552341595.673621
37		552341596.422670	552341646.008764
38		552341647.782479	552341671.009876
39		552341671.684406	552341789.214788
40		552341789.965569	552341874.135151
41		552341875.830645	552341923.304421
42		552341924.020975	552341981.723066
43		552341985.534546	552342905.712697
44		552342906.156469	552342924.775545
45		552342925.388407	552343041.269020
46		552343042.000207	552343124.622057
47		552343125.352419	552343227.643071
48		552343228.364697	552343331.534197
49		552343332.727902	552343869.053115
50		552343869.731745	552344015.375376
51		552344015.871851	552344105.384529
52		552344105.865680	552344627.357111
53		552344628.137586	552344695.774584
54		552344696.510017	552344801.848614
55		552344802.427971	552344897.518943
56		552344898.243161	552344973.122293
57		552344981.822999	552346981.933033
58		552346993.316460	552347087.772211
59		552360353.006359	552360437.043153
60		552360437.452788	552360805.456542
61		552360806.114077	552360949.707699
62		552360950.355663	552361066.316965
63		552361067.034175	552361540.656451
65		552361653.180742	552362254.044177
57.5		552346982.847851	552346992.884717
66		552366552.402650	552366553.610690
67		552366553.975165	552368399.294247
68		552368399.725610	552368461.842585
69		552368463.213932	552368509.446188
70		552368511.099940	552368562.800653
71		552368563.322262	552368617.319676
72		552368617.796764	552368654.287939
64		552361541.265849	552361652.576326
73		552368676.554344	552371990.111260
74		552371990.630153	552372117.402683
75		552372118.129996	552372249.425674
76		552372250.092574	552372339.793487
77		552372340.494629	552372395.465156
78		552372396.191201	552372409.700502
79		552372411.271065	552372460.551457
80		552372461.211401	552372715.329402
81		552372715.900503	552372872.686372
82		552372873.355024	552372907.954750
83		552372908.615796	552373835.294359
84		552373835.678116	552373868.311138
85		552373869.937321	552373899.980372
86		552373900.581138	552373975.860559
87		552373976.528987	552373993.547103
88		552373994.148296	552374106.664942
89		552374107.107587	552374134.884951
90		552374135.465093	552374193.690335
91		552374195.342170	552374260.642886
92		552374261.333221	552374294.961347
93		552374295.788977	552374344.513173
94	18	552374345.243341	552374403.119893
95		552374419.106927	552402097.858713
96		552402103.420565	552402165.844576
97		552402169.161479	552402226.397277
98		552402227.044769	552402363.935516
99		552402391.379847	552403029.852860
100		552403030.560042	552403063.806905
101		552403064.246075	552403105.537985
102		552403106.134082	552403209.597340
103		552403210.273835	552403301.082223
104		552403301.488886	552403393.289033
105		552403394.002281	552403485.924557
106		552403486.581329	552403531.579995
107		552403532.215284	552403557.960961
108		552403558.550340	552403928.914770
109		552403930.480411	552403964.345497
110		552403964.998530	552406690.511583
115		552407669.178006	552407686.328304
114		552407605.888059	552407668.609343
111		552406691.108039	552406807.739899
112		552406808.820172	552407525.788961
113		552407526.481165	552407604.025837
116		552407686.961523	552407764.148526
72.5		552368673.902014	552368676.035415
117		552407764.802311	552407866.918371
118		552407867.334438	552407932.921512
119		552407933.589332	552407973.939918
120		552407974.322570	552408003.524591
121		552408004.119920	552408085.878395
122		552408197.382908	552408241.195525
123		552408241.922741	552408261.496540
124		552408262.109287	552408297.397835
124.5		552408298.057001	552408300.910241
125	8	554999639.981062	554999724.165027
126		552408393.590787	552408560.125537
128		552408560.825333	552408647.929534
129		552408648.701525	552409944.271229
130		552409945.344661	552410057.022083
131		552410057.610162	552410087.511858
132		552410088.137377	552410192.063152
133		552410192.683812	552410297.555232
134		552410298.267439	552410324.956494
136		552410325.693564	552410369.059180
137		552410369.759382	552410491.910100
138		552410492.331509	552410562.699458
139		552410563.375758	552410649.239237
140		552410649.942373	552410753.361431
141	8	552410796.870304	552410799.933817
142		552410769.726268	552410777.938069
143	17	549469714.841795	549469854.065340
144	18	550338103.154497	550338243.565023
145	19	550553534.223493	550553652.551434
147	1	552115831.934144	552115833.140109
149	18	552410803.278609	552410896.316371
150	6	553031080.723527	553031178.266698
151	12	553268795.435881	553268881.574788
152	8	553695246.558175	553695487.438241
153		554999729.409202	554999942.634319
154	1	554999942.942678	554999945.688516
