1	548045158.624037
z03mangahere	Zetsuen no Tempest	44	499626173.992277	L	http://www.mangahere.cc/manga/zetsuen_no_tempest/	499626173.992277
38	14	465595212.876264	465595236.679391
39	11	481645108.867938	481645142.591438
40	38	499625961.105186	499626090.560848
43		499626095.117330	499626173.457802
44	74	499626173.992277	499626345.649357
VOL10 6		499626349.872551	499626349.872551
VOL10 5		499626349.872551	499626349.872551
VOL10 4		499626349.872551	499626349.872551
VOL10 3		499626349.872551	499626349.872551
VOL10 2		499626349.872551	499626349.872551
VOL10 1		499626349.872551	499626349.872551
42		499626349.872551	499626349.872551
41		499626349.872551	499626349.872551
37		499626349.872551	499626349.872551
36		499626349.872551	499626349.872551
35		499626349.872551	499626349.872551
34		499626349.872551	499626349.872551
33		499626349.872551	499626349.872551
32		499626349.872551	499626349.872551
31		499626349.872551	499626349.872551
30		499626349.872551	499626349.872551
29		499626349.872551	499626349.872551
28		499626349.872551	499626349.872551
27		499626349.872551	499626349.872551
26		499626349.872551	499626349.872551
25		499626349.872551	499626349.872551
24		499626349.872551	499626349.872551
23		499626349.872551	499626349.872551
22		499626349.872551	499626349.872551
21		499626349.872551	499626349.872551
20		499626349.872551	499626349.872551
19		499626349.872551	499626349.872551
18		499626349.872551	499626349.872551
17		499626349.872551	499626349.872551
16		499626349.872551	499626349.872551
15		499626349.872551	499626349.872551
14		499626349.872551	499626349.872551
13		499626349.872551	499626349.872551
12		499626349.872551	499626349.872551
11		499626349.872551	499626349.872551
10		499626349.872551	499626349.872551
9		499626349.872551	499626349.872551
8		499626349.872551	499626349.872551
7		499626349.872551	499626349.872551
6		499626349.872551	499626349.872551
5		499626349.872551	499626349.872551
4		499626349.872551	499626349.872551
3		499626349.872551	499626349.872551
2		499626349.872551	499626349.872551
1		499626349.872551	499626349.872551
