1	555949926.563417
z03mangahere	If You're Gonna Dress up, Do It Like This	35	551220223.885486	L	http://www.mangahere.cc/manga/if_you_re_gonna_dress_up_do_it_like_this/	551220223.885486
1		521544652.074150	521544898.603126
2		521544898.630531	521545004.045683
3		521545004.077456	521545143.821067
4		521545143.848022	521546782.166333
5		521546782.192938	521546889.622965
6		521546889.650242	521547063.600826
7		521547063.628159	521547230.278386
8		521547230.304678	521547402.939646
9		521547402.966787	521547642.372096
10		521547642.399242	521548171.172523
11		521548171.201500	521563633.275524
12		521563633.305183	521563818.470478
13	19	521563818.499933	521563918.334195
14	19	521611272.753746	521611423.126112
15	18	522296422.304455	522296529.615286
16		522517731.761039	522517797.973044
16.1	7	522517798.000624	522517841.334822
16.2		522650446.705720	522650462.791681
17	23	522650463.415999	522650711.571544
18	19	523436037.777910	523436177.534237
19	18	523518275.133355	523518402.942241
20	18	523778905.874895	523779060.335325
21	19	524724532.696289	524724695.672328
23		526474159.337238	526474161.344826
22		526474106.772964	526474158.736785
24	19	526474161.777608	526474199.468982
24.5	15	526880723.348947	526880813.483950
25	22	528168708.352854	528168855.460937
26		529417208.516379	529417367.343836
27	19	529417367.687365	529417439.242401
28	19	532241572.197164	532241647.595744
29	19	535527731.688688	535527824.536235
30	3	541431970.376960	541431995.701800
31	19	548011571.732161	548015459.160427
32	19	548603696.402369	548603806.738207
32.5	11	548785290.880239	548785349.004062
33	21	549135234.976476	549135376.984795
34	19	549897544.462163	549897683.446423
35	18	551220223.885486	551220384.292218
