1	557941133.360796
z03mangahere	Momoiro Ningyo	24	539286656.217848	L	http://www.mangahere.cc/manga/momoiro_ningyo/	539286656.217848
1	17	466356185.827844	466356271.733455
2	9	466947927.105675	466947984.299477
3	10	468770205.605626	468770272.640216
4	8	499199617.945442	499199682.915929
5		500853713.947271	500853870.437006
6		500853871.395791	500853943.208275
7		500853944.373953	500853974.158387
8	9	500853974.553086	500854005.763764
9		502261695.700550	502261760.502803
10	9	502261761.163103	502261826.038745
11		503208847.021841	503208909.113842
12		503208910.311346	503208951.350117
13		503208952.470808	503208993.569433
14	9	503208994.879473	503209059.599350
15	9	504291316.372396	504291382.988511
16	9	506493366.414767	506493401.909560
17		508276354.660528	508276449.019532
18	7	508276449.494856	508276489.759375
19	14	516866121.978287	516866186.968747
20	5	519803357.433219	519803405.972253
21	9	520969327.860013	520969411.338957
22	9	522846570.310834	522846618.983340
23	9	532162741.221234	532162805.069250
24	11	539286656.217848	539286726.612243
