1	555521787.259438
z03mangahere	Spotted Flower	23	543654268.092542	L	http://www.mangahere.cc/manga/spotted_flower/	543654268.092542
1		511215095.661825	511215255.818163
2		511215256.587916	511215294.337657
3		511215295.093793	511215350.740985
4		511215351.464862	511215389.776914
5		511215390.548017	511215448.380571
6		511215449.120745	511215503.350830
7		511215504.091788	511217644.249790
8		511217644.730818	511217707.004229
9		511217707.360861	511217791.772817
10		511217792.188551	511217901.017042
11		511217901.714708	511217951.120032
12		511217951.861643	511218032.408330
12.5		511218149.452202	511218180.535394
13		511218181.146012	511218247.389787
12.2		511218033.487119	511218148.399739
14		511218251.199734	511218274.858166
15		511218275.290166	511218323.227744
16		511218325.181223	511218338.929115
16.5		511218339.997159	511218357.379712
17		511218359.070933	511218415.916994
17.5		511218416.575678	511218438.118336
18		511218438.500248	511218495.706103
18.5		511218496.153962	511218503.956047
19		511218504.349703	511218540.458401
19.5		511218541.407281	511218570.293899
20		511218570.699547	511218618.447385
20.1		511218619.119608	511218655.149311
20.2	6	511218655.806676	511218708.529194
20.5	16	518190784.645561	518190929.973786
21	16	524379715.166548	524379924.412641
21.5	11	529416184.173036	529416223.696402
22	28	543075925.437926	543076105.487063
23	5	543654268.092542	543654297.336600
