1	555950511.765498
z03mangahere	Kakao 79%	103	555879197.524987	B	http://www.mangahere.cc/manga/kakao_79/	555879197.524987
1		491756759.508109	491756849.562216
2		491756850.400159	491756961.955668
3		491756963.362675	491757108.081309
4		491757109.258610	491757210.288234
5		491757210.913279	491757300.060867
6		491757300.702756	491757456.070723
7		491757456.742770	491757517.191986
8		491757517.970638	491757587.829250
9	29	491757589.348222	491757727.456448
10		492360919.400111	492361067.541584
11	22	492361067.951462	492361161.783573
12	21	492958891.204769	492959015.387713
13	18	493274936.710525	493278852.025272
14		494137227.428875	494137323.494153
14.5	5	494137324.596317	494137392.067823
15	19	495089499.312505	495089573.319117
16	23	495380952.936888	495381169.102941
17		496589597.149996	496589605.921888
18	18	496589606.271165	496589708.170802
19	30	497683108.989579	497683304.591429
19.5	36	498074673.886372	498074806.590460
20	4	499012161.927027	499012284.202222
21	4	499579569.877787	499579674.222370
22	3	500195168.334569	500195287.799891
23	3	500826890.206455	500827055.451399
24	5	503383439.764654	503383649.696068
25		503765931.165113	503766158.970426
26	4	503898288.997420	503898291.129256
27	-	503898293.344265	503898296.313835
27.5	6	503898298.107258	503898516.997976
28		504338246.569132	504338246.569132
29	5	504338099.641718	504338241.816036
30		504368074.631559	504368079.727238
31	5	504368080.065820	504368247.424612
32	7	504977423.862097	504977874.534553
33	6	505315541.917713	505315694.122270
34	6	505669798.096793	505670007.313081
35	33	505985205.204372	505986105.405425
36	6	507478764.910835	507478979.614666
37	7	507659282.721566	507659443.783747
38	10	508777226.795087	508777553.628953
39		512232758.854701	512232918.593834
40	5	512232919.269804	512233005.978906
41	7	513696651.334525	513697006.693228
42	5	513781297.242533	513781482.057261
43		513954519.621223	513954530.898690
44	4	513954531.263384	513954692.546378
45	5	514473647.521333	514473946.333337
46		515683780.908730	515683782.806647
47	4	515683783.335334	515683944.728383
48		517411740.433527	517411744.398244
49	5	517411745.723307	517411896.580093
50		517811432.661007	517811438.008596
51	4	517811438.392381	517811528.998447
52	4	518102583.343354	518102634.792082
52.5		518250433.644286	518250592.248585
53	5	518250593.098361	518250687.123693
54	4	518470725.565231	518470850.955576
55	4	518625035.567355	518625144.194307
56	20	522745855.105732	522745952.832724
57	33	523307962.987566	523318240.402871
58	8	527430922.013667	527433408.918470
59	22	528007989.364886	528008103.564328
60	19	528906116.644570	528910220.843579
61	20	529257372.773738	529257455.900177
62	4	529507784.156114	529507918.540630
63	7	530029771.865877	530030683.582982
64	6	530466048.222652	530466187.652069
65		531155958.401002	531156694.380640
66	17	531156695.112132	531157020.704954
67	5	531838220.509287	531838385.478448
68		535615805.777220	535615807.066633
69		535615807.537283	535615951.959960
70	6	535615952.594639	535616157.819615
71	5	535732105.966451	535732297.132922
72		535820076.598501	535820209.211652
73	4	535820209.832423	535820290.810351
74		536017825.894862	536017936.172083
75		536017936.668387	536018014.896681
76		536018016.998304	536052243.259025
77	7	536052243.829708	536052363.129970
78	7	536052367.387293	536052474.357255
79	9	536170246.949989	536170423.717146
80	6	536296020.997929	536300744.806786
81		536540535.832233	536540616.768342
82	6	536540617.334882	536542322.228203
83	7	536651370.301793	536651468.982346
84	7	536774780.445014	536774877.779367
85	7	536832143.607817	536832246.617304
86	7	536904080.184416	536904233.374076
87		537003596.675391	537003880.848276
88	6	537003890.097867	537004051.111683
89	7	537043984.260015	537044092.489175
90		537458555.588760	537458686.643888
91	6	537458687.424523	537458746.301811
92		538667094.809139	538667317.838433
93		538667318.477668	538667423.738639
94	23	538667424.257613	538667484.791004
95		545545292.116996	545545415.288264
96	6	545545428.516351	545545524.700932
97		549322128.410695	549322264.776457
98	4	549322265.298529	549339444.954709
99	7	549383682.571101	549388488.387822
100		549807225.108148	549807443.333902
101		555879101.657798	555879103.102365
102		555879103.115624	555879197.461999
103	5	555879197.524987	555879274.902909
