1	541098681.968256
z03mangahere	Boys on the Run	116	539529783.931649	L	http://www.mangahere.cc/manga/boys_on_the_run/	539529783.931649
1		538895424.756396	538895653.689508
2		538895654.267428	538895736.846698
3		538895737.491124	538896324.250356
4		538896324.797992	538896445.358871
5		538896446.114743	538896514.261395
6		538896514.839727	538896638.367042
7		538896639.013251	538896728.054534
8		538896728.629668	538896812.122686
9		538896812.464781	538896894.992187
10		538896895.358098	538897090.252905
11		538897090.909249	538897172.408286
12		538897173.132514	538897243.545081
13		538899519.458063	538899597.855978
14		538899598.428456	538899713.982660
15		538899714.352331	538899781.769242
16		538899782.594362	538899945.608818
17		538899946.611045	538900020.818517
18		538900021.225012	538900191.424497
19		538900192.109700	538900199.212191
20		538900199.764854	538900259.322305
21		538900259.863139	538900341.012107
22		538900341.571526	538900419.151770
23		538900467.492209	538900563.257063
24		538900563.807632	538900640.827496
25		538900641.408516	538900856.353515
26		538900856.936314	538900866.895491
27		538900867.245131	538900870.475113
28		538900870.838266	538901039.533527
29		538901040.192623	538901049.158186
30		538901055.083376	538901113.904054
31		538901114.634210	538901163.956704
32		538901182.217285	538901246.727274
33		538901247.397417	538901460.405207
34		538901462.032039	538901475.810238
35		538901476.170541	538901480.656177
36		538901481.160759	538901484.905965
37		538901485.210372	538901593.245619
38		538901593.615672	538901655.995950
39		538901656.847850	538901744.086149
40		538901749.730642	538901805.505823
41		538901806.147741	538901867.406576
42		538901868.026944	538901922.928380
43		538901923.539172	538901971.926608
44		538901972.293116	538902029.966940
45		538902030.437422	538902083.636282
46		538902084.218232	538902172.573942
47		538902183.940534	538902243.123669
48		538902243.715186	538902294.196514
49		538902294.906706	538902382.265108
50		538902383.065567	538902480.589154
51		538902481.359176	538923775.642793
52		538923776.278174	538923784.063538
53		538923794.738365	538924989.275937
54		538924989.828774	538925090.266910
55		538925104.791589	538925199.652795
56		538925200.428544	538925264.606100
57		538925266.231914	538925335.508116
58		538925336.183386	538925421.742163
59		538925427.381385	538925519.198335
60		538925519.562238	538925590.067841
61		538925590.747082	538925680.021401
62		538925680.849528	538925740.123827
63		538925765.754457	538925834.693975
64		538925835.135852	538928659.676044
65		538928660.216764	538928944.177393
66		538928944.858950	538929050.094395
67		538929050.748739	538929128.298340
68		538929128.890764	538929505.207654
69		538929507.091224	538929568.204556
70		538929568.991452	538929778.177501
71		538929778.571376	538929830.813460
72		538929831.433528	538929953.838500
73		538929954.357020	538930000.562141
74		538930001.091867	538930055.043634
75		538930055.654334	538930126.964514
76		538930127.472843	538930164.203912
77		538930164.578521	538930292.397996
78		538930293.037535	538930344.281806
79		538930344.770845	538930401.053968
80		538930401.756845	538930615.146493
81		538930615.664234	538932071.574799
82		538932233.599053	538932241.658515
83		538932242.067327	538932347.792125
84		538932348.405594	538932429.198475
85		538932435.908845	538932509.584696
86		538932510.361348	538932647.740226
87		538932648.564083	538932779.957250
88		538932780.634025	538933120.418329
89		538933121.319261	538933193.800512
90		538933194.413442	538933383.847837
91		538933384.349929	538933459.650461
92		538933460.256090	538933532.088502
93		538933543.558600	538933787.598802
94		538933788.646530	538933851.186745
95		538933852.169710	538933917.705753
96		538933918.481854	538933972.324067
97		538933973.162898	538934098.901855
98		538934099.523043	538934167.820714
99		538934168.425638	538934246.456789
100		538934247.219590	538934358.324489
101		538934358.985142	538934446.829931
102		538934447.516275	538934499.581456
103		538934501.388021	538934555.567070
104		538934556.255711	538935105.110763
105		538935105.737178	538935270.874340
106		538935271.335362	538935989.590053
107		538935990.127579	538936061.987585
108		538936062.715470	538936129.859035
109	15	538936130.324648	538936172.733118
110	16	538952171.366108	538952243.631353
111	16	539039888.481028	539039947.352808
113		539529488.796554	539529572.776803
114		539529573.278207	539529649.518055
116	8	539529783.931649	539529871.426356
115		539529650.205996	539529783.087426
