1	556668332.383614
z03mangahere	Tsuru Tsuru to Zara Zara no Aida	33	556546641.303756	L	33	556546641.303756
6		443135268.461783	443135268.461783
5		443135268.461783	443135268.461783
4		443135268.461783	443135268.461783
3		443135268.461783	443135268.461783
2		443135268.461783	443135268.461783
1		443135268.461783	443135268.461783
7	10	444195367.251577	444195482.363896
8	8	453041703.500092	453041763.770987
9	9	474956219.719913	474956308.536674
10	10	475875810.532481	475876085.916698
11	9	478156269.376416	478156298.870189
12		534954909.369601	534954992.923435
13	10	534954993.549333	534955018.181631
14	8	538500038.770350	538500149.445010
15	14	541521588.926080	541521692.195113
16	11	541566246.359513	541566344.385341
17	8	542431737.805082	542432142.450606
18	8	543122899.356295	543122932.292379
19	10	544044098.456542	544048686.473948
20	18	544847803.681333	544854053.202647
21	16	546439133.585463	546439247.241950
22	16	547376996.399066	547377216.985586
23	18	547911417.205940	547912473.338186
24	8	548517477.188461	548517543.053440
25	-	549036109.263742	549036111.022512
26	9	549831576.008017	549831718.058741
27	10	550070169.658279	550070257.892420
28	17	551108977.308564	551109064.139884
29	17	552195858.307308	552195961.321278
30	16	553800695.404334	553800931.227024
31	20	554579061.830864	554579134.222903
32	16	555340633.589753	555340719.320306
33	16	556546641.303756	556547175.404624
