1	555005507.821511
z03mangahere	Mikako-san	90.5	508701730.509210	L	http://www.mangahere.cc/manga/mikako_san/	508701730.509210
1		476284573.807534	476284617.072975
2		476284617.423352	476284634.506585
3		476284634.857365	476284646.091880
4		476284646.439215	476284671.159620
5	4	476284672.003013	476284686.734423
6		477671724.598331	477671733.070116
7		477671733.391496	477671739.721319
8	5	477671740.052911	477671754.861548
9		482043761.490561	482043771.909024
10		482043773.643308	482043816.328686
11		482043817.468428	482043839.147088
12	6	482043839.953475	482043856.061269
14		485668104.313453	485668118.436927
15		485668119.252473	485668129.817517
16	6	485668130.147914	485668148.683491
13	4	485698940.499669	485698956.070377
17		488140472.597259	488140554.321989
18		488140555.368956	488140575.168344
19		488140576.120800	488140602.170170
20		488140603.050865	488140643.490114
21		488140644.618891	488140660.940773
22		488140661.325933	488140689.925991
23		488140690.750134	488140712.277508
24	6	488140712.652470	488140770.319552
25		490805617.800941	490805629.280418
30.5		499012358.717847	499012391.275913
26		499012292.245263	499012300.504321
27		499012300.880890	499012310.485742
28		499012310.877379	499012326.288497
29		499012326.763327	499012347.590562
30		499012348.064131	499012358.223787
31		499012391.979354	499012405.226931
32		499012405.718061	499015119.207399
33		499015119.959761	499015193.717402
34		499015194.539490	499015229.181942
35		499015229.880558	499015274.562466
36		499015275.262473	499015306.964708
37		499015307.590292	499015365.637118
38		499015413.373706	499015431.620586
39		499015434.472688	499015447.897605
40		499015486.127956	499015513.568016
41		499015515.098025	499015547.552378
42	1	499015548.321053	499015556.380890
43		499020209.789249	499020216.981152
44		499020217.334594	499020251.402191
45		499020251.942352	499020265.319751
46		499020265.687873	499020272.853369
47		499020273.186820	499020280.738058
48		499020281.144483	499020293.821428
49		499020294.210448	499020307.439285
50	6	499020307.886121	499020323.213747
51		502590206.807023	502590223.684707
60.5	4	502590224.010704	502590234.955252
60	2	502725984.495679	502725988.882131
59		502725991.799237	502725991.799237
58		502725991.799237	502725991.799237
57		502725991.799237	502725991.799237
56		502725991.799237	502725991.799237
55		502725991.799237	502725991.799237
54		502725991.799237	502725991.799237
53		502725991.799237	502725991.799237
52		502725991.799237	502725991.799237
61		508696681.668117	508696706.492498
62		508696706.833608	508696740.740664
63		508696741.228583	508696895.241454
64		508696895.867050	508696906.288244
65		508696906.636263	508696990.113544
66		508696990.695031	508697000.730957
67		508697001.263960	508697026.647346
68		508697027.345687	508697699.108031
69		508697720.558666	508697727.543157
70		508697728.032932	508697991.208756
71		508697991.717720	508698382.705789
72		508698383.348159	508698446.492900
73		508698447.134355	508698470.177117
74		508698470.550117	508698481.027532
75		508698481.416734	508698498.612391
76		508698498.981095	508698569.716804
77		508698570.606500	508698619.553538
78		508698620.199414	508698677.573896
79		508698678.147679	508698737.142084
80		508698737.662890	508701513.258083
81		508701513.614487	508701530.143590
82		508701530.522026	508701543.241500
83		508701543.562720	508701551.641544
84		508701551.962014	508701558.942990
85		508701559.303772	508701641.468865
86		508701641.817788	508701652.035598
87		508701652.373200	508701678.220690
88		508701678.593244	508701695.519805
89		508701695.902069	508701703.620214
90		508701705.085497	508701729.741039
90.5	4	508701730.509210	508701746.545244
