1	556737767.504806
z03mangahere	Marry Me!(YUUKI Miku)	12	555028594.175696	L	http://www.mangahere.cc/manga/marry_me_yuuki_miku/	555028594.175696
1		500793497.366928	500794519.824909
2	22	500794520.518085	500794621.411402
3	21	501899579.050794	501899695.924192
4	18	511970358.285021	511970463.607990
5	19	512622462.513653	512622543.490279
6	18	512655890.364670	512655992.844211
7	20	513225131.589454	513225218.114382
8		544864687.522081	544886639.486796
9		544886639.975743	544886694.139372
10		544886694.888719	544886780.626083
11	1	544886781.183254	544886831.150406
12	35	555028594.175696	555028705.300845
