1	555606917.604471
z03mangahere	Hime-sama Tanuki no Koizanyou	12	538497242.227524	L	http://www.mangahere.cc/manga/hime_sama_tanuki_no_koizanyou/	538497242.227524
3		502131472.207376	502132376.604998
2		502131387.365599	502131471.481553
1		502131281.837696	502131386.676820
4		502132377.158572	502132488.947539
5	22	502132489.688163	502136327.577376
6	23	515077790.977533	515077900.174858
7	21	516459495.546834	516459612.113780
8	24	517722311.684861	517722397.430723
9	23	519341935.954923	519342099.728635
10	21	521514250.150426	521514388.280806
11	20	535356294.478182	535356372.530157
12	21	538497242.227524	538497340.552440
