1	555607045.428689
z03mangahere	Hitoribocchi no Chikyuu Shinryaku	71	554652377.245718	L	http://www.mangahere.cc/manga/hitoribocchi_no_chikyuu_shinryaku/	554652377.245718
61	34	521775005.162566	521775338.006252
1		449124212.402803	449124471.762824
2	42	449124472.312984	449124908.526490
3		449125034.243697	449125356.468680
4		449125357.029725	449125522.008962
5		449125522.601033	449125640.586520
6		449161392.787756	449161394.637725
7		449161395.261225	449161594.848321
8		449161596.056005	449161818.838243
9	1	450034366.477027	450034374.378172
10		449162529.504884	449162533.040328
11		449162536.905522	449162771.836568
12		450033624.360116	450034154.292439
13		450102168.659634	450102381.489445
14		450102382.399624	450102574.322092
15		450280839.047992	450280962.460411
16		450280963.184879	450281131.775421
17		450281132.478322	450281283.570488
18		450281284.405242	450281433.019145
19		450281434.483483	450285334.440318
20		450285335.073837	450290823.914159
21		450290824.799649	450291096.625714
22		450291097.341701	450291232.449518
23		450291233.452280	450291387.912592
24		450291388.865551	450291689.308635
25		450792741.683017	450792793.825783
26		450792794.203150	450793064.565175
27		450793065.149773	450793181.973926
28		450890744.980386	450890865.535501
29		450890866.233628	450890988.625489
30		450890989.500298	450891083.883220
31		450891084.645311	450891179.990516
32		450891180.925039	450891256.463410
33		450891257.342776	450891393.440488
34		450891400.464332	450891510.448952
35	28	450891511.362223	450891583.950031
36	38	452696824.119787	452696941.609563
37	34	454396713.306490	454396812.477863
38	34	455083803.270642	455083906.187340
39	26	456209875.819045	456209977.846389
40	30	457801811.766259	457802120.576667
41	31	459238246.878586	459238328.238570
42	30	462685767.225127	462686319.713746
39.1	13	464156668.545003	464156691.886381
43		464702392.379636	464702392.379636
44	31	466947650.521778	466947813.428895
45	28	469254091.544636	469254202.210190
46	30	473500588.879357	473501191.082456
47	39	477377490.111744	477377620.518813
48	37	479974815.288356	479974994.719932
49	38	482949232.881660	482949322.860497
50	34	486450962.128164	486451066.178295
51	31	488783821.361829	488783928.167110
52	37	491462040.602071	491464709.590335
53	39	495175649.140343	495175763.500620
50.5	7	497289429.637602	497289481.512092
54	33	497289484.434252	497289569.739926
55	39	498977629.315535	498978620.855225
56	36	500839922.270721	500840042.949657
57	34	507749823.252915	507749910.483833
58	28	508050953.017071	508051134.374944
59		512108445.679365	512108703.016115
60	39	512108703.734628	512108831.125608
62	30	522307347.531192	522307604.617255
63	36	526316715.992427	526317351.861799
64	36	531637131.633941	531637270.472953
65		537891784.777912	537892159.408746
66		537892160.044835	537892416.163533
67	36	537892416.908306	537892813.362388
68	36	544547287.306065	544547413.294202
69	30	545586802.624537	545588177.075677
70	28	552803561.861168	552803679.690911
71	23	554652377.245718	554652442.812228
