1	558985375.818982
z03mangahere	The Tower of Mysterion	12	466881774.087105	L	http://www.mangahere.cc/manga/the_tower_of_mysterion/	466881774.087105
2		443135242.575818	443135242.575818
1		443135242.575818	443135242.575818
3	29	446963608.325802	446963675.779015
4	27	456209632.496804	456209759.241357
5	28	458665592.141364	458665658.801349
6	25	459741269.792978	459741327.142328
7	19	460393059.861061	460393111.472674
8	25	460955619.006230	460955690.860901
9	17	461725273.897272	461725344.685630
10	23	462195463.215587	462195498.083612
11	1	463492547.373168	463492563.769263
12	-	466881774.087105	466881776.242310
