1	555605665.849331
z03mangahere	Gal Gohan	32	554474552.044125	L	http://www.mangahere.cc/manga/gal_gohan/	554474552.044125
1		537422980.720268	537423150.707917
2		537423151.334821	537423488.484906
3		537423489.094962	537423572.120713
4		537423572.748273	537423726.408661
5		537423726.953618	537423800.594246
6		537423801.236579	537423888.980505
7		537503652.853604	537503729.674174
8		537503730.192269	537503847.064305
9		537503847.771065	537505317.686839
10		537505318.282205	537505424.624167
11		537505425.165038	537505525.866524
12		537505526.533761	537505599.185566
13		537505599.591964	537505944.699640
14		537505945.369405	537506066.954263
15		537506067.651184	537507332.001941
16		537507333.514163	537507390.525316
17		537507390.870582	537507797.821495
18		537507798.499069	537507900.425044
19		537507900.824844	537507976.082024
20	20	537507976.756684	537508063.627424
21	20	539153286.304039	539153365.426126
22	20	539964971.611599	539965083.265043
23	22	541265126.502360	541265281.299991
24	20	542469387.687244	542469521.024458
25	20	543566245.767070	543566388.075468
26	20	546778374.887178	546781864.811184
27	20	547911279.900313	547911412.701953
28	20	548941812.514602	548941926.935097
29	20	550411879.330700	550412443.288523
30	20	551620254.645631	551620338.308561
31	20	553235307.252658	553235406.381848
32	21	554474552.044125	554474640.855817
