1	513180766.079776
z03mangahere	Kanojo ni Naru Hi	20	513180612.711036	L	http://www.mangahere.co/manga/kanojo_ni_naru_hi/	513180612.711036
8	1	446363932.590514	446363934.449997
7		446363937.964129	446363937.964129
6		446363937.964129	446363937.964129
5		446363937.964129	446363937.964129
4		446363937.964129	446363937.964129
3		446363937.964129	446363937.964129
2		446363937.964129	446363937.964129
1		446363937.964129	446363937.964129
9	31	454652821.644121	454653029.552040
10	28	454773186.407555	454773445.134591
11	41	459407204.995172	459407515.379119
12		464244825.865227	464244825.865227
13	42	475255658.710995	475255875.104714
14	32	480254110.207612	480254358.517237
15	40	485272480.922379	485272603.122413
16	33	491658419.699149	491658532.945738
17	40	499267819.694625	499268013.375575
18	33	510640023.362138	510640232.535252
19	42	510848207.943925	510848362.635533
20	39	513180612.711036	513180766.072920
