1	533752739.833322
z03mangahere	Sakurasaku Shoukougun	19	480747311.726939	L	http://www.mangahere.co/manga/sakurasaku_shoukougun/	480747311.726939
13		417527189.011100	417527189.011100
12		417527189.011100	417527189.011100
11		417527189.011100	417527189.011100
10		417527189.011100	417527189.011100
9		417527189.011100	417527189.011100
8		417527189.011100	417527189.011100
7		417527189.011100	417527189.011100
6		417527189.011100	417527189.011100
5		417527189.011100	417527189.011100
4		417527189.011100	417527189.011100
3		417527189.011100	417527189.011100
2		417527189.011100	417527189.011100
1		417527189.011100	417527189.011100
14	38	418426747.517198	418426972.733759
15	38	419824152.791724	419824273.719432
16	39	425790784.970275	425791022.385701
17	38	426401131.721852	426401405.830821
18		435989634.525001	435989634.525001
19	37	480747311.726939	480747498.831529
