1	442818119.242665
z03mangahere	Ookami Kodomo no Ame to Yuki	11	420179423.529680	L	http://www.mangahere.com/manga/ookami_kodomo_no_ame_to_yuki/	420179423.529680
11	6	420179423.529680	420179434.038558
10.5		420179438.093843	420179438.093843
10		420179438.093843	420179438.093843
9		420179438.093843	420179438.093843
8		420179438.093843	420179438.093843
7		420179438.093843	420179438.093843
6		420179438.093843	420179438.093843
5		420179438.093843	420179438.093843
4		420179438.093843	420179438.093843
3		420179438.093843	420179438.093843
2		420179438.093843	420179438.093843
1		420179438.093843	420179438.093843
