1	558977908.364503
z03mangahere	Shirayukihime to 7-nin no Shuujin	33	553386554.937645	L	http://www.mangahere.cc/manga/shirayukihime_to_7_nin_no_shuujin/	553386554.937645
1		413699943.188554	413700103.333991
2		413702547.874701	413702551.131955
3		413702551.782617	413702682.278865
4		413702682.709061	413702736.179526
5		413702933.685624	413703012.596219
6		413703014.666455	413703079.763017
7		413703081.735650	413703228.712838
8		413703745.904693	413703747.847232
9		413703749.269602	413703807.396085
10		413703808.884050	413703879.296217
11		413703879.810310	413703931.748091
12	17	413703932.248757	413703968.398679
13	19	427832332.894890	427832367.654647
14	19	460413101.670020	460413149.864194
15	20	511186881.583711	511186918.496120
19		526317363.269614	526317365.673652
20		526317366.096438	526317516.313547
21		526317516.940987	526317829.490405
22	20	526317830.521266	526318098.869692
18		526318102.165440	526318102.165440
17		526318102.165440	526318102.165440
16		526318102.165440	526318102.165440
23		551109072.741172	551109819.958414
24		551579014.800601	551579279.745091
25		551579280.151182	551579309.463077
26	21	551579309.906486	551579367.245972
27		553380253.800481	553386221.777849
28		553386222.307791	553386257.962763
29		553386258.616131	553386289.447110
30		553386290.694020	553386495.251555
31		553386495.975473	553386520.417816
32		553386522.078948	553386550.423373
33	15	553386554.937645	553386573.833675
