1	558888451.622676
z03mangahere	Kasane	108	558888294.254432	L	http://www.mangahere.cc/manga/kasane/	558888294.254432
1		429850878.856530	429850986.250348
2		429850988.677310	429851110.044624
3		429851111.138705	429851175.116360
4		429851176.669482	429851287.525926
5		429851289.105410	429851351.148605
6		429851352.288776	429851464.524882
7		429851465.651100	429851563.283267
8		429851564.463368	429851625.855209
9		429851627.546715	429851694.960511
10	22	429851696.054036	429851760.851741
11	23	456331638.878540	456331725.788308
12	22	457276033.876164	457276108.981588
13	21	458027135.937028	458027244.854253
14	21	458888868.859091	458888978.429443
15	22	466948524.749716	466948619.238665
16	22	469024867.452589	469025001.835791
17	24	473782128.087670	473782210.618366
18	25	479371203.532667	479394627.912373
19	21	484814827.695053	484814918.516936
20		492243153.875595	492243451.115424
21	22	492243452.305397	492243640.925629
22	22	496069361.848909	496069493.932735
23	24	498665542.115055	498665633.273677
24	22	502350786.618353	502350936.853532
25	22	506763408.483508	506763493.981637
26	25	513786029.904600	513786126.161342
72	27	542125872.085963	542125982.258969
73	20	542911839.955123	542911940.723808
74	20	543267971.667672	543268090.167035
75		544546821.856213	544547080.903331
76		544547081.354440	544547160.072864
77	19	544547160.491189	544547234.698558
78	19	544561009.313110	544561123.624718
80	22	545589044.998140	545589512.741633
81		546356864.452643	546356994.660766
82		546356995.322399	546357475.994173
83	21	546357476.949628	546357560.878843
84	20	546788405.283687	546788485.863554
85	20	547221886.517014	547221952.957579
86		547392716.083222	547392757.585505
87	19	547392758.326106	547392818.107160
90	23	547861237.867591	547861579.332514
93		548691927.985963	548691990.190851
96	20	548691990.646634	548692030.569799
99	22	551275786.944421	551275832.831482
108	25	558888294.254432	558888449.699343
