1	555950853.467238
z03mangahere	Kanojo, Okarishimasu	48	555775287.500960	L	http://www.mangahere.cc/manga/kanojo_okarishimasu/	555775287.500960
17		547873554.509806	547873630.780893
18		547873631.319416	547873705.219712
19		547873706.119197	547873757.788700
20		547873758.759564	547873846.375862
21		547873846.981947	547873957.181016
22		547873958.327012	547874031.046862
23		547874031.585032	547874116.604992
24		547874117.242547	547874274.358656
25		547874275.194160	547874330.713705
26		547874336.636122	547875193.487763
27		547875193.926743	547875281.181033
28	21	547875281.624274	547875382.534227
29	21	548131761.833046	548131865.716682
30	23	548723727.150374	548723799.993019
31	28	549349600.885670	549349960.185858
32	20	549776353.162912	549776446.749056
33	22	550211707.194047	550211825.294632
34	21	550796252.273521	550796346.972382
35	23	551230784.088163	551230866.561090
36	21	551850751.042461	551850839.513874
37	23	552169061.120333	552169181.567954
38	21	552612155.012234	552612244.456025
39	21	553042226.071023	553042325.359476
41	22	553928214.281037	553928316.262686
42	21	554387621.888080	554387751.156601
43	22	554772941.584091	554773503.330418
44		555307898.967603	555307984.271796
45		555307985.016920	555308062.392368
46		555308063.219336	555308131.896186
47	23	555308132.528880	555308193.771675
48	22	555775287.500960	555775364.997416
