1	524666781.843593
z03mangahere	Onani Master Kurosawa	31.5	524666738.202901	L	http://www.mangahere.co/manga/onani_master_kurosawa/	524666738.202901
1		524663564.495730	524663726.031767
2		524663726.683308	524663847.423070
3		524663848.054198	524663922.428244
4		524663922.812022	524664021.901107
5		524664022.526752	524664176.061593
6		524664176.896516	524664248.433111
7		524664249.042763	524664392.492316
8		524664393.195853	524664482.081307
9		524664485.679156	524664640.959469
10		524664641.313657	524664737.197477
11		524664737.814369	524664841.937558
12		524664842.312560	524664982.880041
13		524664983.550407	524665062.568906
14		524665063.215850	524665127.056492
15		524665127.446702	524665183.526479
16		524665184.250612	524665277.167131
17		524665277.736972	524665407.792007
18		524665408.515607	524665516.081929
19		524665516.759761	524665569.101719
20		524665569.727596	524665624.856184
21		524665625.869211	524665683.275843
22		524665683.993283	524665764.464703
23		524665765.008583	524665825.487132
24		524665826.044161	524665900.841166
25		524665901.499001	524665984.413104
26		524665985.039161	524666040.244123
27		524666040.652296	524666135.551632
28		524666136.266866	524666220.739306
29		524666221.552686	524666311.080999
30		524666311.635559	524666638.366796
31		524666638.893626	524666737.556797
31.5	2	524666738.202901	524666781.842649
