1	555605290.784355
z03mangahere	Fairy Tail Gaiden - Kengami no Souryuu	15.5	475375895.939666	L	http://www.mangahere.cc/manga/fairy_tail_gaiden_kengami_no_souryuu/	475375895.939666
1		460267300.903926	460267300.903926
2	1	460762119.487088	460762123.077912
3	11	461032171.051755	461032207.212154
4	18	461677319.384933	461677404.167586
5	11	462574442.551830	462574508.288843
6	11	463180963.877232	463181015.068468
7	11	463898837.287720	463898871.583565
8		464333173.463882	464333173.463882
9		465023486.506802	465023486.506802
10	11	466147591.261028	466147631.890050
11	10	466179448.714140	466179491.866920
12	11	466748400.585703	466748446.203755
13	11	468135210.638075	468135241.279347
14	9	468662581.623157	468662604.386293
15	16	469370209.128752	469370289.994678
15.5	10	475375895.939666	475375965.374096
