1	556685529.918775
z03mangahere	Chasing The Sun	78.1	555260213.726151	B	http://www.mangahere.cc/manga/chasing_the_sun/	555260213.726151
1		530512983.388845	530513151.858617
2		530513152.408774	530513191.829348
3		530513192.208746	530539604.580843
4		530539605.117378	530539682.879521
5		530539683.223202	530539745.369174
6		530539745.756857	530539849.887478
7		530539850.522611	530539907.808757
8		530539908.206974	530539962.661002
9		530539963.292815	530540046.896769
10		530540047.539828	530540131.433952
11		530563445.128014	530563455.450874
12		530563455.813272	530563530.574920
13		530563530.923961	530563598.554792
14		530563598.914102	530563651.044629
15		530563651.437116	530571246.899822
16		530571247.473222	530571348.336981
17		530571348.908445	530571419.606987
18		530571420.310257	530571474.147076
19		530571476.097341	530594018.391160
19.5		530634362.153682	530634695.288056
20		530634710.006994	530635462.543273
21		530635463.040228	530635671.818471
22		530635672.571830	530635792.523048
23		530636260.961616	530636565.038421
24		530636566.153937	530636684.006062
25		530636684.519356	530636892.871776
26		530638436.230230	530638457.975196
27		530638458.314051	530638533.755780
28		530638534.299260	530638591.246270
29		530638591.850228	530638657.848731
30		530638658.522882	530638729.185388
31		530638729.821678	530638805.105138
32		530638805.820865	530638893.142868
33		530638893.750161	530638945.725400
34		530638946.296974	530638995.745213
35		530638996.411701	530639021.631522
36	2	530639022.049547	530639080.838568
37	2	531723678.881803	531723725.984297
38	2	533282145.111492	533282766.423938
40	3	534867399.098754	534867472.798821
39		535613188.601469	535613188.601469
41	2	536225507.825684	536225577.083993
42	3	539448964.296186	539449025.068386
43		543391810.385747	543392553.527228
44	2	543392554.216458	543392603.092786
45	2	544200320.663944	544200439.206873
47	1	548287840.047373	548287841.568074
48	2	549377734.088566	549378022.846684
49	1	552195114.331971	552195849.769214
49.5		554041229.021698	554041778.125192
50		554041779.373952	554041823.441005
51		554650527.108380	554650528.360725
52		554650529.103897	554650584.744397
53		554650585.303414	554650808.291727
54		554650808.927238	554650859.892457
55		554650860.662706	554651029.868407
56	2	554651030.524787	554651104.132591
58	1	554735905.049483	554736107.880624
59		555258564.670104	555258743.827987
60		555258744.662083	555258801.991895
61		555258803.135555	555258834.877561
62		555258836.824166	555258992.944012
63		555258993.563540	555259217.592418
64		555259218.278113	555259253.643734
65		555259254.332484	555259324.963927
66		555259325.615188	555259388.031644
67		555259388.785635	555259519.657881
68		555259520.374584	555259567.388930
69		555259568.023336	555259890.152010
70		555259890.676624	555259936.770567
71		555259937.454475	555259975.372572
72		555259976.053130	555260005.487642
73		555260006.157343	555260037.091801
74		555260047.065082	555260088.194480
75		555260088.909378	555260133.376627
76		555260133.894881	555260213.049265
78.1	1	555260213.726151	555260266.553873
