1	558976903.869335
z03mangahere	Saint Oniisan	52	554744304.910127	L	http://www.mangahere.cc/manga/saint_oniisan/	554744304.910127
1		452661930.124752	452662008.308181
2		452699107.440963	452699125.550139
3		452699125.752108	452699323.066009
4		452719484.328889	452719775.459670
5		452719775.943953	452719938.138880
6		452741689.589057	452742086.943040
7		452742087.511339	452742546.011801
8		452742546.575558	452745100.339758
9		452745100.867852	452745274.342870
10		452749347.072426	452749527.766587
11		452754815.065183	452755011.505415
12		452781600.482993	452781839.473215
13		452804368.265516	452804370.887741
14		452804371.247515	452804637.842963
15		452804651.966350	452807027.792482
16		452807028.377499	452807217.661611
17		452807218.239773	452807757.119547
18		452807757.703174	452807877.311017
19		452959214.483043	452959396.944367
20		456174933.958586	456175167.081593
21		456175167.997794	456175483.850118
22		466006995.348289	466006999.546720
23		484442425.961989	484442596.888076
24		484442597.789230	484442757.648435
25		499626514.368976	499626615.802773
26		508780488.280019	508780584.905694
27		529597029.982456	529597072.097820
28		529597138.945326	529597532.326170
29		529597533.069669	529597680.890048
30		529597682.926681	529598986.229025
31		529601079.999381	529601478.660745
32		529601479.425009	529601879.911164
33		529601880.569545	529602293.448818
34		529602294.065122	529602578.904496
35		529602579.505112	529603336.764101
43		533492508.968167	533492511.307760
44		533492511.633821	533492883.975043
45		533492997.683852	533493444.990099
46		533493445.660795	533493851.538807
47		533493852.132205	533494064.431571
48		533494065.099282	533494592.688809
49		533494593.314218	533494889.898407
50	21	533494890.435107	533495042.666676
51	22	542571816.976580	542572132.846757
VOL4 18		554731259.344355	554731259.344355
VOL4 17		554731259.344355	554731259.344355
VOL4 16		554731259.344355	554731259.344355
VOL4 12		554731259.344355	554731259.344355
VOL4 11		554731259.344355	554731259.344355
VOL4 10		554731259.344355	554731259.344355
VOL4 9		554731259.344355	554731259.344355
VOL4 8		554731259.344355	554731259.344355
VOL4 7		554731259.344355	554731259.344355
VOL4 6		554731259.344355	554731259.344355
VOL4 5		554731259.344355	554731259.344355
VOL4 4		554731259.344355	554731259.344355
VOL4 3		554731259.344355	554731259.344355
VOL4 2		554731259.344355	554731259.344355
52	21	554744304.910127	554744383.952368
