1	555604420.245226
z03mangahere	Denkigai no Honya-san	61	495652730.846621	L	http://www.mangahere.cc/manga/denkigai_no_honya_san/	495652730.846621
1		431654148.112618	431657461.884298
2		431657462.343980	431657682.851921
3		431657684.388871	431658543.007633
4		431658543.358082	431663594.460975
5	31	431663596.019945	431665729.183006
11	16	440734517.644908	440734552.354395
16		440734556.464635	440734684.861051
17		440734685.462931	440734774.718687
18		440734775.276584	440734783.857471
18.5		440734784.047819	440734815.888589
19		440734816.420790	440734824.763110
20		440734825.018931	440734830.578061
21		440734830.745415	440734939.282308
21.5		440734939.815400	440735027.923164
22		440735028.475307	440735041.564826
22.5		440735121.447547	440735155.267857
23		440735155.873170	440735169.575623
24		440735169.880966	440735247.491967
25		440735248.036795	440735282.843539
26		440735283.342306	440735300.686571
27		440735300.939949	440735306.904332
27.5		440735307.200165	440735340.633069
28		440735341.225381	440735363.923340
29		440735364.450453	440735369.141105
30		440735369.321995	440735505.813798
30.5		440735506.396675	440735570.336116
31		440735570.897326	440735669.429173
32		440735669.947298	440735768.468133
33		440735768.945483	440735844.382955
34		440735844.639138	440735940.145441
35		440735940.684101	440735979.470695
36		440735980.011506	440736078.679726
37		440736079.233442	440736266.862915
38		440736267.443277	440736284.096645
39		440736284.605778	440736428.826760
40		440736429.441506	440736562.654210
41		440736563.179994	440742331.152843
41.5		440742331.749767	440742340.992674
42		440742341.201036	440742516.433550
43		440742517.019652	440742708.035446
44		440742708.599417	440742868.933620
45		440742869.494835	440743285.019833
46		440743285.623694	440743381.876449
47		440743382.346531	440743586.854924
47.5	11	440743587.506372	440743605.798493
48		456092793.030777	456092854.180621
49		456092854.701343	456092948.952549
50		456092949.966282	456093070.194586
51		456093071.092811	456093235.207548
52		456093236.260666	456093320.564512
53		456093321.451000	456093340.883096
54	30	456093341.853294	456093469.111810
48.5	8	456157432.813128	456157454.354534
55		495039783.094857	495039926.020877
55.5	9	495039927.126819	495040030.199735
56		495123404.038007	495123518.844571
57	9	495123519.641640	495123614.928667
58	30	495381545.183963	495381721.532671
59	30	495405454.040871	495407043.873326
60	24	495471434.946863	495471625.688665
61	18	495652730.846621	495652884.834005
