1	442818122.163176
z03mangahere	Seishun For-Get!			L	http://www.mangahere.com/manga/seishun_for_get/	0.000000
20		401340545.396921	401340545.396921
19		401340545.396921	401340545.396921
18		401340545.396921	401340545.396921
17		401340545.396921	401340545.396921
16		401340545.396921	401340545.396921
15		401340545.396921	401340545.396921
14		401340545.396921	401340545.396921
13		401340545.396921	401340545.396921
12		401340545.396921	401340545.396921
11		401340545.396921	401340545.396921
10		401340545.396921	401340545.396921
9		401340545.396921	401340545.396921
8		401340545.396921	401340545.396921
7		401340545.396921	401340545.396921
6		401340545.396921	401340545.396921
5		401340545.396921	401340545.396921
4		401340545.396921	401340545.396921
3		401340545.396921	401340545.396921
2		401340545.396921	401340545.396921
1		401340545.396921	401340545.396921
