1	556684814.201279
z03mangahere	Apocalypse no Toride	46.5	489674284.137431	L	http://www.mangahere.cc/manga/apocalypse_no_toride/	489674284.137431
1		411200980.961946	411201406.708032
2		411201408.660515	411201620.724483
3		411201622.606249	411201781.507848
4		411201783.369848	411201906.958029
5		411201908.301379	411202093.991633
6		411202095.859058	411202269.124470
7	45	411202270.779734	411202491.262856
8		411202501.439255	411202649.426160
9		411202649.540487	411202805.074922
10		411202805.181417	411202954.675233
11		411202954.793004	411203093.925392
12		411203094.047788	411203291.796584
13		411203291.924964	411203433.258554
14		411203433.386736	411203638.775596
15		411203638.869507	411203769.725555
16		411203769.830735	411203875.892134
17		411203875.990776	411203960.491664
18		411203960.593763	411204087.391701
19		411204087.482317	411204227.241360
20		411204227.330591	411204352.058131
21		411204352.126665	411204476.673883
22		411204476.751270	411204583.809514
23		411204583.880313	411204661.258414
24		411204661.321283	411204717.758449
25		411204717.822810	411204810.408154
26		411204810.475448	411204903.841435
27	36	411204903.904536	411205025.342192
28	36	411397149.656199	411397266.918632
29	36	413815400.759899	413815530.476893
30		418283500.927076	418283500.927076
31	36	418283502.492738	418283644.042437
32	36	421039762.852000	421039871.642833
33	36	423578997.398605	423579223.435975
34	36	431437893.845720	431437995.816972
35	38	432912585.578271	432912726.692222
36	19	435471129.703194	435471366.273324
37	36	438065115.657335	438065294.016056
38	36	442172606.709544	442172718.028995
39	36	444805721.748027	444805835.533234
40	36	447309329.405218	447309419.788380
41	36	450242263.678108	450242415.119919
42	36	452696947.334794	452697092.832284
43	28	455115282.464121	455115360.612173
44	38	457680216.615005	457680319.936415
45	29	460388998.925333	460389171.964143
46		489674210.497765	489674283.002760
46.5	23	489674284.137431	489674345.923823
