1	555603923.781315
z03mangahere	Cross Manage	31	510334660.178603	L	http://www.mangahere.cc/manga/cross_manage/	510334660.178603
10		416618875.868237	416618875.868237
9		416618875.868237	416618875.868237
8		416618875.868237	416618875.868237
7		416618875.868237	416618875.868237
6		416618875.868237	416618875.868237
5		416618875.868237	416618875.868237
4		416618875.868237	416618875.868237
3		416618875.868237	416618875.868237
2		416618875.868237	416618875.868237
1		416618875.868237	416618875.868237
0		416618875.868237	416618875.868237
11	20	427079523.416933	427079609.531221
12		439875487.262334	439875704.314880
13		439875704.889084	439875880.998579
14		439875881.557062	439875903.281863
16	20	439875911.015745	439876019.154575
17	18	441834773.575215	441834903.030881
18	20	445322014.594901	445322216.677805
19	22	449110706.905334	449110908.001478
20	20	451342607.433103	451342712.852908
21	18	454970914.987440	454971012.913042
22	19	456209454.084190	456209624.421541
23	20	457416189.937759	457416369.140474
24	21	458542780.682569	458542911.366261
25	20	459836038.372443	459836172.387747
26	29	472887318.552516	472887605.690691
27	20	474320447.888609	474320527.277993
28	21	475045564.781610	475045611.698402
29	22	486019882.002698	486020042.542712
30	21	508220868.705392	508222315.096937
31	20	510334660.178603	510334742.605899
