1	538586990.367198
z03mangahere	Dragon Ball Chou	32	538586983.988760	L	http://www.mangahere.cc/manga/dragon_ball_chou/	538586983.988760
1		464935422.404671	464935511.725596
2		464935512.337823	464935574.247381
3		464935575.087025	464935652.499123
4	21	464935653.212063	464935739.087083
5	24	467207440.235455	467207730.315433
6	24	470265155.214411	470265332.871101
7	24	472887762.817153	472887937.133309
8	21	472923708.651625	472923720.950719
9	30	477608833.022603	477608942.133059
10	37	480403515.338070	480403701.861616
11	25	483335069.978748	483335226.085800
12	32	486055286.405740	486055437.956670
13	41	488614340.708233	488614608.229367
14	43	491839630.494557	491839777.956477
15	39	494137683.509796	494138018.567401
16	41	496518363.293130	496518613.067033
17	43	500317097.456024	500317222.057269
18	39	501745656.507010	501745980.810973
19	42	504021214.454553	504021354.168691
20	40	507043900.094292	507044252.600639
21	46	509338228.152155	509338484.228739
22	46	511850693.083858	511850729.211265
23	46	515086163.077363	515086205.503662
24	45	517121561.645459	517121581.373067
25	45	519661023.026968	519661197.420766
26	44	522793608.043882	522793761.858915
27	45	525269251.705795	525269266.445118
28	45	528038733.823098	528038753.776228
29	50	531059159.970087	531059247.019937
31	45	536652221.503655	536652315.221710
30	46	537981589.255919	537981898.061519
32	-	538586983.988760	538586988.197345
