1	556685789.723742
z03mangahere	Rokudou no Onna-tachi	100	554876739.721623	L	http://www.mangahere.cc/manga/rokudou_no_onna_tachi/	554876739.721623
1		512917846.245010	512918188.881568
2		512918190.148802	512918345.909531
3		512918346.969919	512918489.958184
4		512918490.730112	512918562.246509
5		512918562.909829	512918654.184344
6		512918654.847281	512918859.900206
7		512918860.594304	512918935.054085
8		512918936.028346	512919043.267692
9		512919043.921905	512919225.224583
10		512919225.597921	512919439.938703
11		512919440.588473	512919553.512617
12		512919554.630104	512919639.584917
13		512919640.368346	512919707.607011
14		512919708.397884	512919780.245962
15	19	512919781.356541	512919889.543114
16		513355062.902493	513355198.162704
16.5	5	513355199.316444	513355231.621003
17	19	514013822.195499	514013909.155563
18	20	514435693.025158	514435808.591205
19	24	515078685.693340	515078898.665157
20	22	515556507.230876	515556703.942604
21	19	515947348.809173	515948185.404824
22	18	516079908.318657	516080027.475537
23	20	516517824.177238	516517947.536857
24		516853835.041867	516853835.041867
25		517121101.267120	517121182.270256
25.5	4	517121182.928827	517121216.897081
26	20	517556329.378729	517556402.277412
27	13	517783892.264712	517784003.272745
28	20	517899306.276450	517899615.344054
29		518248651.930775	518248651.930775
30	20	518322840.970061	518322969.512626
31	24	518504348.694094	518504816.222988
32	20	518994713.773338	518994809.360397
33	19	519080789.290619	519080884.437021
34	20	519196073.932113	519196413.938327
35	23	519342108.320018	519342196.453508
36	20	519626967.092327	519628840.279479
37	20	519691013.292079	519691467.570380
38		519803346.754200	519803346.754200
39	21	520066193.195425	520066319.874887
40		521164019.757218	521164025.592979
41		521164025.605904	521164129.102023
42	21	521164129.134338	521164226.680346
43	21	521515245.355357	521515465.602586
44	20	521608054.869755	521608130.966593
45	20	521882509.468368	521882583.579295
46	18	522261741.301661	522261865.148048
47	20	522518043.765242	522518129.464624
48	18	522664682.369698	522664830.997878
49	18	522804804.382996	522804916.205473
50		522944693.076011	522944693.076011
51	18	523259806.506753	523259890.883336
52	20	523342517.769167	523342594.854585
53		523435798.728782	523435912.791084
54	20	523435913.637191	523436024.702427
55	20	523517927.962373	523518019.406044
56	6	524809972.729625	524810009.588966
57	20	525356167.354665	525356253.148865
58	19	526193482.000901	526193586.519429
59	19	526825783.716556	526825917.115078
60	19	527516049.269938	527516088.552727
61	21	528005430.203671	528005564.629076
62	21	528824501.482472	528824624.750279
63	19	529244719.437985	529244785.510409
64	19	530108416.052791	530108496.164346
65	19	531059725.117427	531062504.119209
52.5	5	531154193.086051	531154244.400016
66	18	531717928.463621	531718013.388048
67	10	531804270.779025	531804404.411181
683	1	531837577.337686	531837582.983494
68	19	532928294.947721	532928404.067466
71	18	535042410.640570	535042487.137141
72	21	535300435.453927	535300520.172961
61.5	5	535474791.154603	535474842.239182
73	21	536082673.459024	536082772.561336
74	18	536993386.024682	536993504.539965
75	20	537691650.243484	537691772.641595
76	20	539964828.282978	539964963.426120
77	20	540884475.811019	540884561.255845
78	20	541516991.982819	541517098.187892
79	19	541975977.506580	541976138.771785
80	19	542572380.628180	542573979.438235
81	22	542883827.506050	542883926.417738
82	20	543502624.484046	543502760.555607
83	20	543760161.255010	543760287.965144
84	19	544257756.620278	544257908.370683
85	20	545404377.490721	545404476.526227
86	-	546147862.455455	546294810.425307
70.5	6	546294814.122300	546294856.026926
87	20	546873150.220113	546873253.057443
88	19	547928823.437409	547928906.872682
89	20	548600690.423596	548600781.044462
90	20	549135432.634662	549135526.446594
91	17	550066977.142878	550067063.891654
92	19	550294544.418090	550294636.606595
93	22	550339264.033684	550339405.224365
94		550642600.717187	550642709.292359
95	19	550642710.051742	550642853.753471
96	18	550986352.846318	550986468.498013
97	21	551564841.514675	551564945.797805
98	21	552884669.332804	552884793.165593
99	19	553585782.816894	553585874.792091
100	19	554876739.721623	554876823.112892
