1	513012830.291958
z03mangahere	Love Calendar	5	513012381.404137	L	http://www.mangahere.co/manga/love_calendar/	513012381.404137
1		513011802.990712	513012024.944118
2		513012025.530753	513012138.352997
3		513012138.874718	513012211.476046
4		513012212.096035	513012380.768430
5	2	513012381.404137	513012830.281116
6	37	460553125.638593	460553338.885488
7		467618620.563207	467618623.256199
8	1	467618624.455990	467618626.116946
9		474471666.900212	474471754.220235
10		474471755.470263	474472221.855571
11		474472222.676759	474472304.716312
12	39	474472305.945320	474472420.346493
