1	558984818.496232
z03mangahere	Takane no Hana Nara Ochitekoi!!	9	558888213.239227	L	http://www.mangahere.cc/manga/takane_no_hana_nara_ochitekoi/	558888213.239227
1	17	466529586.876209	466529725.634210
2	16	469975543.785984	469975691.378692
3	19	473614745.372551	473614933.923236
4	21	474822892.637245	474823061.949039
5	23	485095126.837094	485095208.866684
6	28	492319580.284510	492319824.097711
7	18	500793349.341852	500793490.028656
8	18	506873688.206780	506874103.768101
9	20	558888213.239227	558888284.304428
