1	555604266.749174
z03mangahere	Days	156	555337919.474833	L	http://www.mangahere.cc/manga/days/	555337919.474833
1		474185684.854186	474185952.679684
2		474185953.690072	474186288.962109
3		474309865.926713	474310029.456817
4		474310030.102938	474310175.231081
5		474310175.812650	474310357.326342
6		474310384.484758	474319286.065442
7		474319287.133665	474319379.448267
8		474319380.503213	474319480.723666
9		474320586.516897	474320696.037295
10		474320697.174059	474320746.823899
11		474442023.525885	474442147.256627
12		474442147.920533	474442237.074384
13		474442237.823738	474442370.618917
14		474442371.359902	474442449.942892
15		474442450.716989	474442529.265935
16		474476436.126376	474476595.778515
17		474476596.202586	474476702.697586
18		474476703.392341	474476797.039019
19		474476797.804903	474476885.323330
20		474476886.082541	474476956.129405
21		474476956.930190	474477059.557783
22		474477059.989894	474477139.011392
23		474477139.714531	474477216.718019
24		474477217.441758	474477324.493955
25		474477325.268280	474477405.000749
26	23	474477405.829493	474477449.105934
27	21	476080904.939149	476080989.667897
28		477498465.593970	477498545.250362
29		492841062.013109	492841066.651437
30		492841067.008195	492841154.826678
31		492841155.418876	492841239.832546
32		492841240.450958	492841295.335964
33		492841295.956873	492841388.808724
34		492841389.443112	492841522.917774
35		492841523.721038	492841651.792615
36		492841652.412247	492841778.769190
37		492841779.390727	492841877.440750
38		492841931.811795	492842037.190237
39		492842063.257763	492842176.410337
40		492842176.815551	492842284.384218
41		492842285.077912	492842399.225053
42		492842586.102986	492842700.094706
43		492842700.830835	492842793.017321
44		492842793.909905	492842948.044290
45		492842948.738248	492843075.736088
46		492843076.517847	492843176.559388
47		492843177.329638	492843270.779179
48		492843271.352089	492843366.822026
49		492843367.848351	492843449.094044
50		492843478.672562	492843614.945327
51		492843615.634294	492843663.446448
52	21	492843664.771588	492843722.237422
53	21	492923899.641877	492924016.223440
54		492937079.611278	492937194.145891
55	19	492937194.941105	492937312.575063
56	22	493283618.314071	493283742.935147
57		493533394.888946	493533515.789925
58	20	493533516.633547	493533595.672474
59	21	493785441.493430	493785556.795198
60	24	493877495.794147	493877619.980894
61	21	494254210.690589	494254303.158767
62	20	494344016.422273	494344061.998872
63		494943078.808567	494943205.688456
64	21	494943206.838198	494943330.246927
65	21	495905375.044034	495908403.555983
66	22	496156419.519403	496156517.550472
67	22	496327458.525257	496327569.400610
68	25	496589825.566946	496589921.509747
69		498401912.558844	498401995.388737
70	17	498401995.982033	498402070.501715
71	21	500190322.367199	500190412.552756
72	21	500535018.917783	500535120.229163
73		500794639.997141	500794738.260484
74		500794739.294287	500794830.265451
75	21	500794831.396018	500794919.308847
76	21	502608517.876431	502608518.763436
77		502608514.706430	502608517.527532
78		504068795.605063	504068885.113946
79	21	504068885.518313	504068953.413828
80		504686865.075120	504687025.136486
81	18	504687026.406544	504687134.371113
82		505203189.052539	505203349.034943
83	16	505203349.707622	505203387.673551
84	20	506763193.757699	506763270.576509
85	21	508003793.972681	508003855.456069
86		508276508.183390	508276639.633073
87		508276640.240760	508278120.410178
88		508278120.779925	508279139.462098
89		508279140.112350	508279268.185999
90		508279268.827456	508279403.946492
91		508279404.463828	508279492.683779
92	19	508279493.731748	508279558.417281
93		508650356.265193	508650420.091282
94	18	508650420.817883	508650468.708416
95		508919501.912292	508919581.111303
96	20	508919581.488827	508919650.078005
97		510590770.902884	510591015.622315
98	18	510591016.713967	510591146.395953
99	18	510760255.373412	510760336.144413
100		510847875.863499	510847969.540342
101	19	510847970.463810	510848064.183964
102	19	511104061.871339	511104137.946817
103	20	512108035.130768	512108118.752326
104	21	512313297.830469	512313377.736817
105	21	513091996.172290	513092081.115246
106	22	513519934.009685	513520047.418237
107	23	514729061.903380	514729168.425857
108		515510504.377249	515510714.021218
109		515510715.312020	515510793.259094
110	21	515510793.999546	515510955.428731
111	25	517240959.615207	517241093.936564
112	21	517470808.289832	517470935.811972
113	21	517988276.841180	517988391.590330
114		519229625.463705	519229763.484382
115	24	519229764.196938	519229923.417758
116		521446542.827916	521446750.938290
117		521446750.967443	521446764.192820
118	25	521446764.225546	521446850.129909
119	21	521602409.764047	521602668.783189
120	20	522297072.804375	522297133.924496
121	21	522935773.133915	522935907.909325
122	28	526279488.267133	526279582.991678
123	21	527174730.914339	527174790.962074
124	23	527525512.469111	527525729.205072
125	25	528646682.703183	528646739.704881
126	20	528996900.528529	528999406.048290
127	20	529260663.946381	529269766.928199
128	27	531591512.653386	531600733.700170
129		532986364.324777	532986934.546807
130		532986935.388464	532987061.735760
131	20	532987062.802868	532987167.272920
132	20	533486381.098314	533486493.830403
133		536082362.551316	536082511.617707
134		536082512.193446	536082605.738016
135	19	536082606.405359	536082664.112045
136	20	537895201.920933	537911595.660069
137	21	539189106.441964	539189224.835556
138	21	539534948.088520	539535066.679157
140	9	543184351.018605	543184440.072688
141	20	543503308.566331	543503438.493848
142	23	543851784.247732	543851859.898941
143	23	545575225.995383	545577996.511620
144	20	546183942.720978	546184298.306387
145	21	547221964.518169	547222072.855609
146	21	547796251.034542	547796351.787390
147	21	549471388.061161	549471442.655320
149	26	549699854.826701	549699924.274421
150		551106817.217124	551106899.102309
151	21	551106899.665248	551107014.414753
152	24	551557825.862167	551557968.407487
153	21	552504109.330953	552504284.455027
154	21	553220003.283711	553220159.300477
155	27	553494396.435186	553494562.409935
156	21	555337919.474833	555338040.967507
