1	555521968.722276
z03mangahere	Sangatsu No Lion	107	548085024.215884	L	http://www.mangahere.cc/manga/sangatsu_no_lion/	548085024.215884
1		489473674.502553	489473852.408936
2		489501393.111635	489501534.088036
3		489501534.718941	489501675.764448
4		489501676.584588	489501810.369717
5		489501837.453668	489501920.478099
6		489501920.843052	489502012.036704
7		489502012.515204	489502163.362704
8		489502164.077348	489511635.939812
9		489511636.778564	489511801.204559
10		489511802.110507	489511912.428516
10.5		489511913.262170	489511919.864243
11		489511920.502952	489512014.652080
12		489512015.524857	489512104.224760
13		489512105.122876	489516980.677555
14		489516981.070074	489517128.661349
15		489517129.462780	489517271.403746
16		489517272.434963	489517353.609390
17		489517354.490743	489517460.947839
18		489517461.897730	489517521.352448
19		489517522.254226	489517607.575729
20		489517608.492268	489517700.898734
21		489517701.737541	489517742.234573
21.5		489517743.084180	489517754.039507
22		489524317.596156	489524451.858606
23		489524452.437223	489524584.180937
24		489524585.377159	489524720.378600
25		489524728.296370	489524876.272174
26		489524876.999656	489525058.201072
27		489525058.941411	489525129.788667
28		489525130.402485	489525187.341051
29		489525187.974563	489525244.429848
30		489525244.845810	489525371.371208
31		489525395.433742	489525566.950760
32		489525567.360003	489525621.170979
32.5		489525621.573218	489525640.210410
33		489525640.617404	489525735.190235
34		489525735.721209	489525821.250878
35		489525822.322944	489525921.907469
36		489525922.617792	489526045.982585
37		489526046.384761	489526206.708884
38		489526207.339083	489560303.037659
39		489560303.636085	489560451.621096
40		489560452.032547	489560500.624672
41		489560501.119842	489560589.750013
42		489560591.470254	489560628.986035
42.5	1	489560629.529020	489560633.841441
44		489588023.944838	489588146.258174
45		489588146.635031	489588247.464051
43		489587902.618002	489588023.316173
46		489588248.106897	489595991.373194
47		489595992.754263	489596374.356411
48		489596374.847559	489611540.568266
49		489611541.788084	489616603.894888
50		489616604.696655	489616710.000930
51		489616710.611819	489616779.538901
52		489616780.664257	489616851.393750
53		489616852.381413	489616876.429790
54		489616877.504971	489616996.270331
55		489616997.253827	489617144.988178
56		489617146.080893	489624813.463583
57		489624814.031574	489624905.687760
58		489624906.579487	489625075.028028
59		489625075.957194	489625143.164364
60		489625559.733729	489625624.342629
61		489625624.739483	489625708.245725
62		489625708.929085	489625769.368530
63		489625770.040125	489625899.989844
63.5	1	469110930.161373	489625907.359436
64		489626060.508813	489626196.892076
65		489626197.494390	489626396.894449
66		489626397.543997	489626432.480118
67		489626432.869190	489626497.584501
73		489630378.952445	489630462.609738
68		489626498.222054	489626589.323832
69		489626590.543595	489626713.748561
70		489626714.381603	489626866.825372
71		489626867.963729	489626931.480571
72		489626932.273772	489630375.504462
74		489630463.252799	489630647.085125
75		489630948.037561	489630989.587903
76		489630990.196900	489631055.895386
77		489631056.569769	489631142.399566
78		489631142.804914	489631238.817894
79		489631239.522581	489645896.137940
80		489645896.541886	489645947.369416
81		489674561.513322	489674564.002439
82		489674564.835389	489674606.705271
83		489674607.278622	489674689.528784
84		489674689.885249	489674804.169500
85		489674804.920033	489683895.677838
86		489683905.017689	489683974.129713
87		489683975.086280	489684016.970010
88		543004102.198391	543004266.926579
89		543004267.539175	543004414.366194
90		543004415.208847	543004547.817120
91	2	548084006.558644	548084013.240901
92		543004637.529410	543004649.779476
93		543004650.326431	543004655.625397
94		543004658.575909	543004664.813168
95		543004665.227364	543004745.244461
96		543004745.889628	543004865.818169
97	3	548084018.242335	548084027.120819
98	5	543005097.835564	543005113.007508
99	2	543004068.071935	543004074.407004
100		530726421.603531	530726564.081164
101		530726564.459181	530727693.158748
102		548084031.440682	548084118.722807
103		548084119.440892	548084238.498103
104		548084239.304460	548084778.241858
105		548084778.796930	548084971.248796
106		548084971.706258	548085023.637483
107	11	548085024.215884	548085134.721342
108		543005990.202113	543006052.986461
109		543006053.708968	543006109.506254
110		543006110.161636	543006177.474422
111		543006180.275884	543006235.244494
112		543006236.313780	543006285.297286
113		543006289.450736	543006355.387161
114		543006356.502505	543006449.173624
115		543006449.894103	543006571.199347
116		543006571.911639	543006602.431085
117		543006602.801723	543006697.419039
118		543006698.299678	543006781.525827
119		543006783.533298	543006951.071570
120		543006952.725240	543007061.127577
121		543007061.688627	543007115.114105
122		543007115.732405	543007152.749905
123		543007153.477770	543008960.360117
124		543008962.104680	543009021.131716
125		543009021.671768	543009101.715159
126		543009102.276647	543009233.057814
127		543009233.729351	543009364.810455
128		543009389.409091	543009488.019423
129		543009491.323087	543009603.541697
130		543009604.598429	543009646.159676
131		543009647.056621	543009677.827983
132		543009678.452388	543009712.262362
133		543009713.038253	543009805.983224
134		543009806.666521	543009844.800806
135		543009846.156718	543009964.297937
136		543009964.832633	543010027.586981
137	4	543010028.184158	543010035.248733
138		535747153.226079	535747165.764315
139	24	535747166.139372	535747242.582377
