1	555906634.637485
z03mangahere	Misoshiru de Kanpai!	23	551077389.383550	L	http://www.mangahere.cc/manga/misoshiru_de_kanpai/	551077389.383550
1	40	537749089.677988	537749304.243838
2		537774037.084619	537774206.948946
3		537774207.272274	537774329.819634
4		539622658.661141	539622665.429407
5		539622666.027608	539622804.938648
6		539622805.776193	539622955.161176
7		539622956.086448	539623229.184425
8		539623230.001910	539623702.055777
9		539623702.729051	539623844.244119
10		539623845.064671	539630775.814679
11		539630776.448504	539631799.206724
12		539631799.595467	539641005.149166
13		539641005.736515	539641162.024302
14		539641162.971425	539641319.343596
15		539645399.049566	539645523.842014
16		539645524.467899	539645614.361996
17		539645615.171782	539645729.965805
18		539645730.785785	539647917.848338
19		539647918.579354	539648058.298407
20	37	539648059.900424	539648171.244643
21	35	539878630.289353	539878892.634108
22	35	542642673.245467	542642983.218889
24	32	551077383.419909	551077386.173522
23	32	551077389.383550	551077478.071072
