1	555528127.046356
z03mangahere	Berserk	356.5	555528116.467301	L	http://www.mangahere.cc/manga/berserk/	555528116.467301
332	6	375896690.824117	375896690.824117
1		499108664.846965	499109331.868786
2		499109333.002506	499110953.044376
3		499110953.722726	499111200.010866
4		499111200.372963	499112617.291965
5		499184691.856558	499184820.020981
6		499184820.415854	499184977.702939
7		499184978.364523	499185170.815613
8		499185171.482763	499185359.800199
9		499185360.445819	499185528.727780
10		499185529.467620	499185690.705155
11		499185691.449513	499185766.627931
12		499185767.270793	499185887.038904
13		499185887.606306	499186020.600018
14		499186021.281891	499188381.890013
15		499188382.265786	499188473.944788
16		499188474.577734	499189519.969251
17		499189520.342614	499189626.339711
18		499189626.977931	499190889.665835
19		499190890.043426	499190954.102650
20		499190954.808874	499191016.873869
21		499191017.563006	499191085.061312
22		516832027.954160	516832135.545285
23		516832136.269669	516832209.915900
24		516832211.702765	516832283.151612
25		516832284.064947	516832343.192499
26		516832345.409945	516832396.446676
27	24	516832398.636606	516832467.981628
28		516832541.324058	516832622.294631
29		516832623.127810	516832699.549511
30		516832700.435342	516832741.218519
31		516832742.129007	516832833.174632
32		516832835.203722	516832981.034360
33		516832985.441986	516833121.176969
34		516833124.709861	516833220.169838
35		516833221.474739	516833295.588407
36		516833297.873993	516833389.294855
37		516833391.666812	516833482.400600
38		516833487.857201	516833658.428933
39		516833783.886998	516833851.091222
40		516833854.388757	516833916.625168
41		516833917.319746	516833953.381695
42		516833954.336089	516834382.205539
43		516834383.009922	516834449.563987
44		516834450.329601	516834545.503588
45		516834546.329184	516834656.161051
46		516834656.914090	516834764.951298
47		516834766.007610	516834830.289061
48		516834831.105720	516834951.880802
49		516835067.480115	516835404.396406
50		516835405.113632	516835516.100716
51		516835516.881735	516836335.060006
52		516836335.560922	516836505.479057
53		516836506.208420	516836616.649993
54		516836617.300402	516836739.324641
55		516836740.046360	516838886.511914
56		516838925.694758	516839042.385430
57		516839043.121208	516840089.465875
58		516840090.103277	516840389.628083
59		516840390.378428	516840521.299534
60		516840522.016848	516840778.766741
61		516840779.458789	516841130.706343
62		516841131.599243	516841399.477710
63		516841400.121890	516841639.101522
64		516841639.901624	516841824.980692
65		516841835.732719	516841876.168017
66		516841876.867654	516841937.271180
67		516841937.916920	516841996.124755
68		516841996.805072	516842033.277310
69		516842033.727470	516842057.628971
70		516842061.276923	516842122.633666
71		516842123.348593	516842165.969381
72		516845214.811688	516845417.797991
73		516845826.964023	516845826.964023
92	1	516862295.828136	516862408.407678
123		516896611.199162	516896611.199162
349		516928877.428317	516928877.428317
348		516928872.633514	516928872.633514
347		516928872.633514	516928872.633514
346		516928872.633514	516928872.633514
345		516928872.633514	516928872.633514
344		516928872.633514	516928872.633514
343		516928872.633514	516928872.633514
342		516928872.633514	516928872.633514
341		516928872.633514	516928872.633514
340		516928872.633514	516928872.633514
339		516928872.633514	516928872.633514
338		516928872.633514	516928872.633514
337		516928872.633514	516928872.633514
336		516928872.633514	516928872.633514
335		516928872.633514	516928872.633514
334		516928872.633514	516928872.633514
333		516928872.633514	516928872.633514
331		516928872.633514	516928872.633514
330		516928872.633514	516928872.633514
329		516928872.633514	516928872.633514
328		516928872.633514	516928872.633514
327		516928872.633514	516928872.633514
326		516928872.633514	516928872.633514
325		516928872.633514	516928872.633514
324		516928872.633514	516928872.633514
323		516928872.633514	516928872.633514
322		516928872.633514	516928872.633514
321		516928872.633514	516928872.633514
320		516928872.633514	516928872.633514
319		516928872.633514	516928872.633514
318		516928872.633514	516928872.633514
317		516928872.633514	516928872.633514
316		516928872.633514	516928872.633514
315		516928872.633514	516928872.633514
314		516928872.633514	516928872.633514
313		516928872.633514	516928872.633514
312		516928872.633514	516928872.633514
311		516928872.633514	516928872.633514
310		516928872.633514	516928872.633514
309		516928872.633514	516928872.633514
308		516928872.633514	516928872.633514
307		516928872.633514	516928872.633514
306		516928872.633514	516928872.633514
305		516928872.633514	516928872.633514
304		516928872.633514	516928872.633514
303		516928872.633514	516928872.633514
302		516928872.633514	516928872.633514
301		516928872.633514	516928872.633514
300		516928872.633514	516928872.633514
299		516928872.633514	516928872.633514
298		516928872.633514	516928872.633514
297		516928872.633514	516928872.633514
296		516928872.633514	516928872.633514
295		516928872.633514	516928872.633514
294		516928872.633514	516928872.633514
293		516928872.633514	516928872.633514
292		516928872.633514	516928872.633514
291		516928872.633514	516928872.633514
290		516928872.633514	516928872.633514
289		516928872.633514	516928872.633514
288		516928872.633514	516928872.633514
287		516928872.633514	516928872.633514
286		516928872.633514	516928872.633514
285		516928872.633514	516928872.633514
284		516928872.633514	516928872.633514
283		516928872.633514	516928872.633514
282		516928872.633514	516928872.633514
281		516928872.633514	516928872.633514
280		516928872.633514	516928872.633514
279		516928872.633514	516928872.633514
278		516928872.633514	516928872.633514
277		516928872.633514	516928872.633514
276		516928872.633514	516928872.633514
275		516928872.633514	516928872.633514
274		516928872.633514	516928872.633514
273		516928872.633514	516928872.633514
272.7		516928872.633514	516928872.633514
272.6		516928872.633514	516928872.633514
272.5		516928872.633514	516928872.633514
272.4		516928872.633514	516928872.633514
272.3		516928872.633514	516928872.633514
272.2		516928872.633514	516928872.633514
272.1		516928872.633514	516928872.633514
271.9		516928872.633514	516928872.633514
271.8		516928872.633514	516928872.633514
271.7		516928872.633514	516928872.633514
271.6		516928872.633514	516928872.633514
271.5		516928872.633514	516928872.633514
271.4		516928872.633514	516928872.633514
271.3		516928872.633514	516928872.633514
271.2		516928872.633514	516928872.633514
271.1		516928872.633514	516928872.633514
271		516928872.633514	516928872.633514
270		516928872.633514	516928872.633514
269		516928872.633514	516928872.633514
268		516928872.633514	516928872.633514
267		516928872.633514	516928872.633514
266		516928872.633514	516928872.633514
265		516928872.633514	516928872.633514
264		516928872.633514	516928872.633514
263		516928872.633514	516928872.633514
262		516928872.633514	516928872.633514
261		516928872.633514	516928872.633514
260		516928872.633514	516928872.633514
259		516928872.633514	516928872.633514
258		516928872.633514	516928872.633514
257		516928872.633514	516928872.633514
256		516928872.633514	516928872.633514
255		516928872.633514	516928872.633514
254		516928872.633514	516928872.633514
253		516928872.633514	516928872.633514
252		516928872.633514	516928872.633514
251		516928872.633514	516928872.633514
250		516928872.633514	516928872.633514
249		516928872.633514	516928872.633514
248		516928872.633514	516928872.633514
247		516928872.633514	516928872.633514
246		516928872.633514	516928872.633514
245		516928872.633514	516928872.633514
244		516928872.633514	516928872.633514
243		516928872.633514	516928872.633514
242		516928872.633514	516928872.633514
241		516928872.633514	516928872.633514
240		516928872.633514	516928872.633514
239		516928872.633514	516928872.633514
238		516928872.633514	516928872.633514
237		516928872.633514	516928872.633514
236		516928872.633514	516928872.633514
235		516928872.633514	516928872.633514
234		516928872.633514	516928872.633514
233		516928872.633514	516928872.633514
232		516928872.633514	516928872.633514
231		516928872.633514	516928872.633514
230		516928872.633514	516928872.633514
229		516928872.633514	516928872.633514
228		516928872.633514	516928872.633514
227		516928872.633514	516928872.633514
226		516928872.633514	516928872.633514
225		516928872.633514	516928872.633514
224		516928872.633514	516928872.633514
223		516928872.633514	516928872.633514
222		516928872.633514	516928872.633514
221		516928872.633514	516928872.633514
220		516928872.633514	516928872.633514
219		516928872.633514	516928872.633514
218		516928872.633514	516928872.633514
217		516928872.633514	516928872.633514
216		516928872.633514	516928872.633514
215		516928872.633514	516928872.633514
214		516928872.633514	516928872.633514
213		516928872.633514	516928872.633514
212		516928872.633514	516928872.633514
211		516928872.633514	516928872.633514
210		516928872.633514	516928872.633514
209		516928872.633514	516928872.633514
208		516928872.633514	516928872.633514
207		516928872.633514	516928872.633514
206		516928872.633514	516928872.633514
205		516928872.633514	516928872.633514
204		516928872.633514	516928872.633514
203		516928872.633514	516928872.633514
202		516928872.633514	516928872.633514
201		516928872.633514	516928872.633514
200		516928872.633514	516928872.633514
199		516928872.633514	516928872.633514
198		516928872.633514	516928872.633514
197		516928872.633514	516928872.633514
196		516928872.633514	516928872.633514
195		516928872.633514	516928872.633514
194		516928872.633514	516928872.633514
193		516928872.633514	516928872.633514
192		516928872.633514	516928872.633514
191		516928872.633514	516928872.633514
190		516928872.633514	516928872.633514
189		516928872.633514	516928872.633514
188		516928872.633514	516928872.633514
187		516928872.633514	516928872.633514
186		516928872.633514	516928872.633514
185		516928872.633514	516928872.633514
184		516928872.633514	516928872.633514
183		516928872.633514	516928872.633514
182		516928872.633514	516928872.633514
181		516928872.633514	516928872.633514
180		516928872.633514	516928872.633514
179		516928872.633514	516928872.633514
178		516928872.633514	516928872.633514
177		516928872.633514	516928872.633514
176		516928872.633514	516928872.633514
175		516928872.633514	516928872.633514
174		516928872.633514	516928872.633514
173		516928872.633514	516928872.633514
172		516928872.633514	516928872.633514
171		516928872.633514	516928872.633514
170		516928872.633514	516928872.633514
169		516928872.633514	516928872.633514
168		516928872.633514	516928872.633514
167		516928872.633514	516928872.633514
166		516928872.633514	516928872.633514
165		516928872.633514	516928872.633514
164		516928872.633514	516928872.633514
163		516928872.633514	516928872.633514
162		516928872.633514	516928872.633514
161		516928872.633514	516928872.633514
160		516928872.633514	516928872.633514
159		516928872.633514	516928872.633514
158		516928872.633514	516928872.633514
157		516928872.633514	516928872.633514
156		516928872.633514	516928872.633514
155		516928872.633514	516928872.633514
154		516928872.633514	516928872.633514
153		516928872.633514	516928872.633514
152		516928872.633514	516928872.633514
151		516928872.633514	516928872.633514
150		516928872.633514	516928872.633514
149		516928872.633514	516928872.633514
148		516928872.633514	516928872.633514
147		516928872.633514	516928872.633514
146		516928872.633514	516928872.633514
145		516928872.633514	516928872.633514
144		516928872.633514	516928872.633514
143		516928872.633514	516928872.633514
142		516928872.633514	516928872.633514
141		516928872.633514	516928872.633514
140		516928872.633514	516928872.633514
139		516928872.633514	516928872.633514
138		516928872.633514	516928872.633514
137		516928872.633514	516928872.633514
136		516928872.633514	516928872.633514
135		516928872.633514	516928872.633514
134		516928872.633514	516928872.633514
133		516928872.633514	516928872.633514
132		516928872.633514	516928872.633514
131		516928872.633514	516928872.633514
130		516928872.633514	516928872.633514
129		516928872.633514	516928872.633514
128		516928872.633514	516928872.633514
127		516928872.633514	516928872.633514
126		516928872.633514	516928872.633514
125		516928872.633514	516928872.633514
124		516928872.633514	516928872.633514
122		516928872.633514	516928872.633514
121		516928872.633514	516928872.633514
120		516928872.633514	516928872.633514
119		516928872.633514	516928872.633514
118		516928872.633514	516928872.633514
117		516928872.633514	516928872.633514
116		516928872.633514	516928872.633514
115		516928872.633514	516928872.633514
114		516928872.633514	516928872.633514
113		516928872.633514	516928872.633514
112		516928872.633514	516928872.633514
111		516928872.633514	516928872.633514
110		516928872.633514	516928872.633514
109		516928872.633514	516928872.633514
108		516928872.633514	516928872.633514
107		516928872.633514	516928872.633514
106		516928872.633514	516928872.633514
105		516928872.633514	516928872.633514
104		516928872.633514	516928872.633514
103		516928872.633514	516928872.633514
102		516928872.633514	516928872.633514
101		516928872.633514	516928872.633514
100		516928872.633514	516928872.633514
99		516928872.633514	516928872.633514
98		516928872.633514	516928872.633514
97		516928872.633514	516928872.633514
96		516928872.633514	516928872.633514
95		516928872.633514	516928872.633514
94		516928872.633514	516928872.633514
93		516928872.633514	516928872.633514
91		516928872.633514	516928872.633514
90		516928872.633514	516928872.633514
89		516928872.633514	516928872.633514
88		516928872.633514	516928872.633514
87		516928872.633514	516928872.633514
86		516928872.633514	516928872.633514
85		516928872.633514	516928872.633514
84		516928872.633514	516928872.633514
83		516928872.633514	516928872.633514
82		516928872.633514	516928872.633514
81		516928872.633514	516928872.633514
80		516928872.633514	516928872.633514
79		516928872.633514	516928872.633514
78		516928872.633514	516928872.633514
77		516928872.633514	516928872.633514
76		516928872.633514	516928872.633514
75		516928872.633514	516928872.633514
74		516928872.633514	516928872.633514
350	21	517556126.658185	517556258.764910
351	25	519917387.017433	519917481.804402
352	22	535731987.778071	535732096.103206
353	17	538711813.797735	538711872.038064
354	24	541259987.566627	541260086.942023
355	23	543601091.976651	543601252.595231
356		555528108.985366	555528116.026178
356.5	2	555528116.467301	555528125.305165
