1	565677944.449046
z03mangahere	Kekkon Yubiwa Monogatari	43	565677811.421687	L	http://www.mangahere.cc/manga/kekkon_yubiwa_monogatari/	565677811.421687
7		443135093.529872	443135093.529872
6.5		443135093.529872	443135093.529872
6		443135093.529872	443135093.529872
5		443135093.529872	443135093.529872
4		443135093.529872	443135093.529872
3		443135093.529872	443135093.529872
2		443135093.529872	443135093.529872
1		443135093.529872	443135093.529872
8	35	445095438.697944	445095560.842407
9	32	446878223.114898	446878316.008427
10	36	450360308.908071	450360443.585995
11	21	454796736.843014	454796823.342744
12	34	461725546.172304	461725620.954153
13	28	462028602.529390	462028724.575645
14		465073757.310447	465073757.310447
15	37	468659914.128197	468660040.563499
16	43	474473250.126053	474473386.741829
16.5	6	478587690.439342	478587773.713256
17	6	478850196.503132	478850211.463490
18	34	487440589.279383	487440729.148604
19	38	488783582.098152	488783816.353797
10.5	18	495040039.816106	495040104.898807
20	34	495040109.428695	495040195.482604
21	41	497657923.240048	497658094.903064
22	24	500195298.036479	500195461.177063
23	18	502641883.998037	502641954.037034
24	19	505264854.301506	505264937.280976
25	24	508054846.138324	508079886.860158
26	39	510509540.951720	510509653.208238
27	19	513220666.686505	513221222.335409
28	38	519055642.478461	519055851.945138
29	42	522745746.622868	522745851.092873
30	-	523778516.050368	528993035.422990
31	40	528996575.346357	528996685.469516
32	36	531804547.862721	531804712.812741
33	26	534265921.561196	534266029.249910
34	24	536773510.700369	536773590.705723
35	24	541834608.166565	541834728.003576
36	30	544595798.867674	544595919.637639
37	30	548693071.606161	548693140.564763
39	41	552666926.661368	552667119.752827
40	38	555080489.075764	555080629.855461
41	24	560357153.603082	560357425.923606
42	34	563121157.004842	563121434.307026
38		563811390.122267	563811390.122267
43	37	565677811.421687	565677942.797883
