1	555604620.455499
z03mangahere	Doridosim	50	537173377.727479	B	http://www.mangahere.cc/manga/doridosim/	537173377.727479
1		513609239.497299	513609432.596710
2		513609433.660340	513609587.105790
3		513609587.761742	513609715.047848
4		513609715.782676	513609857.857290
5		513609858.495324	513609968.527191
6		513609968.905242	513610061.203955
7		513610061.759099	513610148.458351
8		513610148.973141	513610212.846933
9		513610213.544533	513610287.567815
10		513610287.976840	513610377.924628
11		513610378.650003	513610458.563261
12		513610459.256991	513610604.788284
13		513610605.208151	513610695.612818
14		513610696.268288	513610747.448991
15		513610748.052348	513610912.875854
16		513610913.531181	513611050.638050
17		513611051.367072	513611224.345278
18		513611224.730018	513611386.476822
19		513611387.194485	513611485.795854
20	20	513611486.402529	513611594.609914
21	15	521966399.075533	521966480.039464
48		536536126.227413	536536128.281689
49	17	536536130.349305	536536218.907515
50	15	537173377.727479	537173468.897578
