1	538668399.796248
z03mangahere	The God Of High School	346	538668392.742199	B	http://www.mangahere.cc/manga/the_god_of_high_school/	538668392.742199
1		394000227.244683	394000401.931086
2		394000402.620304	394000581.947696
3		394000583.420307	394000690.447686
4		394000691.751676	394000817.181450
5		394000817.665586	394000916.747833
6		394001081.436157	394001083.897947
7		394001084.196673	394001227.514348
8		394001228.921416	394001363.997660
9		394001365.458395	394001522.731014
10		394001523.341497	394001629.864565
11		394001986.435372	394030651.442716
12		394030652.849625	394030801.942643
13		394030803.359095	394030954.076004
14		394030955.508671	394031097.609330
15		394031099.169796	394031393.192710
16		394031393.808900	394031610.426009
17		394031611.791885	394031690.325997
18		394031690.956406	394031769.575986
19		394031770.108773	394031906.842686
20		394031908.232761	394032027.426058
21		394032028.873172	394032115.226058
22		394032116.642133	394033301.709326
23		394033302.391891	394033403.309380
24		394033403.891253	394033442.876027
25		394033444.264835	394033667.692737
26		394033669.172193	394033772.526035
27		394033774.016827	394033929.476014
28		394033930.887462	394034054.209341
29		394034055.608491	394034255.142713
30		394034256.596924	394034363.909399
31		394034364.543318	394034439.276151
32		394034439.894600	394034541.877396
33		394034542.543900	394034608.926040
34		394034609.473802	394034700.159966
35		394034700.722823	394034816.226022
36		394034817.776174	394034921.876111
37		394034922.437544	394035036.409374
38		394035037.044023	394035201.858326
39		394035669.938833	394035832.494524
40		394035832.595926	394035949.760851
41		394035949.943925	394036088.300067
42		394036088.492016	394036237.563324
43		394036237.662310	394036303.309114
44		394036303.433637	394036387.029907
45		394036387.154300	394036610.044054
46		394036610.169326	394036718.894632
47		394036719.032541	394036771.594437
48		394036771.727037	394036857.244203
49		394036857.436468	394036946.760333
50		394036946.878420	394037013.093302
51		394037013.248859	394037110.110120
52		394037110.241786	394037835.314289
53		394037835.462632	394037994.961405
54		394037995.096932	394038101.777975
55		394038101.908742	394038196.961378
56		394038197.055014	394038279.678023
57		394038279.801380	394038372.094941
58		394038372.227761	394038468.111353
59		394038468.242464	394038566.161339
60		394038566.265572	394038691.961471
61		394038692.077517	394038747.778070
62		394038747.893043	394038851.394706
63		394038851.541891	394038922.261384
64		394038922.466116	394039009.688735
65		394039010.060749	394039095.044702
66		394039095.242830	394039161.961388
67		394039162.110372	394039220.761422
68		394039220.947019	394039342.178810
69		394039342.413839	394039412.878064
70		394039413.034003	394039526.894751
71		394039527.065610	394039681.511764
72		394039681.717287	394039778.528424
73		394039778.646648	394039907.978040
74		394039908.161046	394040548.029864
75		394064102.333889	394064255.039716
76		394064255.210236	394064355.136901
77		394064355.301974	394064471.886807
78		394064472.039884	394064565.786911
79		394064565.968151	394064910.803783
80		394064910.972755	394065052.103479
81		394065052.288180	394065184.403769
82		394065184.583024	394065297.189058
83		394065297.368680	394065422.439929
84		394065422.653423	394065633.603621
85		394065633.803317	394065710.003581
86		394065710.180274	394065837.136893
87		394065837.305563	394065880.170287
88		394065880.341779	394068838.462985
89		394068838.753937	394068970.193628
90		394068970.320505	394069058.356973
91		394069058.465991	394069152.823924
92		394069153.029711	394069242.173858
93		394069242.339517	394069333.657173
94		394069333.831061	394069398.607207
95		394069398.786869	394069487.007190
96		394069487.204803	394069551.390500
97		394069551.601325	394069620.923840
98		394069621.102277	394069712.407238
99		394069712.587416	394069815.090616
100		394069815.284562	394069957.041136
101		394069957.271203	394070067.023925
102		394070067.206136	394070201.910001
103		394070202.072316	394070347.240711
104		394070347.390787	394070434.107296
105		394070434.281621	394070650.340546
106		394070650.537869	394070777.323907
107		394070777.512900	394072154.464386
108		394072154.668769	394072307.314538
109		394072307.521811	394072415.164412
110		394072415.390302	394072609.864430
111		394072610.097948	394072783.514545
112		394072783.690594	394072911.881221
113		394072912.067336	394073039.481252
114	35	394073039.643479	394073115.182203
115	42	394648604.835467	394648728.369465
116	23	395295085.273383	395295202.757570
117	58	395932962.224660	395933102.180121
118	33	396485938.752441	396486245.555873
119	25	397106755.718637	397106923.964690
120		398318072.184314	398318243.456942
121	21	398318243.683729	398318329.676766
122	23	398923188.214133	398923293.311384
123		399526072.198895	399526072.198895
124		400128460.404550	400128460.404550
125		401322042.635192	401322042.635192
126		401322043.022380	401322043.022380
127	33	401981244.463655	401981386.012981
128	33	402511145.314676	402511268.332474
129	50	403762213.180921	403762217.078728
130	30	404371581.979408	404371756.929346
131		404998485.079105	404998485.079105
132	31	405546004.718617	405546133.408840
133	38	406184581.821232	406184697.944843
134		406787449.478540	406787449.478540
135		407456617.741508	407456617.741508
136		407992175.793337	407992175.793337
137		408748593.102580	408748593.102580
138	3	409292036.508493	409292040.290783
139	43	409819252.325034	409819422.293161
140		410416644.831794	410416644.831794
141	26	411020917.243169	411021048.377155
142		411625279.186098	411625279.186098
143		412235095.102401	412235095.102401
144	29	412844621.625571	412844739.327047
145		413439951.488479	413439951.488479
146		414024827.167099	414024827.167099
147	28	414651455.533705	414651602.631261
148		415253187.439052	415253187.439052
150		416618906.388808	416618906.388808
149		416618906.805127	416618906.805127
151	35	417058307.335574	417058445.284175
152	52	417668548.746310	417668767.080900
153	21	418439743.879583	418439828.930083
154	53	418882188.706880	418882377.112037
155	39	419486652.339911	419486793.994558
156		420650957.664022	420650959.393624
157		421264973.028387	421264977.210938
158		423685057.404429	423685059.747640
159		423685059.787768	423685060.413800
160		423685060.457075	423685060.975840
161		423685062.188078	423685063.476167
162	31	423685063.836743	423685236.739749
163	18	424289295.986779	424289358.654199
164	27	424894882.710165	424895005.959827
165	34	425499877.693291	425499990.551123
166	51	426105078.156619	426105294.567600
167	43	427325031.485171	427325246.345500
168		428538943.088153	428539049.285177
169	57	428539049.810746	428539135.267294
170		429160961.264579	429160961.264579
171	65	429745154.564792	429745309.389117
172	59	430368349.127621	430368541.893590
173	50	430955063.220012	430955196.349559
174	66	431956859.900929	431957074.066892
175	41	432162778.860465	432162863.840519
176	73	432775440.795715	432775676.800522
177	36	433359728.910203	433364168.909801
178	73	434003844.284881	434004068.189395
179	58	434603521.121011	434603687.399898
180	34	435175928.040356	435175972.320412
181	69	435792988.530234	435793141.091682
182	45	436449646.018562	436449751.737956
183	64	436978283.891548	436978420.448543
184	55	437662762.945541	437662887.519593
185	61	438217783.079551	438217929.084601
186	50	438819695.761603	438819938.004256
187	59	439435410.274580	439435520.487527
188	73	440005899.473825	440006012.802898
189		440619824.218068	440619824.218068
190	70	441214227.743435	441214354.186051
191	52	441834907.239841	441835033.126798
192	61	442469626.921920	442469900.180691
193	1	443133467.848860	443133469.292596
194	29	443679501.296328	443679547.230719
195		444288619.283937	444288619.283937
196	77	444845646.536836	444845832.099258
197	81	445463374.656400	445463516.974886
198	87	446053614.074274	446053801.153290
199	73	446684207.039527	446684365.057083
200	63	447309739.727850	447309881.526893
202		448506726.712035	448506726.712035
201	10	448556721.460431	448556730.923827
203	69	449105596.156175	449105727.070640
203.5	1	449688435.990000	449688441.837978
204	179	450620016.856252	450620338.468009
205	72	450935622.658647	450935800.295902
206	58	451521077.852634	451521233.339507
207	62	452127329.110852	452127465.807599
208	18	452720330.857641	452720374.949788
209	43	453424870.950521	453425019.809693
211	3	454827173.023157	454827177.912928
210		454826986.541409	454827172.063089
212	74	455146029.394785	455146170.493022
213	80	455754469.059438	455754633.467434
214		457041850.872732	457041852.119439
215	98	457041852.698181	457042140.483068
216	61	457626910.090798	457626998.007643
217	47	458147112.227439	458147246.703886
218	68	458772952.167971	458773115.811136
219	61	459443621.476196	459443780.327213
220	54	460051095.357457	460051259.631877
221	59	460564789.077733	460564931.889206
222	71	461258570.663579	461258726.697884
223	56	461888244.934483	461888396.325332
224	61	462470393.374600	462470535.369646
225	52	463034674.571408	463034794.991697
226		463898896.412251	463898896.412251
227		464284723.889656	464284723.889656
228		464936390.429800	464936390.429800
229	26	465480059.870686	465480118.008152
230	61	466061836.172307	466062027.258275
231	56	466668353.184268	466668546.743772
232	52	467294118.859856	467294324.578408
233	54	467876521.056725	467876682.625360
234	67	468506757.228983	468507159.360888
235	31	469087545.239096	469087610.366877
236	74	469717248.027082	469717381.173274
237	57	470340280.941241	470340399.106502
238	70	470904990.789205	470905084.500221
239	54	471506745.057401	471506860.191950
240	61	472120135.281355	472120278.574368
241	67	472718392.929526	472718671.945305
242	75	473354887.568790	473355034.703453
243	52	473926741.998906	473926855.916594
244	68	474562955.149255	474563071.945714
245		475159970.497157	475160250.581534
246	3	475160252.990138	475160280.152041
247	64	476348117.295090	476348261.718355
248	103	476953988.153985	476954170.654695
249	81	477580364.996829	477580505.609642
250	67	478184599.757809	478184830.232660
251	79	478764366.447512	478764619.085239
252	84	481784479.722220	481784696.620726
253	97	482415810.142596	482415977.314568
254	75	483020534.920227	483020660.401338
255	81	483626780.624828	483627062.253328
256	75	484209025.515811	484209162.073614
257	85	484811794.900354	484811934.646378
258	69	485412184.785047	485412328.984721
259	88	486050078.770992	486050248.697847
260	67	486660280.128005	486660404.069379
261	54	487255099.828408	487255229.123341
262	78	487834991.250596	487836219.789398
263	73	488438626.563327	488438801.347433
264	84	489074321.858033	489074321.858033
266	64	489647437.403692	489647567.824504
265	4	489674070.770040	489674077.511554
267	71	490893079.007378	490893198.647827
268	60	491464742.213264	491464888.289532
269	79	492070024.335243	492070182.465093
271	64	492670177.597697	492670330.828179
270		492705929.178186	492705929.178186
272	63	493278861.341084	493278999.769696
273	67	493883006.366204	493883213.719154
274	73	494515812.709035	494516029.436852
276	91	495729044.942651	495729218.422903
275	9	495860918.999857	495860932.219519
278	109	496906577.081231	496906781.530498
277		496911390.282355	496911390.282355
279	98	498139402.850794	498139535.216545
280	69	498724808.430930	498724962.105708
281	79	499326046.826440	499326221.001975
282	59	499930922.197519	499931024.691861
283		500567708.569958	500567717.307987
284	81	500567719.542414	500567730.092536
285	82	501145621.786711	501145801.142202
286	101	501749120.927337	501749339.090321
287	81	503073213.729614	503073371.846394
289	88	503632340.367752	503632622.615526
288		504774424.288460	504774424.288460
291	83	504774452.160800	504774571.021791
290		504802922.187880	504802922.187880
293	86	505984907.990934	505985068.538121
292		505987086.518152	505987086.518152
294	57	506611212.750181	506611791.308677
295	72	507221137.356540	507221354.243962
296	59	507830454.590536	507830608.171049
297	85	509031641.358915	509031830.951981
298		509636096.696070	509636233.123882
299	3	509636235.217321	509636244.419757
300	70	510244434.333058	510244537.142087
301	137	510848793.045655	510849069.196103
302	67	511420367.353196	511420491.125423
303	74	512053984.111846	512054193.133724
304	56	512658591.351637	512658746.316034
305	95	513233748.780893	513234022.962351
306	102	513865551.830574	513865770.235518
307	40	514470401.655599	514470557.164075
308	92	515078164.515082	515078406.594200
309	50	515679534.119173	515679640.734022
310	112	516866193.538420	516866447.635139
311	77	517470945.994913	517471106.530809
312	88	518075943.187406	518078618.636977
313	72	518710194.023132	518710452.035050
314	73	519311809.631968	519311954.498459
315	79	519918395.451662	519918543.742355
316	74	520490316.095379	520490456.189031
317	76	521345755.852869	521345928.892843
318	94	522288525.711119	522288728.420186
319	93	522666320.660010	522666570.679683
320	102	523006349.786773	523006552.366115
321	97	523518028.341353	523518265.323629
322	84	524123923.939520	524124479.053389
323	91	524750899.136981	524751813.188591
324	104	525362085.401469	525362305.745068
325	95	525960728.620994	525960969.598415
326	95	526573639.591549	526573985.665775
327	95	527174812.685374	527174964.941051
328	105	527777720.314692	527777913.929867
329	67	528387446.270972	528387669.968764
330	95	528989127.101664	528989331.069856
331		530194420.678263	530194430.155845
332	91	530194431.740668	530194804.537840
333	84	530803499.925547	530803649.528774
334	104	531404893.101056	531405071.109622
335	106	532194642.569077	532194816.022383
336	80	532968076.281959	532968409.798582
337	80	533281941.474202	533282136.182863
338	105	533834503.253063	533834887.502043
339	61	534432618.769328	534432740.801300
340		535647932.335985	535648510.733060
341	106	535648511.280135	535648731.065189
342	73	536230107.775882	536230256.797693
343	93	536993515.260301	536993707.542428
344	90	537547416.029416	537547557.152905
345	70	538123839.111439	538123988.991100
346	-	538668392.742199	538668396.538809
