1	553927834.086348
z03mangahere	Akita Imokko! Ebina-chan	19	553927154.905904	L	http://www.mangahere.cc/manga/akita_imokko_ebina_chan/	553927154.905904
1		496670283.163975	496670401.395174
2		496670402.193503	496670466.734505
3		496670467.890035	496670527.338396
4		496670528.411024	496670565.940765
5		496670567.032455	496670599.177145
6		496670600.096358	496670666.764034
7	14	496670667.898387	496670706.481678
8	14	502842139.387512	502842242.779178
9		503072871.827823	503072955.705337
10	18	503072956.343084	503073103.536326
11	13	503208731.894588	503208770.751859
12	14	514995793.740913	514995813.382226
13	14	514995826.226158	514996300.314466
14	14	515086074.129929	515086158.341029
15		515255388.196020	515255899.244742
16		521025092.922738	521025095.711231
17	14	521025095.722531	521025164.071583
18	14	553450367.132813	553450427.413070
19	19	553927154.905904	553927832.347494
