1	555775460.555325
z03mangahere	Tate no Yuusha no Nariagari	43	555775374.093473	L	http://www.mangahere.cc/manga/tate_no_yuusha_no_nariagari/	555775374.093473
1		515594829.865752	515595021.923065
2		515595022.329384	515595199.933985
3		515595200.639456	515595379.430641
4		515595380.138206	515595530.038971
4.5		515595532.014229	515595546.324274
5		515595546.746884	515595700.482041
6		515595701.179024	515595873.778026
7		515595874.495344	515596057.474461
8		515596112.148261	515597149.508488
9		515597150.345304	515597284.552907
10		515597285.264869	515597544.119023
10.5		515597544.840176	515597584.988346
11		515597585.658197	515597773.551165
12		515597774.203212	515597919.860681
12.1		515606168.979871	515606186.329434
13		515606186.646427	515606331.976319
14		515606332.369826	515606475.184957
15		515606475.607829	515607343.667925
16		515607344.278611	515607626.268851
16.5		515607626.920325	515607638.084619
17		515607638.529703	515607891.869451
18		515607892.477803	515607979.859103
19		515607980.498949	515608205.423529
20		515608206.028817	515608357.464817
21		515608358.122183	515612804.481339
22		515612805.088357	515612957.177594
23		515612957.902285	515613143.691075
24		515613144.374039	515613264.697850
25		515613266.343972	515613518.429004
26		515613519.133217	515613684.122012
27		515613684.807744	515613826.314468
28		515613827.049320	515614038.951497
29		515614039.590164	515615876.538289
30		515615877.173485	515616008.896480
31		515616009.256630	515616304.601955
31.5		515616305.819569	515616336.637595
32	43	515616337.485573	515616559.731554
33	34	517241289.102163	517241493.502645
34	47	521360402.689556	521360639.541891
35	43	523342605.684200	523343141.688729
36	43	526794460.671776	526794649.148265
37	46	532846438.023569	532846655.248712
38	36	534174403.316987	534174627.520720
39	38	536535928.326708	536536117.332219
40	38	539153033.210106	539153162.044640
41	34	551795150.032192	551795240.151362
43	32	555775374.093473	555775459.282591
