1	551275928.587417
z03mangahere	Pochi Kuro	43	551275846.308028	L	http://www.mangahere.cc/manga/pochi_kuro/	551275846.308028
1		453354205.781123	453354334.013161
2	36	453354334.563885	453354449.682969
3	26	455160372.670302	455160466.555339
4	24	458026646.163216	458026767.863078
5	17	462423199.575610	462423234.996684
6		465307315.524614	465307315.524614
7	17	472717716.255307	472717782.476204
8	16	474470911.871136	474470969.166182
9	17	478486555.151122	478486674.650630
10	17	479975252.336721	479975351.356441
11	17	481416402.645495	481416492.166959
12	17	482127139.438110	482127229.373652
13	17	484814923.532076	484815022.125981
14	17	488069632.928954	488069731.922207
15	17	490582857.217379	490582922.591396
16	17	500279672.988169	500279778.604676
16.5	6	516602788.323824	516602835.293458
17	17	517505111.902959	517505156.527908
18	17	523778023.946254	523778207.187490
19	17	526487677.943454	526488389.190800
20	16	527607229.497998	527607529.112796
21	17	528692195.698671	528692274.290735
22	17	529736310.037958	529736354.857343
23	17	531671582.730353	531671635.460016
24	18	533834283.367333	533834345.332100
25	17	536230027.290552	536230093.446231
26	19	537892822.114431	537893066.862383
27		540065912.006751	540065975.775712
27.5	5	540065976.339327	540066007.751455
28	17	541087060.848017	541088037.010867
29	17	541521311.743481	541521410.014140
30	17	542048826.899837	542048912.578961
31	17	543533069.644044	543534366.317376
32	17	544547419.145937	544547683.491734
33	16	545629560.681180	545631862.163933
34		546438992.667107	546439020.863743
35	17	546439021.336903	546439066.885540
36		547388147.828648	547389040.363878
37	17	547389040.867603	547389091.620371
38	17	547861908.688842	547861965.033381
39	17	548702690.651714	548702743.304092
40		549474108.560578	549474153.545716
41	17	549474154.137721	549474183.606758
42	21	550078017.052923	550078098.175612
43	35	551275846.308028	551275926.837784
