1	555605319.178774
z03mangahere	Fairy Tail Gaiden - Road Knight	18.5	491809006.798044	L	http://www.mangahere.cc/manga/fairy_tail_gaiden_road_knight/	491809006.798044
1	10	469544170.229930	469544249.727304
2	10	470157405.423114	470157466.609526
3	12	470905092.016941	470905139.932714
4	11	471682158.135533	471682211.997335
5	11	472288148.775236	472288210.436840
6	11	472547877.073211	472547940.772601
7	11	473663526.599038	473663603.329139
8		474737188.605349	474737188.605349
9	13	475311587.864966	475311698.035416
10		476637364.055263	476637418.007912
11	11	476637419.076989	476637454.230831
12	11	477377425.698869	477377484.243362
13	10	478443917.418839	478443953.633949
14	10	479008000.452913	479008038.926882
15	11	480009977.989334	480010060.942987
16		480808519.197961	480808549.578041
17	10	480808550.421336	480808596.452265
18	11	482070434.695798	482070470.321834
18.5	2	491809006.798044	491809029.280646
