1	555005515.159813
z03mangahere	Let's Take the Train Together, Shall We?	20	504320313.652367	B	http://www.mangahere.cc/manga/let_s_take_the_train_together_shall_we/	504320313.652367
1		504149486.983618	504149637.268094
2		504149637.921476	504149726.325654
3		504149726.728487	504149847.967476
4		504149848.682587	504152816.188207
5		504152816.583985	504152936.211437
6		504152936.964745	504153355.130808
7		504153355.560699	504155090.190414
8		504155090.633328	504155188.945230
9		504155189.646562	504155399.809777
10	14	504192233.626403	504192235.853073
11		504192238.690401	504192379.292752
12		504192379.690495	504192495.154931
13		504192495.869607	504192670.894392
14		504240759.153882	504240819.044264
15		504240819.428959	504243272.629951
16		504243273.227034	504243389.106454
17		504243389.530184	504243584.969433
18		504291390.311000	504303709.444315
19		504303709.812657	504320313.001356
20	2	504320313.652367	504337153.395829
