1	557947036.072518
z03mangahere	Ouji ga Watashi o Akiramenai!	14	554060021.065149	L	http://www.mangahere.cc/manga/ouji_ga_watashi_o_akiramenai/	554060021.065149
1	31	480914039.074896	480914221.644501
2		480914909.476199	480915699.741759
3		480917464.536750	480917575.322776
4		480976657.339483	480976852.779739
5		480976853.142562	480977062.226675
6		480977062.847738	480977181.801200
7	20	480977182.429493	480977257.209804
8	21	487952121.747589	487952200.406873
9	25	494172821.303677	494172892.391781
10	21	524380671.181964	524380721.284725
11	25	547393326.519960	547393373.818982
12	20	548699096.349175	548699294.032999
13	23	551275731.146208	551275777.109218
14	27	554060021.065149	554060190.636256
