1	556732726.956587
z03mangahere	Koi wa Amaagari no You ni	58	552884577.406743	L	http://www.mangahere.cc/manga/koi_wa_amaagari_no_you_ni/	552884577.406743
1		538026037.287368	538026181.363433
2		538026181.670953	538026265.735679
3		538026266.372217	538026401.726683
4		538026402.407371	538026425.903854
5		538026426.226307	538026430.745069
6		538026431.354247	538026452.066686
7		538026452.398282	538026531.131585
8		538026531.784859	538026594.350453
9		538026594.988281	538026831.227788
10		538026832.867538	538026942.865446
11		538026943.667025	538027013.935181
12		538027014.657754	538027163.524895
13		538027164.395823	538027252.174923
14		538027252.707880	538027404.315344
15		538027404.822575	538027511.773632
16		538027512.187217	538027573.575722
17		538027574.216599	538027659.796157
18		538027660.631818	538027796.202276
19		538027796.849846	538027851.154993
20		538027851.823004	538027916.621508
21		538027918.131810	538028034.909944
22		538028035.534334	538028193.617061
23		538028194.251953	538028282.207780
24		538028282.836552	538028339.223036
25		538028339.864802	538028433.908998
26		538028434.444439	538028490.077960
27		538028490.579210	538028722.889358
28		538028723.230886	538028775.277912
29		538028775.599886	538028829.594169
30		538028830.336201	538028905.250489
31		538028905.848458	538029060.337066
32		538029060.964011	538029101.143341
33		538029101.549663	538029851.896510
34		538029852.189737	538029934.966907
35		538029935.492748	538030039.342450
36		538030039.904262	538030149.680610
37		538030150.346155	538030210.116569
38		538030210.780747	538030281.633160
39		538030282.171414	538030344.005670
40		538030353.629318	538030399.774872
41		538030400.192337	538030463.477554
42		538030464.075136	538030525.763586
44		538030612.669138	538030717.388687
45		538030718.019764	538030818.509564
46		538030823.969730	538030873.861940
43		538030526.447847	538030612.065108
47		538030874.211313	538030959.478508
48	21	538030959.790703	538031038.760212
49		540049425.501656	540049560.788377
50	24	540049561.434018	540049676.415713
51	18	541302056.467996	541302326.076073
52	21	541365717.877399	541365850.921994
53	18	542148081.668584	542148144.162038
54		542296073.238603	542296240.825269
55		542296247.529963	542296356.196388
56	21	542296356.940057	542296402.883621
57	24	552848273.623261	552848366.047948
58	22	552884577.406743	552884655.461770
