1	566368793.566542
z03mangahere	New Prince of Tennis	233	566368789.042707	L	http://www.mangahere.cc/manga/new_prince_of_tennis/	566368789.042707
94		399403084.536132	399403128.145697
93		399036487.409356	399036487.409356
92		399036487.409356	399036487.409356
91		399036487.409356	399036487.409356
90		399036487.409356	399036487.409356
89		399036487.409356	399036487.409356
88		399036487.409356	399036487.409356
87		399036487.409356	399036487.409356
86		399036487.409356	399036487.409356
85		399036487.409356	399036487.409356
84		399036487.409356	399036487.409356
83		399036487.409356	399036487.409356
82		399036487.409356	399036487.409356
81		399036487.409356	399036487.409356
80		399036487.409356	399036487.409356
79		399036487.409356	399036487.409356
78		399036487.409356	399036487.409356
77		399036487.409356	399036487.409356
76		399036487.409356	399036487.409356
75		399036487.409356	399036487.409356
74		399036487.409356	399036487.409356
73		399036487.409356	399036487.409356
72		399036487.409356	399036487.409356
71		399036487.409356	399036487.409356
70		399036487.409356	399036487.409356
69		399036487.409356	399036487.409356
68		399036487.409356	399036487.409356
67		399036487.409356	399036487.409356
66		399036487.409356	399036487.409356
65		399036487.409356	399036487.409356
64		399036487.409356	399036487.409356
63		399036487.409356	399036487.409356
62		399036487.409356	399036487.409356
61		399036487.409356	399036487.409356
60		399036487.409356	399036487.409356
59		399036487.409356	399036487.409356
58		399036487.409356	399036487.409356
57		399036487.409356	399036487.409356
56		399036487.409356	399036487.409356
55		399036487.409356	399036487.409356
54		399036487.409356	399036487.409356
53		399036487.409356	399036487.409356
52		399036487.409356	399036487.409356
51		399036487.409356	399036487.409356
50		399036487.409356	399036487.409356
49		399036487.409356	399036487.409356
48		399036487.409356	399036487.409356
47		399036487.409356	399036487.409356
46		399036487.409356	399036487.409356
45		399036487.409356	399036487.409356
44		399036487.409356	399036487.409356
43		399036487.409356	399036487.409356
42		399036487.409356	399036487.409356
41		399036487.409356	399036487.409356
40		399036487.409356	399036487.409356
39		399036487.409356	399036487.409356
38		399036487.409356	399036487.409356
37		399036487.409356	399036487.409356
36		399036487.409356	399036487.409356
35		399036487.409356	399036487.409356
34		399036487.409356	399036487.409356
33		399036487.409356	399036487.409356
32		399036487.409356	399036487.409356
31		399036487.409356	399036487.409356
30		399036487.409356	399036487.409356
29		399036487.409356	399036487.409356
28		399036487.409356	399036487.409356
27		399036487.409356	399036487.409356
26		399036487.409356	399036487.409356
25		399036487.409356	399036487.409356
24		399036487.409356	399036487.409356
23		399036487.409356	399036487.409356
22		399036487.409356	399036487.409356
21		399036487.409356	399036487.409356
20		399036487.409356	399036487.409356
19		399036487.409356	399036487.409356
18.3		399036487.409356	399036487.409356
18.2		399036487.409356	399036487.409356
18.1		399036487.409356	399036487.409356
18		399036487.409356	399036487.409356
17		399036487.409356	399036487.409356
16		399036487.409356	399036487.409356
15		399036487.409356	399036487.409356
14		399036487.409356	399036487.409356
13		399036487.409356	399036487.409356
12		399036487.409356	399036487.409356
11		399036487.409356	399036487.409356
10		399036487.409356	399036487.409356
9		399036487.409356	399036487.409356
8		399036487.409356	399036487.409356
7		399036487.409356	399036487.409356
6		399036487.409356	399036487.409356
5		399036487.409356	399036487.409356
4		399036487.409356	399036487.409356
3		399036487.409356	399036487.409356
2		399036487.409356	399036487.409356
1		399036487.409356	399036487.409356
95		399403128.223948	399403177.361643
96		399403177.434784	399403718.945244
97		399403719.004253	399403829.212241
98		399403829.267636	399403894.212441
99		400563020.359493	400563023.369222
100		400563023.456691	400563059.556344
101		400563059.621042	400563105.705748
102		400563105.763981	400563136.506283
103		400563136.558992	400563180.122730
104		400563180.188943	400563235.289382
105		400563235.340296	400563272.739630
106		400563272.794306	400563304.189547
107		400563304.261235	400563353.539626
108	10	400563353.600739	400563377.440863
109		405147229.951704	405147276.418267
110		405147276.479192	405147337.684911
111	11	405147337.741295	405147374.819779
114	15	407992194.303519	407992212.441141
113		407992190.389756	407992194.056921
112		407992121.071577	407992121.071577
115		410503113.779987	410503254.200430
116	12	410503254.264294	410503331.774602
117	11	410679703.211873	410679746.408251
118	13	413589927.281929	413589946.010772
119	18	413956323.972367	413956373.667297
122		422511055.515019	422511055.515019
121		422511055.882881	422511055.882881
120		422511056.248554	422511056.248554
123		422511058.169856	422511105.194352
124	9	422511105.245161	422511118.829647
125	19	423668793.011793	423668850.908738
126	1	428870979.650025	428870983.155744
127		428901845.549064	428901883.525461
128		428901884.854541	428901953.064641
129	8	428901954.796201	428901978.336542
130		430282763.444672	430282803.381861
131	12	430282804.714601	430282853.340516
132		437407761.636687	437407819.749717
133	15	437407823.170636	437407879.452374
134	17	442053013.082111	442053077.348557
135	16	445492751.939204	445492839.772391
136	22	451022391.452586	451022486.105224
137		462974012.656549	462974229.111483
138		462974231.301775	462974263.362655
139		462974264.362367	462974300.765953
140		462974302.166521	462974312.616983
141		462974313.611006	462974342.652807
142	10	462974343.515820	462974547.899736
143		466948861.028631	466948861.028631
144		466948661.380458	466948707.809506
145		466948708.986845	466948762.846986
146		466948764.036427	466948813.714712
147		466948814.306851	466948831.452568
148	11	466948832.104793	466948851.085674
149		468167412.955919	468173711.476324
150		468217451.394148	468217474.630834
151		468217475.293586	468217505.765771
152		468217506.388616	468217519.419285
153		468217520.312982	468217555.555010
154		468217556.536482	468217585.158148
155	14	468217585.965956	468217631.353199
156		468683898.283023	468683926.673630
157		468683927.053394	468683968.139278
158		468683968.693280	468683985.739301
159		468683986.642479	468684019.027579
160	10	468684021.248683	468684047.920145
161		469471022.270153	469471119.002375
162		469471120.522864	469471137.912187
163		469471138.561579	469471148.126337
164	9	469471148.716008	469471162.922110
165		471299516.210953	471299546.240956
166		471299547.195559	471299585.910762
167		471299587.152495	471299625.162393
168	10	471299626.040073	471299657.966193
169		499970489.677381	499970516.475643
170		499970516.895427	499970538.791455
171		499970539.177020	499970561.845247
172		499970562.241741	499970600.014530
173		499970600.672243	499970707.205116
174	18	499970707.981132	499970737.649038
175		512399162.476223	512399219.384899
176		512399242.736621	512399302.310225
177	7	512399302.948204	512399340.306490
178		512921483.897732	512921517.946541
179	9	512921519.093446	512921559.322539
180		518813869.666403	518813942.168836
181		518813942.790579	518813977.635839
182		518813978.337736	518814028.176437
183	15	518814028.586367	518814079.695640
184		524930121.210792	524930146.525814
185	14	524930146.854871	524930194.084830
186		528298013.300997	528298073.581365
187		528298075.097945	528300658.983674
188	14	528300660.292977	528300752.145346
189		528819829.429835	528819887.563171
190		528819888.653686	528819940.114048
191	8	528819940.772640	528819987.484375
192		531029667.322919	531029725.091389
193		531029725.717769	531029760.294973
194	12	531029761.091067	531029808.428223
195		531236882.959261	531236953.268558
196		531236954.246047	531236988.917608
197	17	531236989.670483	531237065.302789
198		536652322.257012	536652351.296196
199		536652352.079241	536652370.897878
200	12	536652371.690127	536652395.127643
201		550585614.198022	550585645.469744
202		550585645.984392	550585669.154611
203		550585669.526396	550585734.074768
204		550585734.503155	550585749.775743
205	13	550585750.146813	550587415.587198
206		552160328.415589	552160365.488119
207		552160366.094365	552160398.722538
208	11	552160399.369547	552160438.150655
209		557764689.901973	557764735.888489
210		557764736.687730	557764779.937742
211		557764780.551581	557764818.873149
212	14	557764819.512782	557764857.192674
214		559755416.645088	559755445.958255
215		559755446.555955	559755475.543663
217		559755476.580328	559755496.745368
218	12	559755497.127654	559755529.674997
225		562002124.019309	562002590.045867
226		562002590.629609	562002613.027521
231		562002613.589995	562002649.595509
232	35	562002650.159340	562002777.751920
230		566368783.585490	566368783.585490
229		566368783.585490	566368783.585490
228		566368783.585490	566368783.585490
227		566368783.585490	566368783.585490
224		566368783.585490	566368783.585490
223		566368783.585490	566368783.585490
222		566368783.585490	566368783.585490
221		566368783.585490	566368783.585490
220		566368783.585490	566368783.585490
219		566368783.585490	566368783.585490
216		566368783.585490	566368783.585490
213		566368783.585490	566368783.585490
233	-	566368789.042707	566368791.588692
