1	556660962.123541
z03mangahere	Omaera Zenin Mendokusai!	33	555831308.314055	L	http://www.mangahere.cc/manga/omaera_zenin_mendokusai	555831308.314055
1		451289861.256614	451290025.127422
2		451290025.651560	451290175.988503
3		451310734.792932	451311243.949873
4		451311244.507464	451311370.958528
5		451311371.500630	451311600.591705
5.5		451311600.786474	451311606.392081
6		451311606.573721	451311693.319452
7		451311693.917314	451311807.542423
8		451311808.089385	451311893.998540
9		451311894.607631	451311978.871982
10		451311979.421051	451312088.879573
10.5		451312089.400806	451312134.433477
11		451312135.053273	451312206.554283
12	27	451312207.053719	451312250.968178
13	28	451801450.458597	451801520.169935
14		473268528.097672	473268531.040707
15		473268531.352893	473268680.158809
15.5		473268681.531417	473268757.510249
16		473268758.106025	473268844.818062
17		473268845.487669	473268891.422033
18	30	473268891.974361	473268949.592706
19	29	473580909.096790	473581067.719321
20	21	475045928.247525	475045995.093786
20.5		488786478.016806	488786546.895379
21		488786547.277344	488786630.105101
22		488786630.488881	488786710.774478
23	25	488786712.071858	488811005.157869
24	31	488811009.776934	488811112.221188
25	26	500826786.470631	500826880.771544
26	29	529557925.103424	529589696.653034
27	31	535042492.701335	535042626.711164
28	29	541977525.996904	541977651.629487
40	1	555133787.683020	555133789.132743
29	21	553031185.791975	553031263.753090
30	29	553840730.936889	553840857.282277
31	-	554614661.945551	556659788.583217
32		555133665.068394	555133787.186607
33	26	555831308.314055	555831531.136519
