1	558985173.553081
z03mangahere	The Jinx's Lover	15	552279034.688594	B	http://www.mangahere.cc/manga/the_jinx_s_lover/	552279034.688594
0		522066909.857072	522066997.003294
1		522304942.013048	522305150.669123
2		522305150.733067	522305328.940645
3		522305329.005804	522305423.512814
4		522305423.562336	522305526.936397
5		522305526.996738	522305709.001498
6		522305709.064291	522305818.705483
7		522305818.773651	522305927.996116
8		522305928.047800	522306066.805541
9		522306066.866769	522306172.261867
10		522306172.323145	522306291.403210
11		522306291.466029	522306398.610322
12	31	522306398.671273	522306526.915046
13	36	522663589.849214	522664396.016633
14		552278872.424520	552279034.213535
15	39	552279034.688594	552279220.074541
