1	556685841.075498
z03mangahere	Dungeon ni Deai o Motomeru no wa Machigatte Iru Darou ka	82	554744241.387353	L	http://www.mangahere.cc/manga/dungeon_ni_deai_o_motomeru_no_wa_machigatte_iru_darou_ka/	554744241.387353
11		417527089.118350	417527089.118350
10		417527089.118350	417527089.118350
9		417527089.118350	417527089.118350
8		417527089.118350	417527089.118350
7		417527089.118350	417527089.118350
6		417527089.118350	417527089.118350
5		417527089.118350	417527089.118350
4		417527089.118350	417527089.118350
3		417527089.118350	417527089.118350
2		417527089.118350	417527089.118350
1		417527089.118350	417527089.118350
12	20	419486272.227630	419486316.022650
13	22	422047454.528696	422047558.872631
14	23	427692013.879369	427692160.360395
15	22	431790604.262429	431790752.886997
16		434172392.519052	434172392.519052
17	23	437691801.189320	437691891.125197
18	20	440395809.023120	440395886.722040
19		441235951.158758	441236063.051690
20	21	441236063.232680	441236142.947494
22	22	446450376.339394	446450455.762211
23	-	446760117.164931	446760117.164931
24		446780047.145640	446780164.172603
25		446780164.718296	446780223.193943
26		446780223.693878	446780269.713182
27		446780270.175726	446780306.800889
28	26	446793471.184417	446793472.804878
14.5	6	446793459.286349	446793468.655138
29	19	446846585.584676	446846646.350885
21	19	446878089.708355	446878132.112127
30	18	446878134.851431	446878211.401788
31	19	450594214.490398	450594316.445037
32	2	450673669.563972	450673672.291891
33	11	450965127.195686	450965240.648780
34	26	452217823.228067	452217928.620987
35	23	453475937.809852	453476018.083649
36	24	455383176.647737	455383390.220914
37	21	456467176.428751	456467229.854130
38	16	457792781.570921	457792814.687427
39	16	459064638.859995	459064672.943599
40	18	460788208.202171	460788236.319606
41	22	462138071.687156	462138096.545324
42	18	463340196.157076	463340214.175896
43		464545047.968487	464545047.968487
44	18	465922827.467483	465922902.709729
45	19	466881682.642762	466881732.992261
46	15	469050669.030632	469050704.076068
47	24	472835603.695429	472835696.577085
48	20	476634828.901997	476635041.562833
49	22	479888216.840309	479888434.869444
50		482073844.696696	482073887.790831
51	20	482073888.327621	482073929.944419
52	26	482908377.545221	482908428.126828
53	20	484810976.990488	484811026.673424
54	21	485699541.514499	485699604.335878
55	18	487271448.000508	487271526.666943
56		490547710.297690	490547755.304010
57	20	490547758.778747	490547807.568619
58	21	492315904.037583	492315959.241878
59	17	494086164.108032	494086597.108285
60	18	496073029.797290	496073084.300549
61	17	499268153.561557	499268192.595956
62	16	499625002.673719	499625080.072325
63	17	501639913.727190	501667567.270748
64	16	503426145.343350	503426175.461771
65	15	503821333.589405	503821390.334064
66	15	507596967.997075	507597190.688621
67	21	508649543.121276	508649599.306627
68		511850371.241890	511850600.975273
69	17	511850602.131796	511850677.532467
10.5		511850685.701627	511850685.701627
4.5		511850685.701627	511850685.701627
70	16	515306399.050974	515306579.902050
71	17	516083481.586801	516083531.186715
72	17	517353993.135066	517354044.704242
73	13	521447227.767308	521447279.819773
74	19	521516419.377877	521516466.732973
75	21	522307226.942335	522307340.800406
76	15	526825991.609646	526829391.060441
77		528910234.192829	528910408.387262
78	20	528910409.458654	528910533.514132
79		541265946.262683	541265991.148578
80	18	541265991.754018	541266069.935447
81	22	546265356.186020	546265496.546232
82	20	554744241.387353	554744295.571887
