1	556730373.684061
z03mangahere	Haru x Kiyo	20	553987521.398730	L	http://www.mangahere.cc/manga/haru_x_kiyo/	553987521.398730
1		521602762.112214	521603166.113874
2		521603166.147063	521603425.864294
3		521603425.895138	521604683.138396
4		521604683.167870	521607066.390260
5		521608367.797334	521608664.395764
6		521608664.432016	521608999.536678
7		521608999.570980	521610298.730537
8		521610298.747160	521610758.815419
9		521637515.316476	521637848.599798
11		521638033.508257	521638316.347584
10		521637848.630511	521638033.478803
12		521638316.376281	521640306.619900
13		521640306.649803	521642213.126582
14		521642213.154819	521642458.991728
15		521800531.827107	521800923.666823
16		521800923.698948	521802867.340497
17	34	521802867.371814	521818192.493070
18	43	549720297.301644	549720678.048111
19	43	550333833.193495	550334306.600255
20	43	553987521.398730	553987723.662640
