1	556730774.641721
z03mangahere	Jigoku no Enra	14	554304317.550779	L	http://www.mangahere.cc/manga/jigoku_no_enra/	554304317.550779
1	66	477465705.002881	477465943.287994
2	37	481100483.370359	481100679.306297
3	39	485325660.579355	485325769.868457
4	25	487438739.029189	487439827.071375
5	32	487785843.457412	487785920.502848
6	47	489358206.311925	489364897.024306
7	36	490547813.360780	490547983.122997
8	45	492134712.989039	492135045.103990
9		493965382.103761	493965499.596946
10	43	493965500.438969	493965607.253719
11	27	497721272.319525	497721683.294543
12	103	529476869.320081	529476879.818630
13	60	530120858.212569	530121042.857649
14	32	554304317.550779	554304400.477099
