1	556731625.887811
z03mangahere	Kobayashi-san Chi no Maid Dragon	72	550246081.916429	L	http://www.mangahere.cc/manga/kobayashi_san_chi_no_maid_dragon/	550246081.916429
23		527568343.096236	527568353.742035
24	2	527568355.223746	527568367.008774
40		527569526.461943	527569601.828645
27		527568442.680996	527568453.264340
28		527568453.600441	527568539.171221
29		527568539.874408	527568559.709781
30		527568560.269032	527568657.945954
31		527568658.314271	527568754.602040
32		527568755.142143	527568770.036425
33		527568770.750690	527568896.811315
34		527568898.468867	527568907.583115
35		527568907.930423	527569039.719937
36		527569040.807149	527569125.592399
37		527569126.366990	527569221.648724
38		527569222.754719	527569340.428403
39		527569341.106348	527569525.788394
41		527569602.376082	527569701.652299
42		527569702.284508	527569803.992042
43		527569804.819108	527569930.746642
44		527569931.088731	527570116.247224
45		527570116.909025	527570208.968820
46		527570210.587351	527570367.312606
47		527570368.085549	527570443.767800
48		527570444.578072	527570534.207884
49		527570543.873913	527570713.744504
50		527570714.417224	527570765.614694
51		527570766.203989	527570836.069078
52		527570836.619281	527570924.441587
53		527570925.612875	527601960.987866
54		527601962.078906	527602109.096747
55		527602110.187277	527602448.930526
56	12	527602450.130782	527602566.464468
57	12	529383142.270616	529383187.716088
58	14	532895493.262412	532895572.010307
59	16	541861992.570457	541862161.612679
60	12	542554935.123263	542555055.475781
62	1	543077931.963639	543077933.540303
61		543077800.746261	543077931.362408
63	12	543160199.550415	543160346.401728
64	14	543589895.653781	543590016.014428
65	12	543760553.458137	543760582.140373
66	11	543763757.626338	543763899.969318
67	12	544109995.972049	544110150.430988
68	12	544194187.946762	544194324.003113
69	12	544339746.936083	544364452.829465
70	-	545918887.564878	545918891.488808
71	12	549807567.026239	549807652.696197
72	16	550246081.916429	550246174.711671
