1	556737692.831519
z03mangahere	Mairunovich	58	503845986.553812	L	http://www.mangahere.cc/manga/mairunovich/	503845986.553812
1		396320002.548584	396320167.988657
2		396320168.065076	396320274.755445
3		396320274.852230	396320501.005584
4		396320501.080997	396320614.789120
5		396320614.878401	396320700.838733
6		396320700.907844	396320773.872096
6.5		396320773.907144	396320807.455418
7		396320807.534166	396320914.572084
8		396320914.668283	396321001.388776
9		396321001.457231	396321086.688755
10		396321086.754444	396321141.122199
11		396321141.195904	396321250.338839
12		396321250.417504	396321347.338665
13		396321347.412041	396321439.455390
14		396321439.538784	396321562.838845
15		396321562.908129	396321676.822100
16		396321676.896054	396321744.555427
17		396321744.674071	396321868.572030
18		396321868.657456	396321931.738722
18.5		396321950.205759	396321964.455344
19	30	396321964.528457	396322062.674726
20	35	398007114.319773	398007265.329790
22	25	402493568.143152	402493660.484352
21		402493664.369879	402493664.369879
23	29	403287070.050814	403287124.670766
24	29	403708279.667218	403708384.285590
25	31	404309599.330409	404309699.808095
26	32	405147024.731396	405147128.069710
27	29	407128689.880039	407128797.898432
28		409432125.935615	409432125.935615
29		409464444.344401	409464444.344401
30	30	409671382.633932	409671572.270943
31		410330533.673299	410330533.673299
32	29	414112781.182422	414112784.928815
33	57	417958588.010038	417958729.917164
34	29	419882361.856553	419882446.647189
35	-	420433101.753081	420433104.064074
36	28	422108116.739373	422108232.155844
37	29	422317806.619889	422317955.373653
38	29	422322467.238445	422322561.729272
39		422667010.447929	422667155.888424
40	28	422667155.934655	422667262.837158
41		423148756.264710	423148848.841269
42	29	423148848.873356	423148955.585574
43	54	423255285.649205	423255570.158953
44	28	425604039.623506	425604125.567701
45	32	432769546.554783	432774241.630238
46	32	433351967.665651	433352088.915409
47	33	435845428.650842	435845504.592846
48		446054276.116654	446054278.048603
49	30	446054278.432836	446054397.079745
50		448862062.309946	448862062.309946
51		454484564.162886	454484564.162886
52	28	457327125.030179	457327210.953983
53		457506609.764447	457506665.862014
54	27	457506666.726402	457506758.361579
55		457516593.032814	457516666.097541
56	26	457516667.605590	457516859.789194
57		457601237.116658	457601354.319478
58	1	503845986.553812	503845988.957886
59		458115119.309356	458115267.483605
60		458115268.029652	458115373.663502
61	27	458115374.198939	458115470.180573
62	26	458627080.985343	458627189.784632
57.1		503845854.101680	503845985.983418
