1	522465181.495835
z03mangahere	Cage of Eden	185	522464982.554167	L	http://www.mangahere.com/manga/cage_of_eden/	522464982.554167
22		522315078.566601	522315235.168552
27		522316689.865619	522316793.875051
53		522319209.534217	522319333.779044
3		522310506.894475	522310654.909072
19		522314525.040064	522314727.273868
36		522317511.770878	522317595.183636
42		522318080.266229	522318187.920659
48		522318626.511935	522318763.760482
58		522319734.053065	522319812.096397
64		522320944.774437	522321356.119016
70		522328846.586702	522328929.855981
76		522332415.101224	522332509.911643
82		522333097.018392	522333414.061222
88		522334054.815976	522334143.958148
94		522336035.102772	522336111.404009
8		522310995.176313	522311151.608046
105		522337085.264848	522337197.942109
99		522336493.928290	522336598.237673
117		522338857.143077	522338986.840615
111		522337986.602884	522338110.699288
129		522375785.779357	522375893.188647
123		522339631.755333	522375338.752538
141		522377169.519353	522377273.446185
135		522376473.707430	522376553.282070
153		522430592.800152	522430676.637508
147		522377726.439534	522377826.615501
159		522431257.437347	522431312.278333
165		522431817.190913	522431909.884865
171		522463875.675311	522463979.955433
177		522464375.401837	522464452.862629
183		522464866.019286	522464908.326008
22.5		522315235.199283	522315260.701674
28		522316793.923636	522316882.031145
54		522319333.822720	522319475.321914
4		522310654.952534	522310737.831049
14		522312018.859811	522312465.465424
20		522314727.321897	522314986.874540
37		522317595.240202	522317699.871816
43		522318187.968301	522318277.028284
49		522318763.808252	522318859.832225
59		522319812.140876	522319899.034038
65		522321356.165784	522324064.074341
71		522328929.891536	522329100.925166
77		522332509.958016	522332625.102272
83		522333414.102224	522333511.416629
89		522334144.003348	522334276.833849
94.5		522336111.448607	522336125.305983
9		522311151.654332	522311265.282204
106		522337197.987194	522337304.098966
100		522336598.284090	522336668.507254
118		522338986.880822	522339122.215637
112		522338110.745175	522338359.517191
130		522375893.234049	522376052.465974
124		522375338.801930	522375443.192779
142		522377273.493399	522377408.321678
148		522377826.664204	522377915.921561
136		522376553.327670	522376691.774148
154		522430676.681756	522430800.545382
160		522431312.325504	522431383.217176
166		522431909.931783	522432092.546578
172		522463979.999218	522464018.299987
178		522464452.908975	522464538.150811
184		522464908.374159	522464982.511261
23		522315260.743526	522316207.062521
29		522316882.078522	522316953.369970
55		522319475.368814	522319577.395989
15		522312465.510979	522314232.475069
38		522317699.918043	522317805.063016
44		522318277.076872	522318362.648603
50		522318859.876833	522318969.558116
60		522319899.083146	522320012.707880
66		522324064.119632	522324173.777823
72		522329100.965160	522329226.449742
78		522332625.148807	522332715.708651
84		522333511.461718	522333583.906097
90		522334276.883525	522334369.374194
5		522310737.877948	522310830.736438
101		522336668.555376	522336794.465943
95		522336125.353279	522336184.559223
113		522338359.562377	522338473.804609
107		522337304.149585	522337417.673787
125		522375443.239386	522375586.951947
10		522311265.327367	522311373.122762
137		522376691.813491	522376842.834564
119		522339122.260815	522339188.421835
149		522377915.968512	522378018.562337
131		522376052.512098	522376142.155883
143		522377408.368653	522377476.660580
155		522430800.592361	522430968.439800
161		522431383.263265	522431468.922111
167		522432092.593165	522432189.836736
173		522464018.345623	522464121.690103
179		522464538.198160	522464665.242811
185	22	522464982.554167	522465181.494865
24		522316207.109142	522316338.912004
30		522316953.416443	522317042.283552
56		522319577.444230	522319641.549662
16		522314232.514403	522314370.500622
39		522317805.109193	522317888.269550
45		522318362.693634	522318454.506453
51		522318969.603877	522319103.565252
61		522320012.753308	522320684.262335
67		522324173.819053	522324288.739409
73		522329226.497723	522329350.440793
79		522332715.752525	522332774.707985
85		522333583.959079	522333707.930056
91		522334369.420440	522335792.917818
6		522310830.775041	522310900.725653
102		522336794.515421	522336905.689730
96		522336184.612948	522336311.451222
114		522338473.857890	522338595.098163
108		522337417.719492	522337538.483120
126		522375587.001638	522375662.940714
11		522311373.167295	522311681.909965
138		522376842.878221	522376959.142085
144		522377476.700279	522377560.998221
150		522378018.609221	522378230.861162
120		522339188.469085	522339368.198474
132		522376142.202855	522376272.996835
156		522430968.484095	522431079.179500
162		522431468.967941	522431556.604087
168		522432189.880814	522460815.845636
174		522464121.733716	522464216.780327
180		522464665.289763	522464737.013899
25		522316338.957056	522316504.656318
31		522317042.327572	522317115.796470
17		522314370.548096	522314434.371554
34		522317312.605805	522317405.135718
40		522317888.314541	522317987.525764
46		522318454.554736	522318555.096572
52		522319103.605280	522319209.487250
1		522310034.377508	522310332.981804
68		522324288.788068	522324348.225963
62		522320684.309517	522320809.170781
80		522332774.737920	522332924.772191
74		522329350.489075	522329431.029597
92		522335792.957016	522335939.059955
97		522336311.498729	522336380.972863
12		522311681.959009	522311787.616820
109		522337538.527746	522337866.931948
103		522336905.734966	522337001.662417
121		522339368.242867	522339425.885174
7		522310900.772990	522310995.131113
133		522376273.038787	522376373.020080
115		522338595.137889	522338714.389268
145		522377561.042640	522377666.955501
127		522375662.988396	522375728.028312
139		522376959.182435	522377054.464901
151		522430245.962727	522430321.105044
86		522333707.981724	522333830.121051
157		522431079.226559	522431188.770343
163		522431556.636485	522431703.604622
169		522460815.891288	522463792.996660
175		522464216.825736	522464312.535935
181		522464737.060495	522464796.267877
21		522314986.902693	522315078.526531
26		522316504.703958	522316689.818210
32		522317115.844473	522317193.302814
2		522310333.016006	522310506.848958
18		522314434.418490	522314524.994217
35		522317405.180875	522317511.726276
41		522317987.576057	522318080.213362
47		522318555.157008	522318626.466320
57		522319641.599511	522319733.990989
63		522320809.215650	522320944.730644
69		522324348.271918	522328846.541613
75		522329431.083698	522332415.055940
81		522332924.818771	522333096.972746
87		522333830.164470	522334054.769367
93		522335939.112796	522336035.063867
98		522336381.013953	522336493.880227
33		522317193.354386	522317312.542724
110		522337866.970886	522337986.557759
104		522337001.708758	522337085.218379
122		522339425.934185	522339631.707299
13		522311787.663567	522312018.815407
134		522376373.067520	522376473.660741
140		522377054.510651	522377169.473071
146		522377666.997303	522377726.392366
152		522430516.030049	522430592.747729
116		522338714.429527	522338857.098227
128		522375728.068874	522375785.732001
158		522431188.814393	522431257.391464
164		522431703.650993	522431817.144931
170		522463793.024331	522463875.629415
176		522464312.581542	522464375.356910
182		522464796.303141	522464865.975532
