1	555528230.032377
z03mangahere	Birdmen	43	543214019.686783	L	http://www.mangahere.cc/manga/birdmen/	543214019.686783
8	35	429590794.577173	429590910.892041
7		429590791.000622	429590791.000622
6		429590791.000622	429590791.000622
5		429590791.000622	429590791.000622
4		429590791.000622	429590791.000622
3		429590791.000622	429590791.000622
2		429590791.000622	429590791.000622
1		429590791.000622	429590791.000622
9	37	430197274.366448	430197464.691691
10	38	451142746.877015	451142805.513886
0.1	29	452548120.417301	452548181.028524
0.2	1	452548182.440891	452548183.995805
11	40	453387808.208168	453388031.830145
12	44	456119339.909297	456119586.739982
13	32	456209990.289814	456210178.974808
14	44	457626346.096153	457626554.349395
15	41	458888544.985080	458888769.535003
16		463059570.365180	463059705.203015
17	34	463059706.546272	463059810.264172
18	40	466881521.069013	466881674.735956
19	45	473838885.136896	473839142.704648
20		473908605.265094	473909246.920966
21	38	473909259.242285	473926488.401445
22	35	482158187.077177	482158366.109350
23	35	482712167.726765	482712309.761074
24	45	483286346.585382	483286505.912645
25	36	484426164.032526	484426414.309548
26		500230122.905262	500230292.466100
27	39	500230317.362985	500230497.663904
28	38	502870344.277192	502870489.240765
29	39	503259193.889612	503259366.345760
30		503632686.798890	503633462.842649
31		503633463.462059	503633561.715704
32	40	503633562.133891	503633628.835762
33	46	504337763.183983	504337893.226238
34		508431928.746625	508431991.466757
35	35	508431992.045306	508432078.783603
36	41	510205286.726571	510205385.741622
37		515086220.311840	515086380.984514
38		515086381.664866	515086480.207137
39	36	515086480.812256	515086553.985470
40	34	521773666.277754	521773797.625781
41	36	525189099.725271	525189149.021893
42	42	528038779.400785	528038908.428978
43	39	543214019.686783	543214103.423800
