1	555607148.723009
z03mangahere	Honey (MEGURO Amu)	14	527088251.514278	L	http://www.mangahere.cc/manga/honey_meguro_amu/	527088251.514278
1		430718592.834668	430718956.006899
2		430718957.474193	430719157.506339
3		430719261.177287	430719462.999190
4		430719464.676705	430719594.893224
5	43	430719596.255104	430719809.369172
6	48	450068648.166489	450069940.529919
7	43	466947992.960212	466948435.860284
8	41	467553214.222635	467553508.707805
9	41	469686588.830430	469686753.601905
10		525710774.304354	525711129.533062
11		525711130.141979	525712119.375633
12	19	525712119.702878	525721722.577878
13		527087580.896818	527088250.889359
14	42	527088251.514278	527092182.139114
