1	566886081.591740
z03mangahere	Uchuu Kyoudai	303	533454093.493106	L	http://www.mangahere.cc/manga/uchuu_kyoudai/	533454093.493106
1		467823981.343696	467824216.724298
2		467824221.763053	467825524.531099
3		467825525.630639	467825664.148700
4		467825664.507592	467825810.863836
5		467825812.033777	467825928.758394
6		467825929.921654	467826099.677376
7		467826100.907792	467826222.935676
8		467826224.120269	467826344.396970
9		467826345.679546	467826481.007392
10		467826482.369221	467826581.761971
11		467826582.156245	467826686.044384
12		467826687.370288	467826741.595785
13		467826832.116240	467826862.760198
14		467826863.351583	467826975.112135
15		467826976.410879	467827055.671031
16		467827056.855433	467827146.832534
17		467827148.235245	467827196.481261
18		467827197.067333	467827305.022742
19		467827311.729068	467827370.229413
20		467827370.832648	467827482.019152
21		467827482.380693	467827534.227419
22		467827535.818419	467827652.300381
23		467827652.905773	467827791.381896
24		467827791.743662	467827896.659938
25		467827898.086881	467828004.554875
26		467828006.097196	467828134.296637
27		467828134.896370	467828199.338582
28		467828200.636913	467833801.254230
29		467833801.974531	467833948.749819
30		467833949.554999	467834109.850109
31		467834110.788196	467834231.811677
32		467834232.636081	467834311.551088
33		467834312.425854	467834597.154394
34		467834598.394509	467834717.005856
35		467834718.281481	467834816.056117
36		467834816.953664	467834921.745008
37		467834922.246408	467835018.394261
38		467835019.573074	467835121.048646
39		467835122.308141	467835230.358025
40		467835231.454434	467835322.515646
41		467835323.520366	467835526.268686
42		467835527.186857	467835654.110708
43		467835654.974119	467835776.787460
44		467835777.256541	467835895.575077
45		467835896.358198	467836008.318036
46		467836009.093086	467836112.923280
47		467836113.490153	467836221.405127
48		467836222.575995	467843986.009555
49		467843986.409076	467844160.899414
50		467844161.684142	467844311.828621
51		467844312.520039	467844431.538929
52		467844432.211370	467844520.396192
53		467844520.888553	467844607.936992
54		467845487.282040	467845609.450447
55		467876698.763764	467876791.077346
56		467876791.916968	467876871.984131
57		467876872.704203	467876944.907050
58		467876945.620320	467877021.697415
59		467877022.393099	467877067.400746
60		467877068.089579	467877138.090151
61		467877138.852582	467877219.280361
62		467877219.752023	467877343.157569
63		467877343.867904	467877468.968090
64		467877469.820733	467877533.486823
65		467877534.099509	467877645.619510
66		467877646.359546	467877740.407976
67		467877741.248307	467877832.565955
68		467877833.025841	467877919.739820
69		467877920.588368	467878010.247315
70		467878010.973874	467878099.338269
71		467878100.084473	467878199.529167
72		467878200.252962	467878284.154232
73		467878284.812907	467878423.762018
74		467878424.355761	467878495.522011
75		467878496.273778	467878659.510743
76		467878660.325378	467878721.007493
77		467878721.745269	467878806.917113
78		467878807.335935	467878886.655137
79		467878887.409511	467878956.044035
80		467878956.716943	467879035.417364
81		467879035.865863	467879108.523676
82		467879109.209531	467879184.430522
83		467879185.190173	467879251.269153
84		467879252.042662	467879335.576529
85		467879336.014323	467879415.683101
86		467879416.407809	467879499.456842
87		467898376.236993	467899047.594909
88		467899048.327126	467899125.000656
89		467899144.654104	467899239.110628
90		467899239.927443	467899319.065002
91		467899319.442489	467899435.963216
92		467899436.714602	467899521.840760
93		467899522.649010	467903746.067807
94		467909981.605189	467910072.052824
95		467910072.720130	467910167.294061
96		467910168.038308	467910284.271148
97		467910284.961276	467910385.963145
98		467910386.687708	467910463.236295
99		467910463.902988	467910535.558954
100		467910535.961721	467910618.065623
101		467910618.775628	467910704.422932
102		467910705.133224	467910778.099053
103		467910778.787790	467910890.605453
104		467910891.292589	467911000.881738
105		467911001.673810	467911558.818582
106		467911559.233559	467911692.217111
107		467911694.199584	467911806.982201
108		467911810.247783	467911856.974636
109		467911858.179276	467911957.054377
110		467911958.957184	467912149.754525
111		467912153.570301	467912270.230482
112		467912271.489723	467912416.009105
113		467912417.444514	467912482.731531
114		467912483.428261	467912581.909406
115		467912583.698227	467912702.650471
116		467912704.641592	467912782.159143
117		467912782.537583	467912844.319498
118		467912845.788822	467912928.976657
119		467912930.754320	467913036.838785
120		467913042.705912	467913147.895169
121		467913151.337095	467913203.366648
122		467913204.684599	467913274.506088
123		467913352.028902	467913359.253809
124		467913359.862533	467913489.240965
125		467913490.421441	467913594.482142
126		467913595.951895	467913630.069469
127		467913631.823233	467913739.595894
128		467913740.889943	467913816.251757
129		467913817.627192	467913938.512242
130		467913940.252631	467914074.159896
131		467914075.256930	467914146.230042
132		467914147.785333	467914260.342339
133		467914262.322222	467914322.994390
134		467914324.033280	467914417.719649
135		467914419.178016	467914487.175441
136		467914489.137325	467914528.428981
137		467914529.193541	467914610.734161
138		467928380.816858	467928456.108133
139		467928456.501679	467928546.888385
140		467928547.659474	467928636.542966
141		467928637.273569	467928733.267794
142		467928734.432705	467928821.641924
143		467928822.410057	467928863.512391
144		467928864.248522	467928966.771160
145		467928967.513127	467929049.695603
146		467929050.426311	467929182.800081
147		467929183.674483	467929247.622613
148		467929248.414121	467929325.027850
149		467929328.906382	467929459.072290
150		467929459.850017	467929522.011014
151		467929761.303949	467929850.838179
152		467929851.617718	467929921.677026
153		467929922.452479	467930011.134452
154		467930011.817601	467930149.668242
155		467930150.463136	467930283.307358
156		467930283.964304	467930374.375871
157		467930375.113409	467930438.865123
158		467930439.615604	467930487.735539
159		467930488.448131	467930593.111793
160		467930593.762879	467930694.936469
161		467930695.695545	467930782.060575
162		467930782.876842	467930871.385030
163		467930871.927306	467930899.834269
164		467931193.162006	467931242.203499
165		467931242.934912	467931408.965398
166		467931409.391307	467931509.639355
167		467931510.421557	467931596.164819
168		467931596.925578	467931678.671383
169		467931680.197596	467933938.950445
170		467933939.445367	467934032.460196
171		467934033.733892	467934088.282210
172		467934089.689491	467934216.377767
173		467934217.407476	467934427.883584
174		468009078.596030	468009215.576955
175		468009216.342490	468009319.218467
176		468009319.968802	468009432.392828
177		468009433.180293	468009565.689540
178		468009566.204571	468009678.832399
179		468009679.583954	468009748.455730
180		468009749.163789	468010020.884331
181		468010021.643666	468010140.218684
182		468010140.657955	468010254.632108
183		468010255.404849	468010321.619001
184		468010322.255684	468010383.842822
185		468010384.607590	468010491.268964
186		468010492.154888	468010554.157223
187		468010554.942551	468010682.718171
188		468010683.493216	468010821.363416
189		468010822.184196	468010956.554043
190		468010957.162540	468011122.614369
191		468011123.070890	468011261.347124
192		468011262.153428	468011338.337436
193		468011339.228999	468011424.344448
194		468011425.057401	468011495.218055
195		468011496.006545	468019512.332827
196		468019513.136770	468019656.704657
197		468019657.421548	468019743.195218
198		468019743.971872	468019884.970502
199		468019885.771277	468020377.635947
200		468020378.307805	468020424.439528
201		468020425.212327	468020494.362304
202		468020495.131861	468020574.384713
203		468020575.112030	468020680.849678
204		468020681.409255	468020756.833676
205		468042752.793979	468042775.297346
206		468042775.718203	468042851.698020
207		468042852.281546	468042951.616187
208		468042952.411057	468043106.062714
209		468043106.732393	468043179.269120
210		468043179.982523	468043253.975394
211		468043254.747678	468043333.498735
212		468043334.086285	468043421.189586
213		468043422.040965	468043479.077795
214		468043479.922231	468043581.186477
215		468043581.893921	468043709.264076
216		468043710.226912	468043857.050368
217		468043857.828149	468043909.688187
218		468043910.584458	468044016.243063
219		468044016.653423	468044116.808087
220		468044117.473133	468044230.665553
221		468044231.517211	468044272.482264
222		468053128.564660	468053148.610500
223		468053149.061733	468053240.834773
224		468053241.499352	468053342.943956
225		468053343.684021	468053438.169005
226		468053439.051332	468053516.391782
227		468053517.229323	468053623.317343
228		468053624.188223	468053769.825825
229		468053770.433260	468053829.173261
230		468053829.986874	468053936.393930
231		468053937.177524	468053990.880847
232		468053991.348286	468054097.691412
233		468054098.397469	468054180.032058
234		468054180.738991	468054244.053402
235		468054244.846009	468054336.444783
236		468054337.357468	468054375.797935
237		468054376.556531	468054442.970432
238		468054443.695738	468054489.291318
239		468054490.245443	468054561.947589
240		468054562.618548	468054618.566830
241		468054619.428858	468054665.189216
242		468054666.053824	468054730.111455
243		468054730.838402	468054797.150413
244		468054797.983657	468054880.954509
245		468054881.540234	468054961.960277
246		468054962.365604	468055015.756305
247		468055016.201817	468055108.993909
248		468055109.875758	468055187.533949
249		468055188.210842	468055262.906666
250		468055263.619935	468055375.532929
251		468055376.323529	468055466.823830
252		468055467.605270	468055530.963178
253		468055531.707438	468055709.566521
254		468055710.450531	468055763.183771
255		468055763.927717	468055836.340557
256		468055942.439604	468055956.350275
257		468055956.818627	468056043.741083
258		468056044.530714	468056147.275001
259		468056147.838614	468056211.038206
260		468056211.689940	468056298.808376
261		468056299.585435	468056358.463537
262	20	468056359.354390	468056438.309961
263	20	469024625.117515	469024718.831462
264	20	471446586.186194	471446734.816172
265	20	473865901.147995	473865978.159850
266	20	475132937.483067	475132937.483067
267	20	476284863.928530	476285081.131302
268	20	477494842.688844	477494948.658594
269	20	478703463.944723	478704211.568639
270	20	479887910.938277	479888069.606272
271	20	481124867.738794	481124957.148095
272	20	482332541.507879	482332688.666004
273	20	483541632.003186	483541757.475471
274	20	485356663.474354	485356729.317058
275	20	487438665.687851	487438729.032290
276	20	487781723.291943	487781803.876144
277	20	488983665.621789	488983780.958167
278	20	490255602.585499	490255683.403826
279		495538160.017655	495538160.017655
280	20	495538056.521386	495538153.933036
281	20	496155902.792773	496156002.320543
282	20	498055199.182716	498055311.880020
283	20	499267691.739970	499267813.400061
284		502180291.329735	502180443.988399
285	20	502180444.412368	502180619.525902
286	20	502870499.738538	502874039.827504
287	20	505497660.024713	505497747.177844
288	20	506684329.538139	506684459.856596
289		509245356.873330	509245532.936310
290	20	509245533.635590	509245597.748771
291	21	510182606.111554	510182728.613556
292	20	511419823.686242	511420293.794867
293	22	512658475.264859	512658577.245483
294	21	515511589.546056	515511784.931484
295	21	516896480.695366	516896593.168972
296	20	518536943.771471	518537048.939239
297	19	519578267.122842	519578416.643563
298		522902238.662899	522902305.139896
299	19	522902305.826902	522902371.365338
300	20	524750771.451713	524750888.888207
301	20	526474379.529673	526474813.381856
302		533453912.621802	533454092.739192
303	20	533454093.493106	533454234.848005
