1	558986650.249381
z03mangahere	Usotsuki Boyfriend	12	557765322.994755	L	http://www.mangahere.cc/manga/usotsuki_boyfriend/	557765322.994755
1		429075209.168226	429075394.446955
2		429075396.642703	429075590.046708
3		429075591.819894	429075776.394990
4		429075778.083476	429075856.202822
5		429075857.898502	429075915.557490
6		429075917.146751	429076041.284084
7	26	429076042.994432	429076117.647850
7.1	19	436891804.019074	436891854.090224
8	37	461393019.982147	461393238.956487
9		461888468.965912	461888610.355727
10	36	461888611.023876	461888805.802166
11	34	528668662.139607	528668670.036623
12	33	557765322.994755	557765403.092894
