1	528660535.802759
z03mangahere	Hiyokoi	61.5	525269392.350728	L	http://www.mangahere.com/manga/hiyokoi/	525269392.350728
24		400649096.764691	400649096.764691
7		400649096.764691	400649096.764691
4		400649096.764691	400649096.764691
20		400649096.764691	400649096.764691
29.1		400649096.764691	400649096.764691
9		400649096.764691	400649096.764691
6		400649096.764691	400649096.764691
26		400649096.764691	400649096.764691
31.5		400649096.764691	400649096.764691
28		400649096.764691	400649096.764691
30		400649096.764691	400649096.764691
23		400649096.764691	400649096.764691
3		400649096.764691	400649096.764691
2		400649096.764691	400649096.764691
24.5		400649096.764691	400649096.764691
8		400649096.764691	400649096.764691
5		400649096.764691	400649096.764691
25		400649096.764691	400649096.764691
10		400649096.764691	400649096.764691
32		400649096.764691	400649096.764691
27		400649096.764691	400649096.764691
29.2		400649096.764691	400649096.764691
29		375164569.493143	375164569.493143
31		400649096.764691	400649096.764691
1		400649096.764691	400649096.764691
38		400649096.764691	400649096.764691
39		400649096.764691	400649096.764691
40		400649096.764691	400649096.764691
33		400649096.764691	400649096.764691
34		400649096.764691	400649096.764691
35		400649096.764691	400649096.764691
36		400649096.764691	400649096.764691
37		400649096.764691	400649096.764691
37.5		400649096.764691	400649096.764691
11		400649096.764691	400649096.764691
12		400649096.764691	400649096.764691
13		400649096.764691	400649096.764691
14		400649096.764691	400649096.764691
15		400649096.764691	400649096.764691
16		400649096.764691	400649096.764691
17		400649096.764691	400649096.764691
18		400649096.764691	400649096.764691
19		400649096.764691	400649096.764691
21		400649096.764691	400649096.764691
22		400649096.764691	400649096.764691
41		405579464.019955	405579554.327344
42		405579554.491434	405579627.309481
42.5	20	405579627.370890	405579652.612747
43	1	430197470.358325	430197473.888239
44	33	439097663.402798	439097934.314714
45	34	446304186.074548	446304316.955871
52.5	1	515947018.117517	515947020.537899
47.1	17	461764381.831665	461764433.685748
45.5		462138103.326668	462138198.333806
46		462138199.268095	462138313.497495
47		464936384.802873	464936384.802873
48		497886640.376243	497886727.072818
49		497886727.880764	497886796.531833
50		508398314.399472	508398314.399472
51	33	515594715.779982	515594773.936384
52		515946938.944977	515947017.397532
53	46	516807624.814794	516807726.430862
54	35	517982870.597536	517982974.787422
55	35	518601444.997088	518601543.820957
56		521774012.489664	521774364.369982
57	38	521774364.401529	521774986.901980
57.5		523019705.689533	523020190.871613
58	38	523020191.271384	523020248.140187
59		524810349.861945	524810470.660969
60	36	524810471.249251	524810543.737894
61		525269273.205247	525269391.692272
61.5	30	525269392.350728	525269473.336890
