1	548284685.720130
z03mangahere	Uchuu o Kakeru Yodaka	15	548284571.368795	L	http://www.mangahere.cc/manga/uchuu_o_kakeru_yodaka/	548284571.368795
1		467740539.536154	467740855.613602
2		467740857.010633	467740974.382833
3		467740975.673811	467741085.487822
4		467741086.850795	467741217.006696
5	42	467741218.302547	467741351.733299
6	36	518021075.530517	518021237.425417
7		518387328.979166	518388448.362696
8		518388448.771827	518388595.951928
9	36	518388596.708360	518388675.334893
10		518625274.804950	518625969.848843
11	37	518625970.339635	518626064.587066
12	36	518811949.804600	518812088.600811
13	35	520183958.009291	520185221.325915
14		548284429.922390	548284570.688696
15	43	548284571.368795	548284684.089691
