1	555525710.268324
z03mangahere	Hatsukoi Zombie	116	554847527.439634	L	http://www.mangahere.cc/manga/hatsukoi_zombie/	554847527.439634
1		484777760.418347	484778027.267416
2		484778028.418548	484778158.042689
3		484778159.401394	484778600.341624
4		484778601.527925	484778757.201487
5		484778758.301882	484778842.060499
6		484778843.089589	484778937.295466
7		484778938.456321	484779060.120162
8		484779061.770483	484779190.580414
9		484779191.757601	484779268.252045
10		484779269.508695	484779365.091380
11		484779366.143585	484779432.262758
12		484779433.379093	484779502.317105
13		484779503.595321	484779592.073322
14		484779593.424529	484779655.443803
15		484779656.805522	484779715.150707
16		484779715.518234	484779922.188748
17		484779923.440908	484779987.692916
18		484779988.884096	484780058.645556
19		484780058.990455	484780154.954026
20		484780156.303427	484780294.676995
21		484780296.721578	484780386.169636
22		484780387.544923	484780502.477132
23		484780503.852706	484780563.697455
24	20	484780564.878603	484780612.285698
25	19	484810647.487981	484810732.514396
26	20	485040006.303587	485040119.135647
27	20	485182850.510205	485183002.717522
28	19	486335015.437350	486335125.449481
29	19	486398778.928934	486399003.596185
30	20	487714634.757675	487714776.356273
31	19	487952218.635473	487952346.556042
32	20	488555157.925008	488555325.180594
33	19	488873871.593993	488873998.411215
34	19	489957325.710850	489957460.393539
36	18	490686534.052432	490686716.901894
35	19	490716560.636331	490716645.734124
37	21	490987396.152125	490987511.571737
38	19	491254133.295350	491254281.712189
39	19	491570751.373748	491570904.581260
40	20	492654805.402460	492654928.218933
41	19	492757019.491017	492757147.323256
42	18	494085170.671037	494085280.074691
43	19	495037500.687058	495037639.079785
44	21	495669236.297969	495669418.928240
45	19	496297271.201590	496297402.716644
46	1	507617339.433396	507617343.053068
47	19	497333362.662168	497333503.754644
48	19	497762664.402125	497762792.985941
49	19	498749813.111646	498749968.013021
50	18	498894513.222947	498894706.359687
51	21	500482121.460724	500482280.722449
52	19	500853582.834210	500853708.859193
53	20	501329114.896112	501329224.352158
54	22	501517808.349309	501517963.110715
55	20	501899434.907115	501899573.452702
56	21	502350949.790501	502351156.458859
57		504426958.210257	504427094.983131
58	19	504427095.676176	504427289.845644
59	19	505754680.233535	505754878.101432
60	19	506388300.839442	506388440.204536
61	21	506886276.670911	506886638.669962
62	19	507617346.168945	507617349.244532
45.5		507617281.269565	507617338.775039
63	21	507788626.053029	507788749.378568
64		509379012.214620	509379146.598182
65	18	509379147.200938	509379224.342898
66	22	511905277.224482	511905418.697219
67		512075400.152097	512075400.152097
68		512075400.684149	512075400.684149
69	18	512146719.101183	512146918.622711
70	-	512198246.312992	512198421.173633
71		513103150.245471	513103156.293885
72	18	513103156.982109	513103299.406740
73	18	513780279.837072	513780444.637283
74	19	514408741.155387	514408933.703334
75	18	515766994.164015	515767169.584209
76	20	517585302.150236	517585457.376361
77	18	517699517.222831	517699638.681531
78	18	517773340.866707	517773462.020124
79	20	518470901.563926	518471060.507190
80	19	522695183.351050	522695502.474978
81	18	523191645.805904	523191879.478816
82	18	525007618.253511	525007795.886331
83	18	525503475.726371	525503699.189906
84	18	525614928.409358	525615118.885939
85	18	525620817.602311	525620946.854512
86		525638600.643318	525638771.854364
87	18	525638772.398112	525638847.782200
88	18	525873892.823643	525873999.602642
89	18	525962025.800885	525962113.703436
90	17	526224727.432524	526224840.497362
91	18	526531044.219647	526531180.233545
92	-	528006289.104051	528006299.954602
94	19	528006839.060086	528006977.175741
93		528006564.509307	528006837.811009
95	18	531059460.976045	531059587.868558
96	19	538321026.773359	538321177.110535
98	14	549520675.485446	549520699.890564
99	19	541831223.069543	541831362.420818
100	21	542987566.519946	542987714.225796
101	18	544018123.841656	544018508.201143
102	19	546147738.532420	546147852.785884
103	18	547374501.211846	547374637.164009
104	20	548310272.198162	548310414.676507
105	19	549373316.606881	549373447.426261
97		549520602.039460	549520669.981011
97.5		549520670.656458	549520675.146680
128		554646474.739573	554646550.143644
106	19	550151276.307992	550151458.880338
107		550411702.141621	550411864.870524
107.5	5	550498005.237869	550498069.227034
108	18	550728480.853767	550728597.834671
109	20	551535899.044757	551536502.052023
110		552483822.309887	552483916.420476
111	19	552831685.552866	552831820.819584
112		553952621.637735	553952625.710054
114	21	553952626.013465	553952775.948075
125		554645158.296020	554645161.325826
126		554645162.052246	554646395.390075
127		554646396.065638	554646460.621096
129	16	554646551.058734	554646603.515478
130	18	554704297.722704	554704405.466164
116	19	554847527.439634	554847672.567279
