1	544548068.950101
z03mangahere	Naruto Gaiden: The Seventh Hokage	9.1	466531898.053846	L	http://www.mangahere.cc/manga/naruto_gaiden_the_seventh_hokage/	466531898.053846
1		466530716.579257	466530860.899375
2		466530872.220997	466531022.681018
3		466531028.891741	466531112.338157
4		466531115.267106	466531286.494380
5		466531288.475667	466531423.515137
6		466531431.597131	466531542.708238
1.1		466530861.521245	466530871.876354
2.1		466531023.427484	466531028.569467
3.1		466531112.982793	466531114.755620
4.1		466531287.203267	466531287.941070
5.1		466531424.224892	466531431.206905
6.1		466531543.137358	466531547.649676
7		466531547.984741	466531694.995102
8		466531699.931023	466531836.921219
7.1		466531695.744029	466531699.527887
8.1		466531837.241336	466531840.087993
9		466531840.546590	466531897.543578
10	22	460566386.665275	466532026.608012
9.1		466531898.053846	466531900.311186
10.1	1	460566535.108981	460566536.806363
