1	557942124.518398
z03mangahere	Naui Binaneun Segye	53	498488893.809129	B	http://www.mangahere.cc/manga/naui_binaneun_segye/	498488893.809129
3		449865428.474438	449865579.634941
2		449865410.412910	449865428.190854
4		449865580.830087	449865701.345230
5		449865702.546719	449865845.176008
6	42	449865846.204763	449865983.841069
7	40	451174986.618376	451175107.128397
8		456815755.833250	456815756.999887
9	32	456815757.554293	456815918.296675
10	30	462857350.905419	462857568.975297
11		464585373.423180	464585373.423180
12		466433789.345748	466433927.143515
12.1	6	466433928.211392	466433937.087849
13	24	467361840.121381	467362006.519916
14	35	468217641.759225	468217834.816475
15	27	469517791.006647	469517950.748129
16		469846249.602758	469846249.602758
17	27	470355716.722333	470355898.222166
18	23	470430175.714065	470430280.026630
19	30	470505052.943236	470505211.236109
20	27	470723946.502997	470724120.711329
21	33	470838942.896533	470839098.542071
21.1		470899667.769860	470899707.762135
21.2	8	470899709.026705	470899767.402658
45		498487175.760784	498487300.282555
46		498487300.848647	498487453.241886
47		498487453.650409	498487587.336063
48		498488498.174402	498488501.932293
49		498488502.345198	498488644.053895
51		498488645.231683	498488780.848918
52		498488781.544352	498488892.639838
53	41	498488893.809129	498489037.629455
