1	499208268.098905
z03mangahere	Faster Than a Kiss	57	424417199.746183	L	http://www.mangahere.com/manga/faster_than_a_kiss/	424417199.746183
57		460765832.999592	460765832.999592
56		460765832.999592	460765832.999592
55.5		460765832.999592	460765832.999592
55		460765832.999592	460765832.999592
54		460765832.999592	460765832.999592
53		460765832.999592	460765832.999592
52		460765832.999592	460765832.999592
51		460765832.999592	460765832.999592
50		460765832.999592	460765832.999592
49		460765832.999592	460765832.999592
48		460765832.999592	460765832.999592
47		460765832.999592	460765832.999592
46		460765832.999592	460765832.999592
45		460765832.999592	460765832.999592
44		460765832.999592	460765832.999592
43		460765832.999592	460765832.999592
42		460765832.999592	460765832.999592
41		460765832.999592	460765832.999592
40		460765832.999592	460765832.999592
39		460765832.999592	460765832.999592
38		460765832.999592	460765832.999592
37		460765832.999592	460765832.999592
36		460765832.999592	460765832.999592
35		460765832.999592	460765832.999592
34		460765832.999592	460765832.999592
33		460765832.999592	460765832.999592
32		460765832.999592	460765832.999592
31		460765832.999592	460765832.999592
30		460765832.999592	460765832.999592
29		460765832.999592	460765832.999592
28		460765832.999592	460765832.999592
27		460765832.999592	460765832.999592
26		460765832.999592	460765832.999592
25		460765832.999592	460765832.999592
24		460765832.999592	460765832.999592
23		460765832.999592	460765832.999592
22		460765832.999592	460765832.999592
21		460765832.999592	460765832.999592
20		460765832.999592	460765832.999592
19		460765832.999592	460765832.999592
18		460765832.999592	460765832.999592
17.5		460765832.999592	460765832.999592
17		460765832.999592	460765832.999592
16		460765832.999592	460765832.999592
15		460765832.999592	460765832.999592
14		460765832.999592	460765832.999592
13		460765832.999592	460765832.999592
12		460765832.999592	460765832.999592
11		460765832.999592	460765832.999592
10		460765832.999592	460765832.999592
9		460765832.999592	460765832.999592
8		460765832.999592	460765832.999592
7		460765832.999592	460765832.999592
6		460765832.999592	460765832.999592
5		460765832.999592	460765832.999592
4		460765832.999592	460765832.999592
3		460765832.999592	460765832.999592
2.5		460765832.999592	460765832.999592
2		460765832.999592	460765832.999592
1		460765832.999592	460765832.999592
0		460765832.999592	460765832.999592
