1	556737362.580917
z03mangahere	Let's Lagoon	64	554041893.817957	L	http://www.mangahere.cc/manga/let_s_lagoon/	554041893.817957
1		485586239.311348	485586421.724123
2		485586422.982052	485586579.834837
3		485586581.002443	485586690.458781
4		485586691.085597	485586784.014924
5		485586784.787414	485586899.471934
6		485586899.839247	485587022.413889
7		485587023.085656	485587067.433127
8		485587068.149992	485587157.456403
9		485587158.154929	485587204.224016
10		485587204.798886	485587301.113140
11		485587301.490901	485587343.283193
12		485587343.629836	485587393.055437
13		485587393.789915	485587474.143773
14		485587474.777441	485587548.031774
15		485587548.737408	485587608.419018
16		485587609.162973	485587668.372914
17		485587669.143139	485587709.008912
18		485587709.683790	485587829.186579
19		485587829.595559	485587898.921412
20		485587899.666131	485587957.708537
21		485587958.415580	485588021.696102
22		485588022.330159	485588083.800194
23		485588084.490256	485588140.420492
24		485588140.814066	485588222.509301
25		485588223.258676	485588290.680345
26		485588291.424453	485588331.649739
27		485588332.297538	485588394.637369
28		485588395.299098	485588449.939442
29		485588450.530181	485588498.344194
30		485588498.915093	485588563.013308
30.5	8	485588563.404262	485588604.161057
31		486399016.922944	486399136.440846
32	18	486399137.244342	486399216.088744
33	15	486421247.077758	486421330.818323
34	10	486450837.680852	486450891.100834
35	18	486566246.214378	486566321.446225
36	18	486679092.997449	486686623.028072
37	12	486709826.006314	486709883.552519
38	11	486797588.303518	486797665.728002
39	18	486883932.483259	486884031.131978
40	14	486966358.854160	486966455.672445
41	14	487029578.101055	487029649.614493
42	16	487087525.877404	487087638.639806
43	14	487127550.632469	487127660.140627
44		487283681.572336	487284994.748358
45	15	487284995.735975	487285060.567118
46	11	487782706.430520	487782761.665090
47	12	487836630.712809	487836686.015983
48	12	488069963.343221	488070054.319638
49	12	490684961.544964	490685057.270901
50	12	496007839.589744	496007874.579253
51	15	501181498.595978	501181530.899918
52	12	506637009.337881	506637069.825926
53	16	509091109.323333	509091202.291399
54	10	511803211.203051	511803248.285265
55	11	514732690.976407	514732787.867506
56	12	517121353.530479	517121380.534791
57	10	520178404.059655	520178430.670854
58	12	527687954.058352	527688307.229930
59		543600925.697876	543601034.126696
60	9	543601034.847583	543601083.792639
61	18	546138142.246000	546138261.332687
62	17	549292532.976650	549292590.873604
63	17	551591500.391610	551591545.737575
64	20	554041893.817957	554041994.085251
