1	555607009.170847
z03mangahere	Hinamatsuri	79	553642178.248213	L	http://www.mangahere.cc/manga/hinamatsuri/	553642178.248213
28		401340798.995982	401340798.995982
27		401340798.995982	401340798.995982
26		401340798.995982	401340798.995982
25		401340798.995982	401340798.995982
24.5		401340798.995982	401340798.995982
24		401340798.995982	401340798.995982
23		401340798.995982	401340798.995982
22		401340798.995982	401340798.995982
21.5		401340798.995982	401340798.995982
21		401340798.995982	401340798.995982
20		401340798.995982	401340798.995982
19		401340798.995982	401340798.995982
18.5		401340798.995982	401340798.995982
18		401340798.995982	401340798.995982
17		401340798.995982	401340798.995982
16.5		401340798.995982	401340798.995982
16		401340798.995982	401340798.995982
15		401340798.995982	401340798.995982
14		401340798.995982	401340798.995982
13.5		401340798.995982	401340798.995982
13		401340798.995982	401340798.995982
12		401340798.995982	401340798.995982
11		401340798.995982	401340798.995982
10.5		401340798.995982	401340798.995982
10		401340798.995982	401340798.995982
9		401340798.995982	401340798.995982
8		401340798.995982	401340798.995982
7		401340798.995982	401340798.995982
6		401340798.995982	401340798.995982
5.5		401340798.995982	401340798.995982
5		401340798.995982	401340798.995982
4.5		401340798.995982	401340798.995982
4		401340798.995982	401340798.995982
3		401340798.995982	401340798.995982
2		401340798.995982	401340798.995982
1		401340798.995982	401340798.995982
29	37	401630656.099363	401630855.749402
30	25	404079421.900601	404079545.884547
31	41	408513003.852215	408513378.000872
32	42	411537039.006396	411537415.914578
33	35	417289992.227699	417290146.007170
34	18	417792709.665871	417792826.756924
29.5	2	418101255.239555	418101263.371818
32.5	4	418274637.148277	418274673.529658
35	34	421559237.204229	421559448.174697
36	35	428417375.813840	428417619.501714
37	27	428505027.008615	428505124.261969
38	36	428593860.985981	428594046.004417
40	36	436104319.589697	436104476.498143
39	28	436190472.842315	436190637.981589
34.5	9	442052919.763830	442052964.880320
37.5	5	442052967.115278	442052987.156881
41	31	447048473.177831	447048630.262346
42	37	447574852.341969	447575064.540903
41.5	5	448688971.327658	448689048.615161
43	37	451281588.753155	451281781.307067
44	23	455259871.626748	455260065.155065
45	1	456114253.731565	456114258.635478
46	38	458115486.129965	458115639.871389
47	42	459701943.299072	459702129.061088
48	38	463212210.848079	463212435.299848
49		468721969.536388	468721969.536388
50	37	468779923.385363	468780298.842924
51	30	475255880.833485	475256055.819206
52	36	475518454.261357	475518712.118042
46.5	8	493650336.896099	493650379.897885
49.5	4	493650385.164196	493650407.274827
53	41	493650413.672588	493650605.381836
44.5	1	493684977.469314	493684980.418825
50.5	5	493825947.775426	493825964.561968
52.5	6	493825966.943159	493825997.532932
54	35	493883463.832180	493883628.081163
55	39	493913097.530891	493913331.395874
56	27	494085851.200042	494086102.502644
57	42	495688604.203152	495688846.564405
58		503696824.590463	503696825.938026
59	35	503696826.532764	503697044.647592
60	35	505798542.593504	505798803.503760
61	36	508824617.045108	508824773.883647
62	30	508919713.998508	508919960.699801
63	40	509263039.285291	509263248.291475
56.5		509263255.915379	509263255.915379
40.5		509263255.915379	509263255.915379
61.5	9	511890263.448637	511890290.827491
64	36	511890293.020668	511890556.570360
65	30	514387538.694921	514387730.450552
66	20	518883533.702849	518883533.702849
67	30	521704606.724994	521704810.352651
68	49	524899664.731727	524900243.105596
69	10	525095065.794531	525095151.146072
70	31	528038201.537194	528038356.164875
69.5	9	529508262.878915	529508307.209455
71	38	530119927.880716	530120347.773940
72	34	533486201.924875	533486375.461650
73	39	536182969.717113	536211318.492406
74	30	541836345.162057	541836964.731770
74.5	11	543851865.458905	543851935.164981
75	34	544123037.925708	544123211.856879
76	32	546178947.067748	546179132.467334
77	37	548692040.195658	548692290.393084
78	36	551107216.375764	551107437.544412
79	32	553642178.248213	553642348.384395
