1	538712395.777267
z03mangahere	Haikyu!!	287	538712389.860373	L	http://www.mangahere.cc/manga/haikyu/	538712389.860373
0		400648999.165688	400648999.165688
1		400648999.165688	400648999.165688
2		400648999.165688	400648999.165688
3		400648999.165688	400648999.165688
4		400648999.165688	400648999.165688
5		400648999.165688	400648999.165688
6		400648999.165688	400648999.165688
7		400648999.165688	400648999.165688
8		400648999.165688	400648999.165688
9		400648999.165688	400648999.165688
10		400648999.165688	400648999.165688
11		400648999.165688	400648999.165688
11.5		400648999.165688	400648999.165688
12		400648999.165688	400648999.165688
13		400648999.165688	400648999.165688
14		400648999.165688	400648999.165688
15		400648999.165688	400648999.165688
16		400648999.165688	400648999.165688
17		400648999.165688	400648999.165688
18		400648999.165688	400648999.165688
19		400648999.165688	400648999.165688
20		400648999.165688	400648999.165688
21		400648999.165688	400648999.165688
22		400648999.165688	400648999.165688
22.5		400648999.165688	400648999.165688
23		400648999.165688	400648999.165688
24		400648999.165688	400648999.165688
25		400648999.165688	400648999.165688
26		400648999.165688	400648999.165688
27		400648999.165688	400648999.165688
28		400648999.165688	400648999.165688
29		400648999.165688	400648999.165688
30		400648999.165688	400648999.165688
31	7	501182328.586736	501182341.236741
32		400648999.165688	400648999.165688
33		400648999.165688	400648999.165688
33.5		400648999.165688	400648999.165688
34		400648999.165688	400648999.165688
35		400648999.165688	400648999.165688
36	19	501182345.765154	501182412.338735
37		400648999.165688	400648999.165688
38		400648999.165688	400648999.165688
39		400648999.165688	400648999.165688
40		400648999.165688	400648999.165688
41		400648999.165688	400648999.165688
42		400648999.165688	400648999.165688
43		400648999.165688	400648999.165688
44		400648999.165688	400648999.165688
45		400648999.165688	400648999.165688
46		400648999.165688	400648999.165688
47		400648999.165688	400648999.165688
48		400648999.165688	400648999.165688
49		400648999.165688	400648999.165688
50		400648999.165688	400648999.165688
51		400648999.165688	400648999.165688
52		400648999.165688	400648999.165688
53		400648999.165688	400648999.165688
54		400648999.165688	400648999.165688
55		432881490.013843	432881499.762632
56	6	432881500.224885	432881511.434699
57		400648999.165688	400648999.165688
58		400648999.165688	400648999.165688
59		400648999.165688	400648999.165688
60	16	432881528.117512	432881541.419816
61		400648999.165688	400648999.165688
62		400648999.165688	400648999.165688
63		400648999.165688	400648999.165688
64		400648999.165688	400648999.165688
65		400648999.165688	400648999.165688
66		400648999.165688	400648999.165688
67	5	499967605.610479	499967612.425366
68		400648999.165688	400648999.165688
69		400648999.165688	400648999.165688
70		442211927.432306	442211931.476103
71	2	499967617.208503	499967624.523281
72		442211934.760441	442212026.696587
73		499967627.922333	499967723.286044
74		499967725.206348	499967935.886716
75		499967936.608886	499968077.445988
76	18	499968078.192528	499968235.494862
77	10	442212859.941100	442212901.659185
78		466976753.203435	466976946.651479
79		466976947.663167	466977029.875149
80		466977030.760672	466977128.383391
81		466977129.691314	466977170.154767
82		466977171.410439	466977232.242315
83		466977233.504969	466977332.450893
84		466977333.455087	466977453.561012
85		466977454.673264	466977563.137035
86		466977564.294658	466977667.196018
87		466977668.148850	466977748.202752
88		466977749.299176	466977841.944087
89		466977842.977640	466977911.362417
91		466978010.693737	466978162.055505
90		466977911.972374	466978009.758181
92		466978163.100122	466978289.265427
93		466978290.449374	466978366.471835
94		466978367.650107	466978443.278379
95		466978444.617675	466978498.563053
96		466978499.466394	466978555.688393
97	18	466978557.024903	466978748.219090
100		442215876.905221	442215934.402110
99		442215807.544105	442215875.863758
98		442215713.792413	442215807.136186
101		442215935.388220	442215997.990951
102		442215999.015454	442216068.347061
103		442216069.449217	442216181.806120
104		442216182.925440	442216281.164730
105		442216282.230478	442216358.237776
106		442216359.264460	442216405.991958
107		442216407.175205	442216450.495764
108		442216450.995382	442216537.202899
109		442216538.221585	442216624.927688
110		442216625.899207	442216701.901218
111		442216702.838507	442216795.474950
113		442216885.122406	442216974.941179
112		442216796.634614	442216884.179996
114		442216975.873045	442217011.926813
115		442217012.890876	442217057.963875
116		442217058.450031	442218490.203082
117		442218490.716545	442218524.705209
118	11	442218525.123433	442218539.923154
119		429766359.379184	429766481.009216
120		442212909.510587	442212912.070296
121		442212912.333946	442212963.876129
122		442212964.998914	442213016.963942
125		442218556.925151	442218563.662187
124		442218544.860521	442218556.447859
123		442213017.487697	442213096.538189
126		442218564.124309	442218566.929491
128		442218573.620399	442218670.117032
127		442218567.111408	442218573.430177
129		442218670.594893	442218751.440998
130		442218752.414856	442218838.681690
131		442218839.613732	442218914.954625
132		442218916.075338	442218968.509571
133		442218969.673759	442219009.662972
134		442219010.541620	442219084.002531
135		442219084.852627	442219117.021786
136		442219117.548174	442219169.894313
137		442219170.778366	442219245.266234
138		442219246.156256	442219296.720650
139		442219297.654777	442219329.571155
140	18	442219330.556768	442219356.782051
141	17	443163656.873724	443163799.839980
142	17	443768740.238110	443768893.997559
143	19	444630960.019735	444631067.241744
144		445153617.875424	445153617.875424
145	18	445838295.854758	445838445.480580
146	15	446304063.517478	446304168.718257
147	12	446759732.192378	446759851.242898
148	15	447398656.168727	447398784.499687
149	18	448214239.625724	448214282.321415
150	19	498202533.567094	498202545.249261
151	17	449209987.044845	449210137.544730
152		449793249.378089	449793249.378089
153		450502953.150617	450502953.150617
154	14	451310534.033056	451310535.785752
155		498202548.366143	498202555.188277
156		498202556.257768	498202635.519603
157		498202636.639382	498202732.559213
158		498202733.738286	498202845.650536
159		498202846.821592	498202899.904552
160		498202901.018034	498202987.809264
161		498202988.905994	498203123.085173
162		498203123.724279	498203236.009216
163		498203236.611901	498203351.352468
164		498203352.492467	498203469.942186
165		498203471.101456	498203526.296943
166		498203527.426808	498203749.327261
167		498203750.571562	498203848.914137
168		498203849.763712	498203915.618427
169	6	501181761.935897	501181776.126227
170		498204026.097150	498204167.218832
171		498204167.611532	498204287.991746
172		498204299.231781	498204360.514462
172.5		498204361.196466	498204406.552443
173		498204407.271783	498204515.375046
174		498204516.484365	498204576.428651
34.5		464536972.290943	464536972.290943
175		498204577.611498	498204694.819692
176		498204696.446006	498204788.471930
177		498204789.433136	498204838.865900
178		498204839.428682	498204938.118846
179		498204938.825891	498205041.826274
180		498205042.582296	498205113.564960
181		498205114.189591	498205178.884800
182		498205179.607015	498205253.406497
183		498205254.122369	498205310.576960
184		498205311.281993	498205371.064143
185		498205371.443857	498205436.635334
186	5	501181785.227793	501181799.158651
187		498205480.385182	498205578.908990
188	3	501181805.270008	501181813.549103
189	18	501181819.074699	501181993.273519
190	17	498205807.485180	498205883.645260
191	20	475699953.336742	475700418.134106
192	22	476315533.342521	476315717.238729
193	22	476818827.364317	476818919.273703
194	22	477526536.219211	477526661.405394
195	7	478155880.773174	478155927.233971
196	20	478740297.683113	478740433.053499
148.5		479198322.621182	479198322.621182
17.5		479198322.621182	479198322.621182
171.5		498204289.049011	498204298.331598
197		479369232.598988	479369232.598988
198	20	479865777.808265	479865960.924335
199	20	480530853.761346	480531001.578133
200	20	481148847.170852	481149012.696426
201		481779614.550782	481779614.550782
202	20	482385160.156225	482385280.720813
203		482990264.065225	482990264.065225
204	21	483917934.053160	483918024.571944
205		484780619.170553	484780619.170553
206		485412160.867177	485412160.867177
207		486020047.047621	486020047.047621
208	19	486608704.776335	486608860.944269
209	20	487178097.378792	487178217.454876
210	21	487814619.669416	487814813.224315
211	21	488415943.371014	488416049.746755
212	20	489017497.221035	489017644.628936
213	21	489630683.264997	489630939.483937
214		490130458.835681	490130458.835681
215	19	490805466.576018	490805610.248724
216		491460341.511055	491460341.511055
217		492070235.347315	492070235.347315
218	20	493274785.774342	493274879.450477
219	21	493848010.003211	493849044.669165
220	20	494443080.878308	494443210.296408
221	17	495085070.437278	495085155.342586
222	21	495569508.308666	495569607.696317
223	24	496160657.593076	496160805.933701
224	21	496878741.621146	496878966.000565
225	21	497384884.177058	497384968.607535
226	21	498205889.442770	498205891.359362
227	23	498725232.633112	498725538.402383
228	21	499321439.384869	499321645.864985
229		501182085.892775	501182223.513005
230	19	501182224.577869	501182302.609431
231	6	501182417.351531	501182422.847867
232	18	501745474.148430	501745588.288523
233	19	502608525.915793	502608667.845961
234	16	502954711.732849	502954864.943979
235	19	504134353.656060	504134576.107941
236	20	504742129.518247	504742423.858617
237	20	505935231.540259	505935352.954730
238	20	506524662.473490	506524812.305062
239		507186291.618801	507186291.618801
240	19	507738677.426218	507738776.346389
241	21	508343797.112313	508343862.965506
242	18	508948583.588097	508948700.048248
243	20	509551887.548502	509551992.842809
244	20	510155943.205060	510156074.734783
245	19	510759513.145805	510759658.921192
246	18	511281862.753686	511282004.458203
247	17	511970250.165276	511970349.796539
248	3	512621822.191555	512621854.327580
249	22	513183106.469789	513183222.002583
250	17	513780130.603773	513780271.694845
251	21	514387758.355941	514387970.494390
252	21	515450428.482809	515450624.014687
251.5	1	515507407.534061	515507474.476622
253	19	516218240.842196	516218338.517389
254	21	516865834.055603	516865916.800816
255	20	517437342.278943	517437484.765314
255.5	6	518020467.738414	518020554.046033
256	19	518020829.619315	518021069.119801
257	20	518624866.476843	518625029.301429
258	21	519229272.189757	519229439.520220
259	21	519868405.925864	519868456.952434
260	17	520428830.989763	520428990.869495
261	18	521090991.819175	521091982.836188
262	20	521611078.366082	521611258.322666
263	21	522399979.960812	522401452.966581
264	20	522901757.238800	522901918.083758
265	20	523606429.438609	523606672.852130
266	9	524810027.751241	524810082.925422
267	19	525301785.032247	525301915.513725
268	19	526048731.353465	526048877.833416
269	20	526532328.604906	526532757.866592
270	16	527055245.929232	527055289.513086
271		527834590.545676	527834590.545676
272	19	528472110.741868	528472292.671800
273	20	528951912.841327	528952006.254459
274	20	529675609.497141	529675707.751892
275	20	530202839.365111	530203067.216997
276	20	531029536.331612	531029624.455305
277	20	531371515.309780	531371750.159803
278	16	532075108.756588	532075276.353648
279	18	532847095.864577	532847178.856662
280	20	533199914.105576	533199998.833742
281	19	533834350.780624	533834496.064884
282	20	534492689.144674	534492787.530552
283	19	535646600.443334	535646790.170478
284	18	536254247.766274	536254355.188138
285	16	537487608.097487	537487777.495188
286	18	538323908.321958	538324043.650085
287	-	538712389.860373	538712393.630241
