1	558371066.249000
z03mangahere	Rough Sketch Senpai	25	537288031.549243	L	http://www.mangahere.cc/manga/rough_sketch_senpai/	537288031.549243
1		519191999.963696	519192199.256882
2		519192199.943484	519192310.347612
3		519192310.787260	519192405.420555
4		519192406.273800	519192506.810489
5		519192507.516992	519194032.244062
6		519194220.499983	519195360.517849
7		519195360.910094	519195446.393473
8		519195447.049959	519195528.131906
9		519195528.843678	519195598.185934
10		519195598.623407	519195669.155208
11		519195669.858281	519195733.842887
12		519195734.589527	519195791.346630
13		519195792.123708	519195878.952550
14		519195879.415088	519195935.339136
15	10	519195935.995648	519195992.741737
16		521478935.069035	521479031.117760
17	10	521479031.143368	521479091.149738
18	20	524493927.882075	524494091.111143
19		527174336.274365	527174417.658817
20	6	527174418.268954	527174478.342070
21		532010673.203188	532010759.176804
22	10	532010760.087833	532010916.618836
23		534912695.659589	534914686.587993
24	12	534914686.902562	534914842.335749
25	19	537288031.549243	537288142.012249
