1	555604337.603858
z03mangahere	Dead Tube	42	555021764.461265	L	http://www.mangahere.cc/manga/dead_tube/	555021764.461265
6		443134993.457650	443134993.457650
5		443134993.457650	443134993.457650
4		443134993.457650	443134993.457650
3		443134993.457650	443134993.457650
2		443134993.457650	443134993.457650
1		443134993.457650	443134993.457650
0		443134993.457650	443134993.457650
7	37	444721611.382306	444721792.593757
8	41	447714160.076254	447714592.315055
9	37	451676241.282944	451676410.089848
10	42	463154789.895794	463154860.412889
11	41	471361757.532263	471361985.676936
12	34	472287881.791166	472288017.706939
13		474016086.159882	474016086.159882
14		476435705.138947	476435705.138947
15	39	479709264.705977	479709494.887301
16	43	480600386.488463	480600657.569226
17	43	480839605.098656	480839830.956770
18	40	485094915.720723	485095002.550043
19	42	491426662.499427	491426839.001279
20	30	492319835.968484	492319928.866612
21	38	493044680.688756	493044877.599076
22	41	493311039.741512	493311158.447310
23	39	493649217.347796	493649434.193899
24	41	494042209.773491	494042433.644204
25	41	494135913.950783	494136120.537542
26	42	495261946.281622	495262074.593333
27	41	496984835.011584	496985048.899156
28	43	502608059.873598	502608247.642356
29	44	505633597.457033	505633740.369999
30	41	508581317.061044	508581490.436910
31	47	513492139.420900	513492317.520307
32	43	516317228.286540	516317378.028581
33	43	521882215.507983	521882350.084883
34	42	527484864.778480	527484911.528187
35	49	530507160.663738	530507422.592286
36	43	534864445.563609	534864646.698299
37	44	534975314.553735	534975551.506419
38	45	538579139.706785	538579332.639649
39		550643034.604516	550643181.217184
40	1	550643181.752338	550643183.344308
41	41	554704412.303496	554704581.395991
42	41	555021764.461265	555021898.839935
