1	553102783.381686
z03mangahere	Platina End	31	551108822.473155	L	http://www.mangahere.cc/manga/platina_end/	551108822.473155
0		468192077.333238	468192100.291177
1	66	468192100.638639	468195046.890497
2	48	470752682.218603	470753013.208621
3	62	473268957.426541	473269188.312038
4	63	476234659.757162	476234877.273129
5	64	478849633.896869	478850122.721035
6	69	481410957.669700	481411181.675131
7	71	483738460.379575	483738822.048392
8	64	486740903.802880	486741199.025221
9	61	489760987.101300	489761185.569491
10	65	493614193.908470	493614418.997274
11	45	496763449.609709	496763628.528839
12	65	497975823.282659	497976020.819277
13	61	501012588.146252	501012818.971852
14	65	502753272.564564	502753568.857926
15	49	507412379.456261	507412546.718036
16	50	509865094.941408	509865234.079534
17	47	510767412.185048	510767770.270974
18	49	514130847.548811	514131101.501639
19	40	517763305.555918	517763488.973053
20	49	521329609.868450	521329888.148873
21	45	522308138.195328	522308354.948675
27	55	541520498.914951	541520922.145290
28	49	543231438.533141	543231711.034755
29	49	545147079.916737	545147288.042841
30	44	547733488.276138	547733646.978854
31	41	551108822.473155	551108970.073572
26		553102779.275091	553102779.275091
25		553102779.275091	553102779.275091
24		553102779.275091	553102779.275091
23		553102779.275091	553102779.275091
22		553102779.275091	553102779.275091
