1	555607617.220711
z03mangahere	I Hate Love	43	552803810.066777	B	http://www.mangahere.cc/manga/i_hate_love/	552803810.066777
0		527607548.181567	527607632.812085
1		527607633.415150	527607741.492067
2		527607742.105132	527607873.482447
3		527607874.085026	527608040.326418
4		527608040.713370	527608179.192738
5		527608298.263969	527608302.281515
6		527608302.775942	527608534.436892
7		527608535.431161	527608894.025441
8		527608894.686254	527608999.414479
9		527609000.062635	527609161.640526
10		527609162.276315	527609266.148219
11		527609266.548902	527609338.353207
12		527609339.015777	527609456.560789
13		527609457.212222	527609946.084600
14		527609946.595020	527610184.387667
15		527610185.561035	527610294.194557
16		527610296.135765	527610430.273077
17		527610430.896338	527611364.207879
18		527611364.887784	527611731.379357
19		527611774.640045	527612041.199009
20		527612041.907043	527612961.010292
103	1	534265240.043375	534265241.891087
21		528211129.807302	528211270.510826
22		529334458.398665	529334735.121808
23		529334735.744550	529335145.771471
23.5		529335146.397153	529335311.017159
24		530594051.141889	530594058.088106
25		530594058.421449	530594201.830829
26		532585021.430298	532585162.341206
27	11	532585163.071217	532585323.385030
29		534265086.588163	534265239.351780
30	33	535217234.433119	535217369.602790
31	36	536774909.697635	536775086.569333
32	33	537852606.795604	537852763.825210
39	10	548482761.614328	548482903.954326
40	12	548787185.478969	548787317.949312
38		548787165.042728	548787165.042728
37		548787165.042728	548787165.042728
36		548787165.042728	548787165.042728
35		548787165.042728	548787165.042728
34		548787165.042728	548787165.042728
33		548787165.042728	548787165.042728
41	10	549848449.471512	549850655.015432
41.5	6	552320596.162405	552320609.315764
42		552803691.354386	552803809.409834
43	28	552803810.066777	552803880.328760
