1	550684610.966585
z03mangahere	Ninja Shinobu-chan no Junjou	30	527435881.084063	L	http://www.mangahere.cc/manga/ninja_shinobu_chan_no_junjou/	527435881.084063
1		525723400.166304	525723744.872920
2		525723745.530084	525723964.568794
3		525723965.106128	525737057.279479
4	34	525737059.073432	525737615.593388
5		525737626.383057	525755097.186732
6		525756262.944717	525757583.256768
7		525793181.180974	525793397.795790
8		525793398.388287	525793549.041375
9		525793549.809427	525793730.629267
10		525793731.263322	525793868.159738
11		525793868.810080	525794009.719810
12		525794010.310663	525794141.648678
13		525794144.220298	525794294.718062
14		525794295.054112	525794437.596731
15		525794438.459051	525794623.215896
16	32	525794623.837488	525794737.442501
17		526478221.938671	526478357.132117
18	40	526478358.150627	526478529.726889
19	38	526574246.611752	526574478.899937
20		526790336.940505	526791053.060409
21	36	526791053.808210	526791180.504175
22	35	526824537.504085	526825248.214611
23	35	526910363.567711	526910481.714377
24	38	527003054.390210	527003286.734081
25	37	527083629.190234	527083797.335279
26	34	527175027.109725	527175640.626287
28		527435646.275339	527435774.828970
29		527435775.432300	527435880.035579
30	37	527435881.084063	527435993.936461
27		527480131.708997	527480131.708997
