1	556685555.612341
z03mangahere	KissxSis	123	555216010.837803	L	http://www.mangahere.cc/manga/kissxsis/	555216010.837803
31		499528256.305767	499528256.305767
33		499528256.305767	499528256.305767
0		499528256.305767	499528256.305767
2		499528256.305767	499528256.305767
3		499528256.305767	499528256.305767
51		499528256.305767	499528256.305767
53	10	499528256.305767	499528256.305767
67	29	499528256.305767	499528256.305767
14.5		499528256.305767	499528256.305767
13		499528256.305767	499528256.305767
11		499528256.305767	499528256.305767
30		499528256.305767	499528256.305767
28		499528256.305767	499528256.305767
26		499528256.305767	499528256.305767
16		499528256.305767	499528256.305767
22		499528256.305767	499528256.305767
20		499528256.305767	499528256.305767
18		499528256.305767	499528256.305767
24		499528256.305767	499528256.305767
66	13	499528256.305767	499528256.305767
62		499528256.305767	499528256.305767
60		499528256.305767	499528256.305767
58		499528256.305767	499528256.305767
56		499528256.305767	499528256.305767
54		499528256.305767	499528256.305767
48		499528256.305767	499528256.305767
46		499528256.305767	499528256.305767
44		499528256.305767	499528256.305767
42		499528256.305767	499528256.305767
40	2	499528256.305767	499528256.305767
38		499528256.305767	499528256.305767
36		499528256.305767	499528256.305767
34		499528256.305767	499528256.305767
6		499528256.305767	499528256.305767
32		499528256.305767	499528256.305767
8		499528256.305767	499528256.305767
1		499528256.305767	499528256.305767
4		499528256.305767	499528256.305767
50		499528256.305767	499528256.305767
52		499528256.305767	499528256.305767
15		499528256.305767	499528256.305767
14		499528256.305767	499528256.305767
12		499528256.305767	499528256.305767
10		499528256.305767	499528256.305767
29		499528256.305767	499528256.305767
27	2	499528256.305767	499528256.305767
63	27	499528256.305767	499528256.305767
23		499528256.305767	499528256.305767
21		499528256.305767	499528256.305767
19		499528256.305767	499528256.305767
17		499528256.305767	499528256.305767
9		499528256.305767	499528256.305767
25		499528256.305767	499528256.305767
64		499528256.305767	499528256.305767
65		499528256.305767	499528256.305767
61		499528256.305767	499528256.305767
59		499528256.305767	499528256.305767
57		499528256.305767	499528256.305767
55		499528256.305767	499528256.305767
49		499528256.305767	499528256.305767
47	2	499528256.305767	499528256.305767
45	5	499528256.305767	499528256.305767
43		499528256.305767	499528256.305767
41	1	499528256.305767	499528256.305767
39		499528256.305767	499528256.305767
37		499528256.305767	499528256.305767
35		499528256.305767	499528256.305767
7		499528256.305767	499528256.305767
5		499528256.305767	499528256.305767
69	18	499528256.305767	499528256.305767
73	27	395944518.742946	395946574.092536
99		499527986.561927	499528116.137947
100	29	499528116.708810	499528247.707257
98		499528256.305767	499528256.305767
97		499528256.305767	499528256.305767
96		499528256.305767	499528256.305767
95		499528256.305767	499528256.305767
94		499528256.305767	499528256.305767
93		499528256.305767	499528256.305767
92		499528256.305767	499528256.305767
91		499528256.305767	499528256.305767
90		499528256.305767	499528256.305767
89		499528256.305767	499528256.305767
88		499528256.305767	499528256.305767
87		499528256.305767	499528256.305767
86		499528256.305767	499528256.305767
85		499528256.305767	499528256.305767
84		499528256.305767	499528256.305767
83		499528256.305767	499528256.305767
82		499528256.305767	499528256.305767
81		499528256.305767	499528256.305767
80		499528256.305767	499528256.305767
79		499528256.305767	499528256.305767
78		499528256.305767	499528256.305767
77		499528256.305767	499528256.305767
76		499528256.305767	499528256.305767
75		499528256.305767	499528256.305767
74		499528256.305767	499528256.305767
72		499528256.305767	499528256.305767
71		499528256.305767	499528256.305767
70		499528256.305767	499528256.305767
68		499528256.305767	499528256.305767
101	30	499874184.582059	499874321.954298
102	29	501899264.812243	501899429.202012
103	29	504715887.251162	504716648.702080
104	19	504977258.271046	504977411.711093
105	28	507010902.593174	507011248.368088
106	25	508688180.171215	508688310.565993
107	24	511625299.359776	511625371.681592
108	26	513387602.438998	513411823.881968
109	22	514179016.387711	514179218.693825
110	29	516980527.852345	516980683.928104
111	28	519373189.060427	519373326.177613
112	28	521479233.833922	521479353.912408
113	29	525756164.441226	525756248.360185
114	30	528989406.702184	528989676.131634
115	19	531108187.011656	531108274.282934
116	25	532846755.223113	532847072.256932
117	23	535819933.780718	535820069.155607
118	28	541432318.317689	541432492.145543
119	19	543229762.345270	543229889.111553
120	29	548426555.509020	548426719.826615
121	29	551620473.506354	551620554.472961
122	27	554095030.848573	554095213.906427
123	25	555216010.837803	555216122.473794
