1	556132316.038458
z03mangahere	Yugami-kun ni wa Tomodachi ga Inai	25	556132245.756704	L	http://www.mangahere.cc/manga/yugami_kun_ni_wa_tomodachi_ga_inai/	556132245.756704
8		443135289.696221	443135289.696221
7		443135289.696221	443135289.696221
6		443135289.696221	443135289.696221
5		443135289.696221	443135289.696221
4		443135289.696221	443135289.696221
3		443135289.696221	443135289.696221
2		443135289.696221	443135289.696221
1		443135289.696221	443135289.696221
9	29	445838450.500329	445838550.258963
10	33	452144831.502863	452144915.592331
10.5	13	455083909.680660	455084036.046490
11	32	464067966.491206	464068341.786078
12	28	475506133.651560	475506226.579766
13	28	492071697.200641	492071825.717322
14	30	505553827.973655	505554327.146149
15		522794449.511760	522794545.867363
16	25	522794545.896250	522794624.553558
16.5		525585810.886798	525585843.721183
17	2	525585844.309468	525585852.230965
19	28	537124209.213979	537124383.040628
21		544200446.284721	544200609.890340
21.5	14	544200610.989401	544200674.122626
22		547394335.550010	547394405.004331
23	32	547394406.650080	547394684.949001
24		556129331.973114	556132245.096313
25	32	556132245.756704	556132314.483176
