1	528653645.725795
z03mangahere	Mob Psycho 100	58	520704726.042071	L	http://www.mangahere.co/manga/mob_psycho_100/	520704726.042071
39	7	518109829.233278	518109845.764806
50		518109850.762129	518109883.229946
51		518109883.683428	518109984.202646
51.5		518109984.767042	518110008.971673
52		518110009.398170	518110167.266252
52.5		518110168.034889	518110176.998816
53		518110177.425453	518110253.153772
54		518110254.736458	518110356.077187
55		518110356.828371	518124517.661106
56		518124518.307315	518124552.107235
57		518124552.504691	518124624.782688
58	1	520704726.042071	520729755.366892
