1	568390479.796711
z03mangahere	Tsubaki-chou Lonely Planet	63.5	566262333.509271	L	http://www.mangahere.cc/manga/tsubaki_chou_lonely_planet/	566262333.509271
1	55	454219562.306329	454219865.309317
2	30	456717472.960869	456717580.357948
3	28	457626800.245580	457626905.806855
4	28	459271664.992618	459271794.638110
5	29	460788579.605655	460788678.938855
6	33	461852108.404877	461852193.841229
7	35	463294942.195356	463295105.131988
8	27	477954868.854667	477954870.790000
9	30	467034625.025803	467034789.923251
10	30	469232107.495893	469232222.504346
11	29	471243921.411905	471244090.003395
12	26	473706096.921254	473706172.131294
13	35	477354284.122202	477354418.811594
14	26	477954873.556790	477954874.955693
15	26	479516747.107914	479516878.922058
16		481606558.616127	481606558.616127
17	26	483303456.191852	483303552.174975
18	26	485416074.999100	485416215.772034
19	27	488121518.285542	488121678.130778
20		505368446.302131	505369157.762654
21		505369158.943237	505369329.874115
22		505369330.576758	505369426.376917
23		505369427.099534	505369563.047858
24		505369563.675083	505369648.987418
25		505369649.630520	505370526.961577
26		505370527.611612	505370872.001653
27		505370872.703356	505370946.056547
28		505370946.722121	505371005.242873
29		505371005.989439	505371107.149653
30	26	505371107.864317	505371178.413767
32		511071806.020842	511071865.069652
32.2	9	511071865.468457	511071886.972181
33.1	13	511104147.411604	511104213.234091
33.2	13	511189680.076195	511189747.605519
31	32	519020895.680539	519021010.958122
34		521025181.002501	521025295.962210
35		521025295.992370	521025788.537992
36		521025788.565995	521025916.029590
37		521025916.062586	521026011.748658
38	25	521026011.767041	521026066.057635
39	26	528005824.713748	528005883.065963
40	26	528910752.671408	528910881.309540
41	26	533828024.874425	533828024.874425
42	25	537043876.238386	537043978.708978
43	35	541828307.020968	541828473.455043
44		551029298.225451	551029373.507043
45		551029374.152684	551029471.746619
46		551029472.362844	551030711.584103
47		551030712.589696	551032037.019195
48		551040210.804008	551040614.153185
49		551040614.811229	551041078.191226
50		551109829.338152	551109928.161082
51		551109928.796888	551110018.051409
52		551110018.662818	551110087.887984
53		551110088.572098	551110145.740981
54		551110146.428320	551110199.243268
55		551110199.921374	551110274.147136
56	23	551110274.797925	551110344.905693
57		566145506.527679	566146009.539127
58		566146010.147937	566163880.528857
59	27	566163881.409023	566163974.805276
60		566261784.397928	566261876.370190
61		566261880.703537	566261958.071938
62		566261958.901178	566262261.785734
63		566262262.935998	566262331.904979
63.5	8	566262333.509271	566262359.829391
