1	499208359.695788
z03mangahere	Hitorimi Haduki-san to.	14	425885722.202083	L	http://www.mangahere.com/manga/hitorimi_haduki_san_to/	425885722.202083
1		425884042.353098	425884399.492879
2		425884400.434367	425884571.558354
3		425884573.296323	425884720.903606
4		425884722.598554	425884825.362443
4.5		425884827.043849	425884872.433692
5		425884873.581419	425884924.987485
6		425884933.056872	425885049.448724
7		425885051.099440	425885116.271100
8		425885118.069939	425885207.194754
9		425885219.395443	425885309.220155
10		425885310.792307	425885448.049105
11		425885449.239567	425885526.505178
12		425885527.572842	425885646.666086
13		425885647.025909	425885721.721695
14	30	425885722.202083	425885791.592187
