1	555606024.561217
z03mangahere	Hachimitsu ni Hatsukoi	14	547862284.232140	L	http://www.mangahere.cc/manga/hachimitsu_ni_hatsukoi/	547862284.232140
0		396152274.254940	396152447.034914
1		396152447.170536	396152554.888411
2		396152555.040969	396152649.583942
3		396152649.678111	396152673.868059
4		396152673.951418	396152729.935083
5	35	396152730.076711	396152800.371620
6	37	401716849.562917	401717024.439958
7	33	410679971.008510	410680059.892775
8	36	420868175.521023	420868280.508073
9	34	482785613.522252	482785752.704132
11	35	521798771.025856	521799187.798187
10		528660202.661791	528660202.661791
12		547392468.190159	547392470.245599
13	34	547392470.627569	547392707.470477
14	-	547862284.232140	547862285.397516
