1	558985714.539833
z03mangahere	Toshishita no Otokonoko (HIRO Chihiro)	11	556127549.961235	L	http://www.mangahere.cc/manga/toshishita_no_otokonoko_hiro_chihiro/	556127549.961235
1	41	465134677.828120	465134899.268825
2	27	469232230.556216	469232292.513480
3	27	474776432.471756	474776501.058632
4	28	482562670.335238	482562728.155024
6		528668774.361866	528668774.361866
5		528668774.666925	528668774.666925
7	13	540713129.867160	540713160.011636
8	27	542217544.193296	542217781.293009
9	27	547394240.932855	547394328.885635
10	27	550079874.932934	550080156.738642
11	26	556127549.961235	556127743.394446
