1	541532533.380467
z03mangahere	Re:Zero kara Hajimeru Isekai Seikatsu - Daisshou - Outo no Ichinichi Hen	11	488704272.431628	L	http://www.mangahere.cc/manga/re_zero_kara_hajimeru_isekai_seikatsu_daisshou_outo_no_ichinichi_hen/	488704272.431628
11	1	488704272.431628	488704279.745887
10		488704282.674712	488704282.674712
9		488704282.674712	488704282.674712
8		488704282.674712	488704282.674712
7		488704282.674712	488704282.674712
6		488704282.674712	488704282.674712
5		488704282.674712	488704282.674712
4		488704282.674712	488704282.674712
3		488704282.674712	488704282.674712
2		488704282.674712	488704282.674712
1		488704282.674712	488704282.674712
