1	558976069.478477
z03mangahere	Real Account II	78	555878949.792429	L	http://www.mangahere.cc/manga/real_account_ii/	555878949.792429
30	19	482042269.944071	482042351.593671
29		482042266.588856	482042266.588856
28		482042266.588856	482042266.588856
27		482042266.588856	482042266.588856
26		482042266.588856	482042266.588856
25		482042266.588856	482042266.588856
24		482042266.588856	482042266.588856
23		482042266.588856	482042266.588856
22		482042266.588856	482042266.588856
21		482042266.588856	482042266.588856
20		482042266.588856	482042266.588856
19		482042266.588856	482042266.588856
18		482042266.588856	482042266.588856
17		482042266.588856	482042266.588856
16		482042266.588856	482042266.588856
15		482042266.588856	482042266.588856
14		482042266.588856	482042266.588856
13		482042266.588856	482042266.588856
12		482042266.588856	482042266.588856
11		482042266.588856	482042266.588856
10		482042266.588856	482042266.588856
9		482042266.588856	482042266.588856
8.5		482042266.588856	482042266.588856
8		482042266.588856	482042266.588856
7		482042266.588856	482042266.588856
6		482042266.588856	482042266.588856
5		482042266.588856	482042266.588856
4		482042266.588856	482042266.588856
3		482042266.588856	482042266.588856
2		482042266.588856	482042266.588856
1		482042266.588856	482042266.588856
31	19	483309564.396247	483309664.692361
32	20	483567926.867441	483568028.647398
33	30	483655548.378375	483655688.098386
34	18	483719016.429721	483719091.895400
35		483788611.961425	483788691.301511
36	21	483788692.087291	483788771.047874
37		483856753.523622	483856753.523622
41	19	484029565.341780	484029610.179448
38	20	483905522.869165	483905611.222108
39	20	483971921.269753	483972067.025425
40		484029035.554473	484029564.340904
42	20	484145881.327708	484145982.975608
43		485282164.529269	485282164.529269
44		486454715.937293	486454715.937293
45		487714833.503466	487714833.503466
46	4	487781704.130667	487781717.680313
47	20	502118655.268121	502118832.704170
48	20	502557104.372798	502557211.830468
49	20	504196343.374284	504196432.058615
50	25	504337163.818297	504337485.470106
51	19	504803085.357652	504803085.357652
52	20	505082161.392305	505082252.030050
53	20	505801498.452652	505801585.866911
54	20	506369068.819966	506369151.634871
55	20	507364371.113130	507364895.823049
56	21	508981103.616188	508981242.924968
57	20	512889758.573058	512889833.975599
58	20	513781197.822326	513781286.966995
59		516723876.583398	516723933.322144
60	21	516723934.740237	516724005.981371
61		526362478.824175	526362558.731590
62	18	526362559.687317	526362628.198464
63		550186608.208831	550186759.210488
64	20	550186760.039379	550186809.923629
66		550186815.804289	550186852.778510
67		550186853.452777	550186944.364772
73	9	550506382.670876	550506397.832744
72		550506345.471608	550506382.225544
71		550506402.979909	550506402.979909
70		550506402.979909	550506402.979909
69		550506402.979909	550506402.979909
68		550506402.979909	550506402.979909
65		550506402.979909	550506402.979909
74	18	550709243.084294	550709295.140640
75	19	552602156.355791	552602253.976782
76		555878948.385476	555878949.772984
78	19	555878949.792429	555879072.994856
