1	558985498.954966
z03mangahere	Tokyo Ravens	28	443890122.255296	L	http://www.mangahere.cc/manga/tokyo_ravens/	443890122.255296
5		382853833.602696	382854065.196608
6		382854065.354216	382854254.780062
7		382854254.912638	382854516.163413
8		382854516.326937	382854785.080505
9		382854785.214300	382854931.429937
10		382854931.585233	382855257.096808
11		382855257.252539	382855399.346636
12		382855399.529834	382855520.680143
13		382855613.694896	382855635.313301
14		382855635.489003	382855851.280032
15		382855851.447614	382856056.746521
16	43	382856056.908782	382856314.457828
18	39	393743032.392264	393771447.092928
17		404048259.728011	404048259.728011
19	33	404048262.157698	404048350.877331
20	36	407128803.606561	407128881.981712
21	41	410330782.294467	410330997.151844
22		419137543.544472	419137550.943069
23	36	419137551.031640	419137614.261493
25	42	427791460.177306	427791519.117463
24	42	427832375.326527	427832383.363923
26	38	436251839.039678	436251934.073437
27	37	441348053.548532	441348137.112414
28	32	443890122.255296	443890230.443645
