1	555525856.968078
z03mangahere	Hungry Marie	20	547792460.390511	L	http://www.mangahere.cc/manga/hungry_marie/	547792460.390511
1		523170577.733999	523170892.785159
2		525114742.353276	525114753.935092
3		525114754.290928	525114953.201302
4		525120198.510169	525120338.391483
5		525120338.750265	525120433.664188
6		525120434.208089	525120504.718878
7		525120505.089626	525128551.319952
8		525128552.687384	525128722.948144
9		525128723.500582	525128824.053425
9.5		525128833.675130	525128965.089400
10		525128967.231839	525129144.768312
11		525129145.736182	525129276.193866
12		525129278.665758	525129380.150285
13		525129380.764429	525129485.038279
14		525129487.887135	525129598.098348
15	20	525129598.669416	525129674.591868
16	19	525183543.137079	525183667.590072
17		527174493.160665	527174585.404688
18	20	527174586.406410	527174725.354542
20	21	547792460.390511	547792580.701401
