1	555526192.459439
z03mangahere	#shin5 - Kekkonshite mo Koishiteru	15	550449909.605586	L	http://www.mangahere.cc/manga/shin5_kekkonshite_mo_koishiteru/	550449909.605586
1		550421121.925879	550421510.236908
2		550421510.269641	550421633.073662
3		550421633.107188	550421846.889063
4		550421846.915460	550422202.316775
5		550422202.347574	550422264.839840
6		550422264.873924	550422373.161205
7		550422373.192244	550422486.266388
8		550422486.298944	550422542.101774
9		550422542.133344	550436126.646350
10		550436126.665951	550436945.549232
11		550436945.581350	550437540.900569
12		550437540.932726	550449582.292233
13		550449582.329997	550449730.178059
14		550449730.215405	550449909.582908
15	22	550449909.605586	550450060.971105
