1	565632740.903716
z03mangahere	Seito Kaichou desu ga Josou Hajimemashita	19	565632709.916146	L	http://www.mangahere.cc/manga/seito_kaichou_desu_ga_josou_hajimemashita/	565632709.916146
1		497031419.779996	497031419.779996
2	9	499502225.725295	499502267.094520
3	9	502261571.176963	502261683.767404
4	9	504716938.960097	504717048.694923
5	9	507145234.192362	507145315.301079
6	9	509639147.269119	509639204.439343
7	9	512621584.300161	512621666.903366
8	9	515002976.699957	515003027.031569
9	9	517983129.791830	517984968.407022
10	9	521445903.548096	521445978.217441
11	9	523283257.604467	523283307.735473
12	9	525976243.486158	525976456.300268
13	6	528646795.816669	528646808.992036
14	9	531029632.429097	531029660.306361
16	9	536774887.650248	536774902.568887
17	9	554652034.888261	554652371.682919
15		565632689.274634	565632689.274634
18		565632692.682377	565632707.147129
19	8	565632709.916146	565632739.485218
