1	535787061.537223
z03mangahere	Momokuri	105.5	535787032.934607	B	http://www.mangahere.cc/manga/momokuri/	535787032.934607
1		475815889.746212	475815907.275143
2		475815908.362748	475815981.448012
3		475815982.079949	475816015.766779
15		477338697.382645	477338781.312404
5		477333614.493342	477333663.187603
6		477333664.236654	477333709.123332
7		477333947.249870	477335612.099931
8		477335613.049491	477337404.865241
9		477337405.589610	477337882.100516
10		477337882.696436	477338232.584629
11		477338233.639141	477338262.136618
12		477338262.883091	477338307.889614
13		477338308.965344	477338360.409720
14		477338361.605507	477338696.438981
15.5	9	477338782.544822	477338828.409579
4	10	478065299.461967	478065346.192599
16		479709505.985677	479710175.324244
17		479710176.076471	479710224.977379
18		479710225.635339	479710267.280240
19		479710267.917532	479712768.950362
20		479712769.496313	479712822.138054
21		479712822.495569	479712875.241590
21.1		479712876.033461	479712916.394138
21.2		479712916.758124	479712958.549985
21.3		497211551.778998	497211560.810233
22		497212254.617114	497212264.368768
23		497212264.727303	497212296.610025
24		497212297.284729	497212332.177194
25		497212332.893210	497212554.174130
26		497212554.868897	497213359.700800
27		497213360.214177	497213512.063927
27.5		497213512.710365	497213571.812727
28		497213573.945976	497213764.383762
29		497213765.116389	497224318.486851
30		497224319.021208	497224361.439965
31		497224361.998057	497224391.574742
32	9	497224392.203390	497224416.349937
33		497224660.283840	497224694.865128
34		497224695.240045	497224719.233607
35		497224719.622471	497224758.536231
36		497224759.143229	497224843.256239
37		497224844.251058	497224891.090786
38		497224891.830647	497224921.692050
39		497224922.176610	497225257.551876
40		497225257.992190	497225285.284784
40.5	8	497225285.770892	497225319.769598
97		535221449.932652	535221514.451820
97.5	16	535221514.758517	535221541.376991
98		535786820.991566	535786822.366736
99		535786822.652629	535786848.218171
100		535786848.632437	535786891.418262
101		535786891.963815	535786914.669511
102		535786914.991536	535786934.454864
103		535786935.162148	535786953.137126
104		535786953.632739	535786973.708051
105		535786974.092767	535787032.309919
105.5	18	535787032.934607	535787059.433033
