1	558985005.513666
z03mangahere	Terra Formars	213	521447135.460227	L	http://www.mangahere.cc/manga/terra_formars/	521447135.460227
0		414043333.643924	414043582.618317
1		414043729.634085	414043958.103785
2		414043958.204654	414044117.519892
3		414044117.661149	414044422.051187
4		414044422.258787	414044654.022744
5		414044654.140674	414044921.004153
6		414044921.108459	414045142.604580
7		414045142.731320	414045507.919071
8		414045508.032571	414045766.770540
9		414045766.826832	414046076.468610
10		414046076.513377	414046168.235318
11		414046168.279359	414046292.520550
12		414046368.462792	414046370.990823
13		414046371.040007	414046438.952492
14		414046439.007025	414046502.835430
15		414046502.897939	414046568.401999
16		414046568.460803	414046642.502015
17		414046642.543879	414046705.535369
18		414046705.601760	414046754.185319
19		414046754.240499	414046860.070523
20		414046860.121186	414046958.968747
21		414046959.025228	414047043.252473
22		414047043.308836	414047126.553800
23		414047126.601684	414047202.868703
24		414047202.930441	414047284.235780
25		414047284.304332	414047397.651961
26		414047397.710905	414047503.668870
27		414047503.731717	414047596.885434
28		414047596.929598	414047650.185472
29		414047650.240878	414047710.635317
30		414047710.697979	414047770.452462
31		414047770.505005	414047834.336180
32		414047908.329575	414047913.235512
33		414047913.283651	414047989.284233
34		414047989.339218	414048059.286005
35		414048059.347459	414048132.268705
36		414048132.331731	414048190.968777
37		414048191.031506	414048251.218770
38		414048251.279515	414048325.735429
39		414048325.795123	414048389.985665
40		414048390.046762	414048453.153418
41		414048453.218015	414048516.402091
42		414048516.474115	414048677.102090
43		414048677.154980	414048749.168738
44		414048749.227312	414048844.535660
45		414048954.527740	414048957.190622
46		414048957.246412	414049036.352085
47		414049036.407281	414049113.885805
48		414049113.945901	414049181.918691
49		414049181.981531	414049218.134399
50		414049218.205374	414049323.370483
51		414049323.432199	414049387.069190
52		414049387.136688	414049466.085477
53		414049466.137890	414049549.418659
54		414049549.493327	414049594.918714
55		414049594.980045	414049641.768837
56		414049641.817824	414049676.570121
57		414049676.632975	414049716.768803
58		414049716.834757	414049761.137851
59		414049761.199076	414049860.619091
60		414049860.677453	414049914.652512
61		414049914.709044	414049946.335377
62		414049946.393002	414049992.285386
63	23	414049992.351799	414050072.337331
64		417584811.202939	417584928.446399
65		417584928.516220	417585041.555895
66		417585041.622408	417585234.338815
67		417585234.366846	417585344.481666
68		417585344.544308	417585395.002517
69		417585395.071548	417585513.195947
70		417585513.254450	417585571.900821
71		417585571.959057	417585644.206984
72		417585644.266148	417585798.585592
73		417585798.617348	417585894.511483
74	19	417585894.579529	417586006.839874
75		428417895.059725	428417969.759029
76		428417971.542537	428418044.964715
77		428418046.499618	428418125.971641
78		428418127.702183	428418226.296730
79		428418227.763814	428418298.986344
80		428418300.761489	428418360.358535
81		428418362.455359	428418434.013252
82		428418435.640069	428418483.402001
83		428418484.878432	428418527.472297
84		428418528.024409	428418607.395793
85	21	428418609.505397	428418675.939787
86		436250561.049009	436250685.543413
87		436250689.037993	436250791.536398
88		436250795.853150	436250921.046658
89		436250925.084910	436251095.261742
90		436251099.555092	436251232.623082
91		436251242.926092	436251390.068881
92		436251400.203719	436251517.330551
93		436251528.288901	436251611.454229
94		436251612.672147	436251670.825782
95		436251671.931893	436251753.585854
96	22	436251757.429781	436251827.279893
97		441691230.663968	441691296.506793
98		441691296.721164	441691470.687526
99		441691471.226756	441691603.480727
100		441691604.033469	441693433.528311
101		441693433.762091	441698071.393300
102		441698071.724945	441698262.446776
103		441698263.124370	441698338.353119
104		441698338.869467	441698461.513855
105		441698462.087209	441698540.153498
106		441698540.726376	441698685.749167
107	24	441698686.326152	441698785.009862
108		445872455.297736	445872528.648009
109		445872529.247001	445872596.169300
110	20	445872596.712747	445872680.229198
111		446878322.233654	446878332.020504
112		446878332.502654	446878339.984549
113	1	446878340.177103	446878342.394754
114		447028700.153680	447028739.376213
115		447028739.968251	447028804.531989
116	19	447028805.110432	447028875.963554
117	19	447137893.193052	447137956.955575
118	17	447575068.156014	447575162.515594
118.5	32	449583291.186351	449583399.443196
119	17	450187225.432153	450187295.356390
120		460613123.034910	460613144.902075
121	16	460613145.412275	460613180.649017
122		451800772.775785	451800772.775785
123	16	452464411.586778	452464495.946625
124	19	453039960.948050	453040020.090934
125	18	453871928.993256	453872006.267300
126	17	455083652.439321	455083728.435160
127		457275823.065591	457275889.954026
128	18	457275890.741302	457275936.554968
129	17	458026456.095732	458026502.600561
130	2	459064375.447297	459064379.313515
131	16	459560852.276422	459560939.278603
132	-	460264734.865196	460264734.865196
133	16	460613184.754648	460613186.257241
134	17	461337341.129310	461337439.499624
135	18	462028733.274999	462028827.629759
136	18	462685208.576375	462685235.328025
137	17	463466974.312805	463467052.905896
138	16	464156555.144900	464156658.303889
139		465307057.274979	465307057.274979
140		465307199.816397	465307199.816397
141	17	465595499.524096	465595548.376298
142	18	465941883.937245	465941993.289407
143	17	466488060.909206	466488125.432821
144	-	466748188.368577	466748191.968897
145	17	466947824.946421	466947918.052385
146	18	467417952.810691	467418028.433346
147	20	467663599.563313	467663655.589294
148	17	468165973.535067	468166177.426401
149	16	468683823.101263	468683892.838724
150	20	468865783.786614	468865896.513105
151		469518633.705536	469518633.705536
152	17	469717567.318798	469717655.598024
153		469846246.013061	469846246.013061
154	18	470442133.144602	470442204.132907
155	19	471056893.181211	471057044.842255
156	16	471244236.574212	471244327.051490
157	16	472346062.823128	472346288.676517
158	15	474776686.021422	474776830.226693
159		474859268.298855	474859268.298855
160	18	478062558.947664	478062669.430565
161	19	478313049.539802	478313099.536494
162	19	478587945.435692	478588054.795312
163		479016998.354663	479016998.354663
164	19	479369607.659486	479369833.554131
165	19	479601953.007807	479602104.079969
166	18	479888075.442512	479888199.968844
167	19	480060880.571639	480060944.632061
168	19	480125709.972304	480125794.270084
169	19	480318648.843263	480318746.878939
170	20	480748016.705553	480748147.226040
171	20	481205396.429647	481205452.858982
172	16	481904831.956370	481904914.958591
173		482515342.658851	482515403.164929
174	1	482643099.012409	482643100.410716
173.5		482643003.565740	482643097.977897
175	19	483669572.425296	483669670.874150
176		483856758.249031	483856758.249031
177	21	484441932.377660	484442012.431356
178	17	484927495.183097	484927596.474278
179	21	485477931.601535	485478064.465429
180	23	485901517.708236	485901644.842763
181	17	486450895.530978	486450956.616907
182	10	486860036.232774	486860045.700702
183	20	486709484.244280	486709514.427125
184	19	487571149.531641	487571266.829529
185	21	488466044.069763	488466115.966623
186	19	488957412.141202	488957482.003810
187	19	489187986.749671	489188026.249776
188	20	489339349.911686	489339438.136054
36.6		490101956.076985	490101956.076985
36.5		490101956.076985	490101956.076985
36.4		490101956.076985	490101956.076985
36.3		490101956.076985	490101956.076985
36.2		490101956.076985	490101956.076985
36.1		490101956.076985	490101956.076985
189	19	494312547.981436	494312621.873756
190	15	494480294.620275	494480408.158384
191	19	494572072.888853	494572142.384119
192	19	494659121.637170	494659213.987692
193	19	494865071.649793	494865147.675820
194	19	494917764.261221	494917860.982572
195	19	495127586.047170	495127636.338878
196	20	495463227.595640	495463313.032360
197	19	496774635.139447	496774679.581206
198	20	498200929.466658	498201000.536035
199	18	498454407.173595	498454453.031918
200	19	499923559.224792	499923584.727348
201	20	500278110.717517	500278167.713644
202	21	505584821.562027	505584872.093023
203	21	508516944.503979	508517006.114860
204	20	508708576.894327	508708624.687269
205	19	509864551.850408	509864595.256391
206	18	511189755.269893	511189821.800898
207	19	512893459.380530	512893518.889018
208	18	515510437.228670	515510494.938492
209	20	516775786.241617	516776379.106514
210	20	517189036.273671	517189143.595336
211	23	517763227.129829	517763298.083018
212		521447087.222237	521447135.422087
213	21	521447135.460227	521447190.417654
