1	556731716.721339
z03mangahere	Koe Koi	15	519459185.122876	B	http://www.mangahere.cc/manga/koe_koi/	519459185.122876
1		504687170.927014	504687238.982653
2		504687239.692092	504687330.072004
3		504687333.834666	504687440.946074
4		504687441.635666	504687543.069398
5	9	504687544.213737	504687659.071997
6	8	505856480.963082	505856569.356516
7	7	507405100.537770	507405179.037844
8	8	507562168.648757	507562261.760125
9	7	508016914.164521	508016985.666062
10	7	508349259.370537	508349415.767445
11	8	508578478.126207	508578550.057222
12	7	511207078.053420	511207166.784414
13		518589228.075483	518589234.307851
14	9	518589234.689118	518589737.407204
15	7	519459185.122876	519459300.715814
