1	513053929.753596
z03mangahere	Kuzu no Honkai	47	513053399.397033	L	http://www.mangahere.com/manga/kuzu_no_honkai/	513053399.397033
1		429916985.643887	429917120.820202
2		429917121.795904	429917255.531667
3		429917256.999702	429917366.291173
4		429917367.488073	429917442.497525
5		429917444.288168	429917569.658716
6		429917571.572518	429917627.979637
7		429917629.733597	429917926.471932
8	36	429917928.248800	429918008.975218
9	43	433739372.395717	433739499.740400
10	20	438709010.200209	438709106.277197
11	19	438936775.834454	438936843.623780
12	29	443857658.383816	443857791.354477
13	31	445663507.430014	445663587.173277
14	33	450705861.121864	450706184.232497
15	25	453871800.585034	453871856.226053
16		470156499.258092	470156611.430553
16.5		470156614.590191	470156652.600361
17		470156654.219255	470156733.057575
18		470156734.149690	470156831.397479
19		470156831.977752	470156894.054784
20		470156895.717187	470156963.910478
21		470156965.574885	470157020.215248
22		470157024.726913	470157083.603982
22.5		470157085.433618	470157091.243451
28		474273954.151522	474274001.665481
23		474273528.962574	474273694.697267
24		474273696.057712	474273780.434728
25		474273781.592771	474273846.669047
26		474273847.889689	474273895.039497
27		474273896.019059	474273952.960927
28.5	22	474274002.952251	474274017.212975
29		477236344.991254	477236494.806939
30		477236495.860696	477238628.239881
31		477238629.020218	477238684.267993
32		477238684.889463	477238763.689901
33		477238764.308164	477238905.078220
34		477238905.595260	477238933.963726
35	22	477238934.622229	477239045.594188
36	33	482935855.704779	482935928.561781
37	31	483541229.344080	483541293.220008
38	31	487439980.633137	487440106.966508
39	29	488732632.211807	488732856.525842
40	23	491547881.781507	491547960.541264
41	20	494949197.124117	494949320.568573
42	28	500230719.154339	500230848.525475
43	28	502641757.893952	502641878.189174
44	24	505231373.252076	505231517.130700
45	28	508051146.700816	508051240.161764
46	26	510499922.788202	510499995.498203
47	46	513053399.397033	513053929.744086
