1	555605959.243149
z03mangahere	Guarding	46	534098145.995795	B	http://www.mangahere.cc/manga/guarding/	534098145.995795
1		484850148.003985	484850239.118325
2		484850239.680400	484850367.443046
3		484850368.176043	484850439.680641
4		484850440.073078	484850483.600378
5		484850484.806980	484850519.119521
6		484850519.834064	484850571.672623
7		484850572.283770	484850596.357721
8		484850596.743687	484850634.676922
9		484850635.458992	484850737.559797
10		484850737.953433	484850801.464491
11		484850802.255519	484850855.151296
12		484850855.815898	484850902.637815
13		484850903.352786	484850930.856421
14		484850931.283043	484850961.875058
15		484850962.313563	484851021.425960
16		484851021.983516	484851071.282370
17		484851071.676774	484851114.901998
18		484851115.520519	484851398.499037
19		484851398.852396	484851430.611406
20		484851430.966662	484851454.113318
21		484851454.454153	484851535.997639
22		484851536.349507	484851608.852645
23		484851609.578274	484851659.622152
24		484861514.268910	484861516.580993
25		484861517.378218	484861551.235252
26		484861629.424032	484861630.779529
27		484861631.137325	484861691.717371
28		484861692.624705	484861719.319479
29	15	484861720.474765	484861764.059955
30	13	486608109.671473	486608144.228016
31	15	489187904.394583	489187951.149464
32	14	490284099.842772	490284150.832818
33		493655268.770648	493655269.755365
34	14	493655270.572408	493655311.817799
35	15	494803601.248614	494803629.854176
36	14	495539027.316464	495539081.371118
37		496763095.963706	496763099.509856
38	13	496763100.293755	496763149.533707
39	15	501745593.472947	501745643.306125
40	13	506201019.757177	506201072.923468
41		508641451.060899	508641452.860813
42	14	508641453.383626	508641482.076795
43	15	523307911.187804	523307954.011850
44	15	527436882.070246	527436980.665323
45		534098144.478467	534098145.634222
46	14	534098145.995795	534098178.868802
