1	558977134.913531
z03mangahere	Sekai no Hate	11	437151747.702322	L	http://www.mangahere.cc/manga/sekai_no_hate/	437151747.702322
1		395987870.548431	395988251.788987
2		395988252.489378	395988477.753804
3		395988478.364858	395988611.420599
3.5		395988611.959335	395988685.120877
4		395988686.423881	395989001.653922
5		395989002.227560	395989353.020631
6		395989353.575428	395989524.587264
7		395989525.195004	395989718.403961
8	42	395989719.038791	395989987.209570
9	41	397625672.207268	397625902.639737
10	32	399958344.191151	399958549.025979
11	33	437151747.702322	437151844.703955
