1	558984577.432288
z03mangahere	Sword Art Online: Progressive	36	543416784.339028	L	http://www.mangahere.cc/manga/sword_art_online_progressive/	543416784.339028
22		521518566.757925	521518694.465297
23		521518694.492898	521518734.634458
24		521518734.663979	521518774.303782
25		521518774.333699	521518881.044328
26		521518881.073399	521518959.258654
27		521518959.288786	521519045.648308
28		521519045.674047	521519178.123287
29		521519178.155844	521519234.943841
30	20	521519234.971819	521519294.290728
8		417527070.467018	417527070.467018
7		417527070.467018	417527070.467018
6.5		417527070.467018	417527070.467018
6		417527070.467018	417527070.467018
5		417527070.467018	417527070.467018
4		417527070.467018	417527070.467018
3		417527070.467018	417527070.467018
2		417527070.467018	417527070.467018
1		417527070.467018	417527070.467018
9	30	420377923.806680	420378086.187261
10	49	429770991.256531	429771245.320232
10.5	16	433053973.736424	433054049.648156
11	23	437151178.654878	437151294.003722
12	38	450849245.533414	450849402.740815
13		481812128.529804	481812293.004114
14	38	481812297.392997	481812403.006464
15		491516712.641531	491516952.550634
16		491516953.872705	491516993.353316
16.5		491516994.620620	491517031.722909
17		491517032.641289	491517100.393725
18		491517101.565196	491517174.399181
19		491517175.654758	491517240.484966
20		491517241.618040	491517318.059166
21	44	491517319.145812	491517473.500529
31	24	523777255.306860	523777312.337242
32	18	528725259.932821	528725359.686305
33	22	532968490.142113	532968661.776053
33.5		542642438.187193	542642440.743752
34		542642441.914236	542642486.516103
34.5		542642486.898553	542642502.172189
VOL6 33.5	7	542642502.552294	542642511.885584
35	16	543044083.283369	543044173.864480
36	33	543416784.339028	543416888.441973
