1	556685170.901713
z03mangahere	Solanin	29	555940607.563650	L	http://www.mangahere.cc/manga/solanin/	555940607.563650
1		523972957.094176	523973137.403371
2		523973138.087246	523973976.174236
3		523973976.817944	523975070.676182
4		523975071.290287	523975191.549527
5		523975207.466679	523975302.119722
6		523975302.694855	523975413.447131
7		523975414.051357	523975528.039230
8		523975528.695253	523977311.582497
9		523977312.169553	523977416.758994
10		523977417.306664	523977470.427128
11		523977471.660965	523977584.120349
12		523977584.723591	523977660.439946
13		523977661.101144	523977721.695657
14		523977722.333485	523977797.417376
15		523977798.031375	523977875.372303
16		523977876.039176	523977908.892418
17		523977909.271460	523977968.945389
18		523977969.651777	523978016.198473
19		523982270.336033	523982356.958352
20		523982357.579762	523982438.974352
21		523982439.898262	523982539.131154
22		523982539.831098	523982600.368389
23		523982600.788451	523982659.572553
24		523982660.252875	523982709.858875
25		523982710.533778	523982783.064045
26		523982783.673786	523982838.383981
27		523982839.053577	523982924.641390
28	18	523982925.295891	523982979.741662
29	25	555940607.563650	555940688.685308
