1	555605724.284801
z03mangahere	Gangsta	52	551578177.952139	L	http://www.mangahere.cc/manga/gangsta/	551578177.952139
1		442815841.291604	442817893.831378
2		442817894.387412	442818078.527120
3		442818106.084441	442818354.051010
4		442818354.671335	442818523.982480
5		442818524.889029	442818823.857100
6		442818825.386394	442818941.933837
7		442818942.806582	442819120.081596
8		442819121.013506	442819355.011436
9		442819356.050873	442819457.244052
10		442819457.709291	442819605.355947
11		442819605.915284	442819722.132947
12		442819726.573673	442819823.174703
13		442819824.142970	442819959.186422
14		442819960.352101	442820167.944334
15		442820168.876728	442820273.279673
16	42	442820274.109766	442820407.970542
32	32	443133126.172462	443133137.159040
31		443133150.081801	443133150.081801
30		443133150.081801	443133150.081801
29		443133150.081801	443133150.081801
28		443133150.081801	443133150.081801
27		443133150.081801	443133150.081801
26		443133150.081801	443133150.081801
25		443133150.081801	443133150.081801
24		443133150.081801	443133150.081801
23		443133150.081801	443133150.081801
22		443133150.081801	443133150.081801
21		443133150.081801	443133150.081801
20		443133150.081801	443133150.081801
19		443133150.081801	443133150.081801
18		443133150.081801	443133150.081801
17		443133150.081801	443133150.081801
33	33	443420398.462334	443420516.122289
34	36	444228329.255078	444228450.353948
36	28	456765117.885517	456765213.147389
35		456815748.036293	456815748.036293
37	27	461764243.726283	461764304.511522
38		463457152.335143	463457214.712304
39	17	463457215.164116	463457260.766011
40	23	473615447.333400	473615503.026043
41		514474305.008358	514474412.800062
42	15	514474413.640146	514474461.952137
43	36	517556641.647494	517557852.157405
44	22	520183735.652622	520183786.508683
45	16	533453167.398264	533453795.376491
48	17	537687766.807777	537687838.886286
50	21	546794914.648477	546794981.803105
51	13	548691723.234694	548691766.362245
52	17	551578177.952139	551578243.275369
