1	557941959.535661
z03mangahere	Nakamura Koedo to Daizu Eryou wa Umaku Ikanai	17	519109241.707977	L	http://www.mangahere.cc/manga/nakamura_koedo_to_daizu_eryou_wa_umaku_ikanai/	519109241.707977
3		443133608.171830	443133608.171830
2		443133608.171830	443133608.171830
1		443133608.171830	443133608.171830
0		443133608.171830	443133608.171830
4	16	443198738.165945	443198797.291331
5	16	443857539.972030	443857652.106107
6	17	462638335.560169	462638371.846022
7	16	490024252.647410	490024323.041289
8	16	492150395.569910	492150572.027515
9	13	512582322.503682	512582528.874254
10	14	513263736.516971	513263865.345266
11	14	513877270.503601	513877587.596022
12	1	515685588.363467	515685589.918742
13	14	515079462.941402	515079542.375472
11.5		515685474.756925	515685587.822040
14		517354049.933588	517354108.674066
15	14	517354110.112701	517354143.318695
16	14	517640606.726354	517640694.777726
17	14	519109241.707977	519109501.864825
