1	555613951.749518
z03mangahere	Yaoguai Mingdan	357	554042011.617990	L	http://www.mangahere.cc/manga/yaoguai_mingdan/	554042011.617990
298	10	521602719.370312	521602750.788917
1		484066485.545996	484066972.198844
2		484066973.056619	484067002.748588
3		484067003.555106	484067028.333603
4		484067029.172522	484067085.520709
5		484067086.360067	484067116.872753
6		484067117.718586	484067149.925127
7		484067151.949036	484067173.976622
8		484067174.787177	484067195.728008
9		484067196.569977	484067238.580737
10		484067239.379498	484067283.900423
11		484067284.566083	484067312.935531
12		484067313.761764	484067343.536151
13		484067344.278099	484067385.473707
14		484067386.195186	484067416.459101
15		484067417.417736	484072231.535570
16		484072288.892368	484072289.944320
17		484072290.398034	484072313.197415
18		484072313.540540	484072358.085368
19		484072358.492934	484072417.271262
20		484072417.965918	484072455.941824
21		484072456.637162	484072502.778239
22		484072503.370140	484072531.330061
23		484072531.735425	484072586.066989
24	13	484072586.728739	484072627.536366
25		484072645.093600	484072678.419296
26		484072678.436233	484072700.565019
27		484072700.584569	484072730.415654
28		484072730.436971	484072795.318189
29		484072795.334318	484072820.311342
30		484072820.328460	484072860.472273
31		484072860.487013	484072891.861987
32		484072891.884097	484072921.746823
33		484072921.769600	484072964.432934
34		484073188.247667	484073220.946058
35		484073220.970847	484073257.594731
36		484073257.609858	484073281.616412
37		484073281.641431	484073338.653960
38		484073338.677691	484073372.469990
39		484073388.946015	484075736.232931
40		484075736.264245	484075801.157770
41		484075801.182530	484075841.416083
42		484075841.424475	484075881.290876
43		484075881.318222	484075910.658466
44		484075910.684606	484075951.160071
45		484075951.180689	484075979.896760
46		484075979.923076	484076002.781333
47		484076002.807499	484076024.565839
48		484076024.592922	484076045.733958
49		484076045.760705	484076064.718884
50		484076064.743536	484076082.819736
51		484076082.844592	484076097.887311
52		484076097.913835	484076110.953338
53		484076110.979454	484076120.238349
54		484076120.263186	484076129.088886
55		484076129.113565	484076148.523562
56		484076148.549460	484076166.158402
57		484076166.184558	484076180.942350
58		484076180.967997	484076194.322920
59		484076194.336955	484076212.494541
60		484076212.520497	484076229.529088
61		484076229.556488	484076253.897065
62		484076253.923927	484076269.348041
63		484076269.373399	484076285.582471
64		484076285.608585	484076305.183663
65		484076305.210028	484076324.035119
66		484076324.061887	484076346.719689
67		484076346.748924	484076368.254518
68		484076368.282364	484076388.906007
69		484076388.932809	484076412.724383
70		484076412.751907	484076430.342075
71		484076430.370300	484076446.475492
72		484076446.505215	484076485.295691
73		484076485.322948	484076514.447780
74		484076514.475183	484076540.332544
75		484076540.382795	484076563.467459
76		484076563.493780	484076579.401715
77		484076579.430194	484076598.036386
78		484076598.063567	484076639.289109
79	15	484076639.318669	484076675.835371
80		484171586.619188	484171640.885540
81		484171642.078360	484171694.905345
82		484171695.983642	484171729.021653
83	9	484171729.779673	484171757.082552
84	10	484492728.603343	484492769.316929
85	8	484608289.529720	484608350.357465
86	9	484751389.083449	484751419.826998
87	9	484840683.967995	484840721.320148
88	10	484861231.905078	484861256.617664
89		485237926.085691	485237963.334463
90	9	485237963.956384	485237994.849179
91		485416325.350798	485416385.269701
92	10	485416386.519125	485416450.510386
93	10	485554102.411873	485554161.960518
94	9	485724547.804159	485724586.906776
95		485902212.097607	485902228.267751
96	9	485902229.488956	485902256.520295
97		486214288.460581	486214329.886692
98	9	486214330.259035	486214373.077651
99		486454721.322489	486454762.193604
100	9	486454763.293755	486454786.964234
101	9	486536731.602094	486536747.482756
102	10	486586293.446436	486586323.072808
103	9	486709887.997447	486709903.282839
104		487029655.518202	487029678.453304
105	10	487029679.047472	487029719.908999
106	9	487128063.547077	487128076.859610
107	10	487260760.847165	487260777.378704
108	8	487317922.397240	487317964.569944
109		487834804.655361	487834828.476293
110		487834828.999482	487834855.579995
111		487834856.003038	487834882.348259
112	9	487834883.249800	487834906.457905
113	9	487920825.498865	487920864.006757
114	9	488213328.294454	488213366.587027
115	9	488298004.513115	488298135.521530
116		488559368.463272	488559503.907429
117		488559504.524129	488559554.277436
118	9	488559554.927376	488559577.634469
119	9	488733030.910786	488733058.425441
120	10	488865791.460235	488865825.458182
121	2	488955149.192694	488955152.588198
122	10	489016308.255916	489016341.231848
123	10	489187957.712231	489187981.317747
124	10	489413696.071553	489413720.103492
125	10	489470633.582123	489470679.141153
126	9	489561253.528889	489561270.133749
127	10	489647798.811595	489647828.513048
128		490078058.256231	490078073.880958
129		490078074.665093	490078098.215836
130	9	490078099.257906	490078123.248572
131	10	490130465.015407	490130507.499732
132	9	490190273.501321	490190299.642564
133	9	490339739.535976	490339780.727487
134	10	490537874.181305	490537939.208562
135	8	490685494.806350	490685506.731542
136	9	490732000.458683	490732028.827396
137	9	490805089.429432	490805147.233262
138	10	490899480.303149	490899522.196016
139	10	492381177.816429	492381252.799404
140	10	492496370.110612	492496396.477560
141	10	492588258.291561	492588288.187153
142	9	492670338.796619	492670368.442242
143	10	492757172.713161	492757211.160446
144	8	493017480.411482	493017498.160304
145	9	493104375.199284	493104408.232839
146	9	493188433.123976	493188460.735081
147	8	493274888.501240	493274930.040278
148	8	493356914.871963	493356965.631425
149	8	493614140.977933	493614186.885354
150	9	493700863.778187	493700915.369220
151		493849051.151117	493849107.923816
152	9	493849109.032476	493849167.363876
153	9	493965615.995751	493965645.359997
154	8	494254140.590784	494254202.866096
155	8	494312505.830735	494312542.049180
156		494571554.602038	494571556.466188
157		494571557.264401	494571625.057948
158	8	494571830.828821	494571877.603320
159	9	494864817.966853	494864884.266303
160	8	494885841.036830	494885922.568433
161	9	494995523.580316	494995567.005827
162	10	495084798.648175	495084916.589387
163	10	495208109.830396	495208178.817342
164		495688436.738125	495688512.198016
165	14	495688512.969546	495688591.457286
166	9	495779391.422924	495779452.260453
167	9	495856651.906507	495856702.777593
168	8	495923425.655058	495923480.199735
169	9	496007884.947952	496007914.577052
170	9	496069291.725445	496069350.131852
171	9	496215334.228361	496215450.815917
172		496332692.004156	496332751.629293
173	10	496332752.742666	496332805.828048
174	6	496698622.982411	496698677.247158
175	13	496759349.351116	496759419.955269
176	10	496862906.304633	496863002.427920
177	9	496935279.992443	496935332.031511
178	9	497282683.640981	497282716.507796
179	10	497428335.258515	497428369.832970
180	11	497489440.442342	497489503.052717
181	9	497504543.578590	497504613.240022
182	8	497562710.623445	497562782.627284
183	8	498454341.945598	498454399.931968
184		498627355.419732	498627357.119616
185	10	498627357.912251	498627425.014436
186	10	498725085.111695	498725116.809879
187	8	498805164.035034	498805222.864265
188	8	499020329.596508	499020362.702024
189		499148526.462729	499148526.462729
190	9	499184634.801252	499184678.265799
191	8	499320951.605932	499321023.723606
192	8	499444189.695198	499444293.338374
193	1	499666490.166322	499666492.021336
194	9	499786823.099173	499786917.069978
195	9	499882955.524619	499883368.250678
196	9	499886125.604555	499886166.958940
197	-	500248683.341829	500248764.576182
198		500316992.751082	500317047.966447
199		500613210.181075	500613211.189489
200	12	500613212.022747	500613276.507988
201	12	500745622.111876	500745678.005644
202	9	500837320.623749	500837385.450822
203		501053342.999376	501053345.135654
204	8	501053345.884203	501053392.386504
205	8	501125296.042906	501125339.637588
206		501231028.627331	501231064.254040
207	8	501231064.891150	501231109.415741
208	8	502044264.281895	502044309.444342
209	9	502136352.039227	502136458.529500
210	8	502213563.555782	502213647.478735
211	12	502309572.198896	502309639.683646
212	9	502441720.065156	502441984.472879
213	9	502662470.748946	502662513.322473
214	9	502727657.592230	502727677.348474
215		502955309.510229	502955310.318917
216	10	502955316.219406	502955350.847330
217	9	503073873.251404	503073912.246378
218		503293419.858877	503293419.858877
219	9	503465980.784789	503465983.693219
220	12	503465985.921803	503466081.196113
221		503615702.141858	503615826.029913
222	10	503615827.159661	503615903.130433
223	9	503885853.846645	503885921.111113
224	10	504128356.321348	504128549.492672
225	10	504134582.391028	504134660.749548
226	9	504161233.060424	504161282.936760
227	9	504243677.495434	504243695.673275
228	10	504459416.387583	504459807.390799
229	10	504546481.450465	504546527.260977
230	10	504632468.119067	504632501.269532
231	10	504716661.365558	504716715.612930
232	8	504855026.194966	504855111.967437
233	13	505081853.100879	505082150.602610
234	12	505165038.515673	505165112.642854
235	10	505231526.733411	505231560.358077
236	10	505328257.808777	505328296.818615
237	13	505433849.136450	505433992.410470
238	12	505716544.628557	505716592.828393
239	9	505755249.329000	505755270.660066
240	9	505855958.464606	505855985.887427
241	11	505924845.774378	505924902.613232
242	10	506017063.706751	506017238.608454
243	11	506318007.594039	506320746.436090
244	10	506369001.075359	506369063.253441
245	11	506490277.858962	506493187.587020
246	9	506577505.989442	506577876.897909
247	10	506674514.229519	506674550.773744
248	12	506873419.228116	506873453.782001
249	9	506972486.690354	506972537.616681
250	10	507132720.296874	507132745.055521
251		507240052.107567	507240104.530802
252	12	507240105.592322	507240155.021065
253	11	507512304.474588	507512334.576015
254	10	507597399.493025	507597432.399458
255	10	507739011.215729	507739399.474671
256	10	507788853.954423	507788898.402590
257	8	507830613.865311	507830761.031830
258	11	508166770.493388	508166814.322500
259	13	508220765.212980	508220805.346913
260	11	508256737.671147	508265204.983423
261	14	508346360.805915	508346418.468514
262	11	508449961.520511	508450027.328211
263	10	508742657.690857	508742697.776878
264	18	508823620.024874	508823707.988784
265	16	508896532.746668	508896583.578609
266	11	508996873.403739	508996973.860321
267	9	509090951.822475	509091006.245354
268	12	509342891.707481	509342983.776729
269	12	509379330.340319	509379388.756136
270	9	509552059.294723	509552098.855224
271		509636004.216805	509636011.386249
272	13	509636011.749383	509636086.330489
273	11	509930522.847507	509930551.728242
274	10	510036000.541887	510036035.403679
275	14	510182747.636583	510182806.544948
276		510333453.618893	510333461.634842
277	12	510333462.304978	510333499.088482
278		510639831.416341	510639842.981907
279	17	510639843.820360	510639929.455958
280	10	510812065.191125	510812075.721809
281	18	510812079.447173	510812205.899616
282	10	510906623.683606	510906856.364864
283	9	511103718.879558	511103795.478513
284	14	511199700.979047	511199724.639685
285	14	511301768.079187	511301899.124492
286	10	511420306.048457	511420325.453611
287	10	511509459.702306	511509472.558624
288		511850741.599486	511850954.904647
289	12	511850956.191578	511850996.335484
290	15	511937062.606254	511937155.311533
291	10	512019627.730923	512019682.141453
292	13	512108379.708037	512108439.115365
293	12	512360352.366817	512360545.534524
294	12	512486992.061395	512487028.211479
295	17	512538966.122731	512539064.235122
296		512691935.807930	512691969.045101
297	14	512691969.392601	512691999.565279
299	16	521613555.440906	521613594.850692
300		522296580.383936	522296631.279997
301	11	522296631.320915	522296665.997098
302	19	522465270.232859	522465319.716262
303		522935632.282894	522935712.697731
304	13	522935713.640066	522935758.457518
305	14	523343261.264590	523343291.737666
306	14	523893043.252585	523893066.029469
307	15	523955313.721809	523955351.545940
308		524151599.426139	524151659.692917
309	12	524151660.776149	524151698.935108
310	14	524493741.787231	524493875.854895
311		524632016.672418	524632073.010656
312	16	524632073.647636	524632107.282935
313	11	524725075.435819	524725383.168064
314	5	524899217.156024	524899245.216352
315	12	525099181.798903	525099208.969928
316	15	525189067.121806	525189092.769204
317		525356097.973831	525356128.503496
318	12	525356128.880905	525356160.707174
319	11	525444640.581133	525444662.894098
320	13	526277691.862609	526277739.261332
321	13	526399752.601355	526399814.986794
322	15	526474315.834402	526474372.514174
323	11	526573537.784348	526573618.191885
324	14	526830346.800842	526830381.348397
325	11	526997851.252284	526997890.380295
326		527083093.479375	527083125.765643
327	11	527083126.547203	527083153.352412
328	14	527174045.601852	527174134.072357
329	13	527525985.356026	527526029.788650
330	10	527602613.127625	527602639.601379
331	12	527778224.686521	527778281.126378
332		540743231.577117	540743582.350740
333	8	540743583.021723	540743604.526182
336		542809867.438188	542809919.977641
340	11	542809920.643513	542809945.764110
341	11	547266221.852830	547266534.070397
342		547355342.451089	547356049.725076
343		547356050.152605	547356075.226251
344		547356075.635783	547356099.726915
345	12	547356100.223609	547356124.214703
346		551070670.947120	551070701.036053
347		551070701.614634	551070745.430176
349	9	551070746.067718	551070766.938180
351		551766046.204420	551766122.909739
352	12	551766123.405283	551766154.960437
353	13	552419673.543587	552419720.016034
354		552461365.652200	552461402.398271
354.5		552461403.070439	552461476.547536
355		552461477.021881	552461510.870667
356	10	552461511.581187	552461537.656605
357	12	554042011.617990	554042034.648437
