1	557554615.665812
z03mangahere	Mushoku Tensei - Isekai Ittara Honki Dasu	43	552434853.416380	L	http://www.mangahere.cc/manga/mushoku_tensei_isekai_ittara_honki_dasu/	552434853.416380
1		515512568.811082	515512785.000988
2		515512829.613917	515513135.109548
3		515513277.958448	515513380.656417
4		515513381.284656	515513557.749278
5		515513558.537516	515514152.379288
5.5		515514153.101184	515514720.514771
6		515514720.859850	515514867.044661
7		515514867.681189	515515077.253302
8		515515079.076410	515515259.576649
9		515515305.510437	515515499.439380
10		515515500.132733	515515689.214503
10.1		515515689.716674	515526145.698030
11		515526146.069269	515526301.641132
12		515526302.282336	515526608.783134
13		515526609.414760	515526741.071516
14		515526741.867435	515527945.539248
15		515527946.192459	515528026.975795
16		515528027.557002	515528166.518141
17		515528167.120745	515528265.307974
18		515528265.928212	515528567.104807
18.5		515528567.701870	515528642.524540
19		515528682.349387	515528873.176642
20		515528873.818226	515529267.473953
21		515529268.180051	515530231.558332
22		515530231.900584	515530407.716682
23		515530408.101483	515540394.655236
24		515540395.411945	515541159.831270
24.5		515541160.510761	515541451.484428
25		515541452.044623	515541600.494365
26		515541600.917197	515547551.810376
28		515547616.060921	515547770.744479
29		515547771.391910	515547900.052913
30		515547900.744897	515548018.557510
31	28	515548019.578582	515548164.679778
32	41	516197369.512267	516197523.576021
33	31	521516092.002537	521516407.535708
34		532934484.579765	532934632.847294
35	41	532934633.300588	532934823.008654
36	36	533027588.275250	533027731.507918
38	33	536540444.542990	536540527.148946
37	13	536619437.091419	536619472.501286
39	34	543906620.093971	543906687.071158
40	29	550674256.252951	550674343.882636
41	22	550796356.583942	550797521.704402
42	31	550862001.532363	550863411.510466
43	28	552434853.416380	552435000.943992
