1	550153060.169174
z03mangahere	Steel Ball Run	25	540311069.633875	L	http://www.mangahere.cc/manga/steel_ball_run/	540311069.633875
1		533752918.701984	533753400.536234
1.5		533753401.220365	533753414.675157
2		533753415.111797	533753562.538722
3		533753563.085825	533753787.735923
4		533753788.356215	533754052.082007
5		533754052.736137	533754637.157600
6		533754637.778756	533755001.807053
7		533755002.543402	533767074.669037
8		533767075.298809	533767594.110890
9		533767594.749412	533768258.782280
9.5		533768259.482156	533768408.771376
10		533768409.390621	533768682.415644
11		533835130.937457	533835456.786874
12		533835457.475863	533836148.848096
13		533836149.250842	533836394.473194
14		533836395.020743	533836580.279589
15		533836580.929754	533836791.989898
16		533836792.321724	533836957.409609
17		533836958.151062	533837356.879501
18		533837357.296628	533837518.734527
19		533837519.472957	533837681.626884
20		533837682.310511	533843336.729281
21		533843337.236186	533843931.823163
22		534098335.643827	534098358.648614
23		534098359.145423	534099385.262133
24		534099385.792427	534099610.540221
25	19	540311069.633875	540311199.690922
