1	565026199.701970
z03mangahere	Hunter X Hunter	390	565026143.888511	L	http://www.mangahere.cc/manga/hunter_x_hunter/	565026143.888511
349		443135055.963653	443135055.963653
348		443135055.963653	443135055.963653
347		443135055.963653	443135055.963653
346		443135055.963653	443135055.963653
345		443135055.963653	443135055.963653
344		443135055.963653	443135055.963653
343		443135055.963653	443135055.963653
342		443135055.963653	443135055.963653
341		443135055.963653	443135055.963653
340.6		443135055.963653	443135055.963653
340.5		443135055.963653	443135055.963653
340		443135055.963653	443135055.963653
339		443135055.963653	443135055.963653
338		443135055.963653	443135055.963653
337		443135055.963653	443135055.963653
336		443135055.963653	443135055.963653
335		443135055.963653	443135055.963653
334		443135055.963653	443135055.963653
333		443135055.963653	443135055.963653
332		443135055.963653	443135055.963653
331		443135055.963653	443135055.963653
330		443135055.963653	443135055.963653
329		443135055.963653	443135055.963653
328		443135055.963653	443135055.963653
327		443135055.963653	443135055.963653
326		443135055.963653	443135055.963653
325		443135055.963653	443135055.963653
324		443135055.963653	443135055.963653
323		443135055.963653	443135055.963653
322		443135055.963653	443135055.963653
321		443135055.963653	443135055.963653
320		443135055.963653	443135055.963653
319		443135055.963653	443135055.963653
318		443135055.963653	443135055.963653
317		443135055.963653	443135055.963653
316		443135055.963653	443135055.963653
315		443135055.963653	443135055.963653
314		443135055.963653	443135055.963653
313		443135055.963653	443135055.963653
312		443135055.963653	443135055.963653
311		443135055.963653	443135055.963653
310		443135055.963653	443135055.963653
309		443135055.963653	443135055.963653
308		443135055.963653	443135055.963653
307		443135055.963653	443135055.963653
306		443135055.963653	443135055.963653
305		443135055.963653	443135055.963653
304		443135055.963653	443135055.963653
303		443135055.963653	443135055.963653
302		443135055.963653	443135055.963653
301		443135055.963653	443135055.963653
300		443135055.963653	443135055.963653
299		443135055.963653	443135055.963653
298		443135055.963653	443135055.963653
297		443135055.963653	443135055.963653
296		443135055.963653	443135055.963653
295		443135055.963653	443135055.963653
294		443135055.963653	443135055.963653
293		443135055.963653	443135055.963653
292		443135055.963653	443135055.963653
291		443135055.963653	443135055.963653
290		443135055.963653	443135055.963653
289		443135055.963653	443135055.963653
288		443135055.963653	443135055.963653
287		443135055.963653	443135055.963653
286		443135055.963653	443135055.963653
285		443135055.963653	443135055.963653
284		443135055.963653	443135055.963653
283		443135055.963653	443135055.963653
282		443135055.963653	443135055.963653
281		443135055.963653	443135055.963653
280		443135055.963653	443135055.963653
279		443135055.963653	443135055.963653
278		443135055.963653	443135055.963653
277		443135055.963653	443135055.963653
276		443135055.963653	443135055.963653
275		443135055.963653	443135055.963653
274		443135055.963653	443135055.963653
273		443135055.963653	443135055.963653
272		443135055.963653	443135055.963653
271		443135055.963653	443135055.963653
270		443135055.963653	443135055.963653
269		443135055.963653	443135055.963653
268		443135055.963653	443135055.963653
267		443135055.963653	443135055.963653
266		443135055.963653	443135055.963653
265		443135055.963653	443135055.963653
264		443135055.963653	443135055.963653
263		443135055.963653	443135055.963653
262		443135055.963653	443135055.963653
261		443135055.963653	443135055.963653
260		443135055.963653	443135055.963653
259		443135055.963653	443135055.963653
258		443135055.963653	443135055.963653
257		443135055.963653	443135055.963653
256		443135055.963653	443135055.963653
255		443135055.963653	443135055.963653
254		443135055.963653	443135055.963653
253		443135055.963653	443135055.963653
252		443135055.963653	443135055.963653
251		443135055.963653	443135055.963653
250		443135055.963653	443135055.963653
249		443135055.963653	443135055.963653
248		443135055.963653	443135055.963653
247		443135055.963653	443135055.963653
246		443135055.963653	443135055.963653
245		443135055.963653	443135055.963653
244		443135055.963653	443135055.963653
243		443135055.963653	443135055.963653
242		443135055.963653	443135055.963653
241		443135055.963653	443135055.963653
240		443135055.963653	443135055.963653
239		443135055.963653	443135055.963653
238		443135055.963653	443135055.963653
237		443135055.963653	443135055.963653
236		443135055.963653	443135055.963653
235		443135055.963653	443135055.963653
234		443135055.963653	443135055.963653
233		443135055.963653	443135055.963653
232		443135055.963653	443135055.963653
231		443135055.963653	443135055.963653
230		443135055.963653	443135055.963653
229		443135055.963653	443135055.963653
228		443135055.963653	443135055.963653
227		443135055.963653	443135055.963653
226		443135055.963653	443135055.963653
225		443135055.963653	443135055.963653
224		443135055.963653	443135055.963653
223		443135055.963653	443135055.963653
222		443135055.963653	443135055.963653
221		443135055.963653	443135055.963653
220		443135055.963653	443135055.963653
219		443135055.963653	443135055.963653
218		443135055.963653	443135055.963653
217		443135055.963653	443135055.963653
216		443135055.963653	443135055.963653
215		443135055.963653	443135055.963653
214		443135055.963653	443135055.963653
213		443135055.963653	443135055.963653
212		443135055.963653	443135055.963653
211		443135055.963653	443135055.963653
210		443135055.963653	443135055.963653
209		443135055.963653	443135055.963653
208		443135055.963653	443135055.963653
207		443135055.963653	443135055.963653
206		443135055.963653	443135055.963653
205		443135055.963653	443135055.963653
204		443135055.963653	443135055.963653
203		443135055.963653	443135055.963653
202		443135055.963653	443135055.963653
201		443135055.963653	443135055.963653
200		443135055.963653	443135055.963653
199		443135055.963653	443135055.963653
198		443135055.963653	443135055.963653
197		443135055.963653	443135055.963653
196		443135055.963653	443135055.963653
195		443135055.963653	443135055.963653
194		443135055.963653	443135055.963653
193		443135055.963653	443135055.963653
192		443135055.963653	443135055.963653
191		443135055.963653	443135055.963653
190		443135055.963653	443135055.963653
189		443135055.963653	443135055.963653
188		443135055.963653	443135055.963653
187		443135055.963653	443135055.963653
186		443135055.963653	443135055.963653
185		443135055.963653	443135055.963653
184		443135055.963653	443135055.963653
183		443135055.963653	443135055.963653
182		443135055.963653	443135055.963653
181		443135055.963653	443135055.963653
180		443135055.963653	443135055.963653
179		443135055.963653	443135055.963653
178		443135055.963653	443135055.963653
177		443135055.963653	443135055.963653
176		443135055.963653	443135055.963653
175		443135055.963653	443135055.963653
174		443135055.963653	443135055.963653
173		443135055.963653	443135055.963653
172		443135055.963653	443135055.963653
171		443135055.963653	443135055.963653
170		443135055.963653	443135055.963653
169		443135055.963653	443135055.963653
168		443135055.963653	443135055.963653
167		443135055.963653	443135055.963653
166		443135055.963653	443135055.963653
165		443135055.963653	443135055.963653
164		443135055.963653	443135055.963653
163		443135055.963653	443135055.963653
162		443135055.963653	443135055.963653
161		443135055.963653	443135055.963653
160		443135055.963653	443135055.963653
159		443135055.963653	443135055.963653
158		443135055.963653	443135055.963653
157		443135055.963653	443135055.963653
156		443135055.963653	443135055.963653
155		443135055.963653	443135055.963653
154		443135055.963653	443135055.963653
153		443135055.963653	443135055.963653
152		443135055.963653	443135055.963653
151		443135055.963653	443135055.963653
150		443135055.963653	443135055.963653
149		443135055.963653	443135055.963653
148		443135055.963653	443135055.963653
147		443135055.963653	443135055.963653
146		443135055.963653	443135055.963653
145		443135055.963653	443135055.963653
144		443135055.963653	443135055.963653
143		443135055.963653	443135055.963653
142		443135055.963653	443135055.963653
141		443135055.963653	443135055.963653
140		443135055.963653	443135055.963653
139		443135055.963653	443135055.963653
138		443135055.963653	443135055.963653
137		443135055.963653	443135055.963653
136		443135055.963653	443135055.963653
135		443135055.963653	443135055.963653
134		443135055.963653	443135055.963653
133		443135055.963653	443135055.963653
132		443135055.963653	443135055.963653
131		443135055.963653	443135055.963653
130		443135055.963653	443135055.963653
129		443135055.963653	443135055.963653
128		443135055.963653	443135055.963653
127		443135055.963653	443135055.963653
126		443135055.963653	443135055.963653
125		443135055.963653	443135055.963653
124		443135055.963653	443135055.963653
123		443135055.963653	443135055.963653
122		443135055.963653	443135055.963653
121		443135055.963653	443135055.963653
120		443135055.963653	443135055.963653
119		443135055.963653	443135055.963653
118		443135055.963653	443135055.963653
117		443135055.963653	443135055.963653
116		443135055.963653	443135055.963653
115		443135055.963653	443135055.963653
114		443135055.963653	443135055.963653
113		443135055.963653	443135055.963653
112		443135055.963653	443135055.963653
111		443135055.963653	443135055.963653
110		443135055.963653	443135055.963653
109		443135055.963653	443135055.963653
108		443135055.963653	443135055.963653
107		443135055.963653	443135055.963653
106		443135055.963653	443135055.963653
105		443135055.963653	443135055.963653
104		443135055.963653	443135055.963653
103		443135055.963653	443135055.963653
102		443135055.963653	443135055.963653
101		443135055.963653	443135055.963653
100		443135055.963653	443135055.963653
99		443135055.963653	443135055.963653
98		443135055.963653	443135055.963653
97		443135055.963653	443135055.963653
96		443135055.963653	443135055.963653
95		443135055.963653	443135055.963653
94		443135055.963653	443135055.963653
93		443135055.963653	443135055.963653
92		443135055.963653	443135055.963653
91		443135055.963653	443135055.963653
90		443135055.963653	443135055.963653
89		443135055.963653	443135055.963653
88		443135055.963653	443135055.963653
87		443135055.963653	443135055.963653
86		443135055.963653	443135055.963653
85		443135055.963653	443135055.963653
84		443135055.963653	443135055.963653
83		443135055.963653	443135055.963653
82		443135055.963653	443135055.963653
81		443135055.963653	443135055.963653
80		443135055.963653	443135055.963653
79		443135055.963653	443135055.963653
78		443135055.963653	443135055.963653
77		443135055.963653	443135055.963653
76		443135055.963653	443135055.963653
75		443135055.963653	443135055.963653
74		443135055.963653	443135055.963653
73		443135055.963653	443135055.963653
72		443135055.963653	443135055.963653
71		443135055.963653	443135055.963653
70		443135055.963653	443135055.963653
69		443135055.963653	443135055.963653
68		443135055.963653	443135055.963653
67		443135055.963653	443135055.963653
66		443135055.963653	443135055.963653
65		443135055.963653	443135055.963653
64		443135055.963653	443135055.963653
63		443135055.963653	443135055.963653
62		443135055.963653	443135055.963653
61		443135055.963653	443135055.963653
60		443135055.963653	443135055.963653
59		443135055.963653	443135055.963653
58		443135055.963653	443135055.963653
57		443135055.963653	443135055.963653
56		443135055.963653	443135055.963653
55		443135055.963653	443135055.963653
54		443135055.963653	443135055.963653
53		443135055.963653	443135055.963653
52		443135055.963653	443135055.963653
51		443135055.963653	443135055.963653
50		443135055.963653	443135055.963653
49		443135055.963653	443135055.963653
48		443135055.963653	443135055.963653
47		443135055.963653	443135055.963653
46		443135055.963653	443135055.963653
45		443135055.963653	443135055.963653
44		443135055.963653	443135055.963653
43		443135055.963653	443135055.963653
42		443135055.963653	443135055.963653
41		443135055.963653	443135055.963653
40		443135055.963653	443135055.963653
39		443135055.963653	443135055.963653
38		443135055.963653	443135055.963653
37		443135055.963653	443135055.963653
36		443135055.963653	443135055.963653
35		443135055.963653	443135055.963653
34		443135055.963653	443135055.963653
33		443135055.963653	443135055.963653
32		443135055.963653	443135055.963653
31		443135055.963653	443135055.963653
30		443135055.963653	443135055.963653
29		443135055.963653	443135055.963653
28		443135055.963653	443135055.963653
27		443135055.963653	443135055.963653
26		443135055.963653	443135055.963653
25		443135055.963653	443135055.963653
24		443135055.963653	443135055.963653
23		443135055.963653	443135055.963653
22		443135055.963653	443135055.963653
21		443135055.963653	443135055.963653
20		443135055.963653	443135055.963653
19		443135055.963653	443135055.963653
18		443135055.963653	443135055.963653
17		443135055.963653	443135055.963653
16		443135055.963653	443135055.963653
15		443135055.963653	443135055.963653
14		443135055.963653	443135055.963653
13		443135055.963653	443135055.963653
12		443135055.963653	443135055.963653
11		443135055.963653	443135055.963653
10		443135055.963653	443135055.963653
9		443135055.963653	443135055.963653
8		443135055.963653	443135055.963653
7		443135055.963653	443135055.963653
6		443135055.963653	443135055.963653
5		443135055.963653	443135055.963653
4		443135055.963653	443135055.963653
3		443135055.963653	443135055.963653
2		443135055.963653	443135055.963653
1		443135055.963653	443135055.963653
350	26	482352400.847284	482352625.666037
351	23	482949332.879627	482949442.357104
352	21	483926493.539967	483926542.545407
353	23	484861444.633564	484861508.209625
354		485975032.373503	485975063.913139
355	18	485975065.348719	485987283.200233
356		486614382.126030	486614382.126030
357	20	487178834.868703	487178994.883652
358	18	487785925.709504	487785987.352574
359	19	488383341.510170	488383498.957817
360	25	488989899.955268	488990025.856135
361	22	519832500.748377	519832566.647244
362	23	520517621.404144	520517677.026566
363	18	521445788.348760	521445898.229328
364		522797674.957417	522797738.044213
365	24	522797738.090188	522797776.715079
366	22	523341139.922061	523341187.475135
368	23	524810196.582014	524810267.772753
369	20	525794938.642577	525794967.384325
370	23	526832183.211501	526832250.563668
371	19	538761174.109873	538761224.853685
372	19	539537347.524761	539538601.079682
367		540139170.716610	540139170.716610
373	23	540139425.049888	540139528.704140
374		541436261.394064	541436296.961166
375	20	541436297.644901	541436369.808483
376		542300537.275726	542301118.271131
377	22	542301118.903837	542301236.320077
378		544194383.744093	544195582.280148
379		544195582.612722	544195612.220473
380	19	544195612.744375	544195663.934334
381	20	559149372.774577	559149698.789917
383	19	560441646.369806	560447029.109047
386	20	562777835.864247	562777860.296614
387		563898693.875009	563898693.875009
385		563898693.875009	563898693.875009
384		563898693.875009	563898693.875009
382		563898693.875009	563898693.875009
388	20	564376762.375460	564376855.878716
389		565026102.115389	565026143.475783
390	19	565026143.888511	565026198.144089
