1	555566113.494457
z03mangahere	Saike Mata Shite mo	74	555566038.007625	L	http://www.mangahere.cc/manga/saike_mata_shite_mo/	555566038.007625
1		459407682.129567	459407838.509053
2		459407839.837483	459407958.600268
3		459407959.609853	459408073.741573
4		459408075.013377	459408155.098091
5		459408156.454004	459408309.675987
6		459408310.496503	459408410.650061
7	20	459408411.918437	459408498.078642
8	20	459411497.906721	459411580.380680
9	20	459473720.546109	459473829.192775
10		459604118.251461	459604118.251461
11		459665624.531267	459665696.646914
12	20	459665698.158093	459665792.668738
13	19	459785498.405778	459785579.864001
14	30	459839297.970421	459839526.791036
15		464529066.396197	464529066.396197
16	20	466487682.888799	466487800.107028
17	20	470242476.195545	470242588.538030
18	20	470638678.767251	470638896.931237
19	20	471416845.511845	471416915.703683
20	18	471966153.816974	471966239.076999
21		472027736.860985	472027806.456069
22	19	472027807.337281	472027878.989132
22.5	31	474299572.342122	474299778.371260
23	25	477672450.027261	477672588.903713
24		477809171.601229	477809171.601229
25	20	477809175.061768	477809297.678031
26	19	477856208.592388	477856423.779267
27		477976396.186793	477976396.186793
28	20	478053647.676951	478053734.537008
29	18	478156192.244655	478156263.731431
30	17	478219138.238367	478219193.838422
31		478359500.221233	478359634.955327
32	22	478359636.858957	478359809.505880
33	21	490753803.140605	490753898.188372
34		491979369.780075	491979369.780075
35	20	492242978.162351	492243085.138797
36	20	492324954.686932	492325067.583005
37	19	492363366.355665	492363488.427150
38	20	492376167.381436	492376264.392929
39	18	492393136.868629	492393256.623917
40		492501878.989406	492501983.875456
41		492501985.027431	492502071.897545
42	20	492502073.195213	492502205.029806
43	23	499554249.598627	499554329.120928
44	19	500598818.804056	500598931.804120
45	18	501175907.040215	501176019.943415
46	18	510240120.765062	510240217.985664
47	17	513089641.741379	513091814.120244
48	22	519690794.577663	519690886.278710
49	21	529590091.183433	529590154.563346
50	19	530163160.360879	530163260.038290
51	20	531029196.702831	531029293.036048
52		531929185.957400	531929310.089464
53	28	531929311.245199	531929457.206772
54		533200005.398939	533200103.092483
55	19	533200104.283362	533200188.342934
56	20	533828033.197344	533828357.693740
57	19	534340680.108963	534340758.689377
58	20	534955196.307994	534955251.587407
59	23	535995390.526357	535995491.217476
60	22	537375813.113123	537375875.632595
61	19	538719432.070300	538719543.725463
62	27	540514101.141284	540514225.886598
63	22	541116244.054186	541116330.902757
64	18	544711937.412822	544712143.303487
65	19	545581384.328069	545581463.350781
66	19	548600787.016366	548601596.113382
67	21	549848358.465915	549848439.479154
68		551995875.874978	551995877.669228
69	19	551995879.441703	551995958.083495
71	24	552544129.000998	552544251.960417
73	25	554403807.225545	554403913.478552
74	21	555566038.007625	555566111.885107
