1	555527314.193976
z03mangahere	Ao no Flag	32	554655398.379976	L	http://www.mangahere.cc/manga/ao_no_flag/	554655398.379976
1		519327474.588906	519327855.468228
2	41	519327856.147309	519328056.443165
3	30	519980791.757867	519980962.641154
4	32	520527325.885776	520531426.443934
5	38	521346104.673184	521346251.089779
5.5	15	522091518.426374	522091588.201629
6	26	522735443.795944	522735578.331542
7	30	523240271.247189	523240394.661504
8	26	523606289.113073	523606420.797081
9	38	524148528.277637	524148763.438040
11	30	525364020.890391	525387263.545498
12	36	525968197.271555	525968570.173647
10	26	526305825.936587	526305910.851670
16.5	1	528007609.650315	528007614.323184
13		526565796.216974	526565926.891784
14		527515389.816159	527515495.281381
15		528007424.503642	528007609.075980
12.5	18	528468651.121761	528468722.071150
16	26	528468724.165966	528468817.314360
17	32	528991175.052678	528991326.450498
18		530159990.915218	530160001.150800
19	25	530160001.667129	530160148.939259
20.5	1	531667393.175170	531667395.943988
20		531667173.571934	531667392.499468
19.5	19	534952683.307933	534952744.572452
22	34	536132531.563618	536132536.237880
21	28	535390010.078052	535390197.310094
23	26	536773345.285249	536773503.477306
24	26	538320012.276920	538320139.070215
25	26	539702702.537952	539702937.920469
26	31	542036474.163193	542036723.079445
27	28	542923715.104597	542923854.476835
28	20	544394325.670733	544394409.633607
29	26	547374646.842652	547374787.732711
29.5	6	547823862.020770	547823890.374169
30	26	550187021.952002	550187220.581658
31	26	550986587.028710	550990275.365061
32	36	554655398.379976	554655650.835423
