1	559761966.511926
z03mangahere	Air Gear	358	472887649.773041	L	http://www.mangahere.cc/manga/air_gear/	472887649.773041
357		394692246.261067	394692246.261067
356		394692246.261067	394692246.261067
355		394692246.261067	394692246.261067
354		394692246.261067	394692246.261067
353		394692246.261067	394692246.261067
352		394692246.261067	394692246.261067
351		394692246.261067	394692246.261067
350		394692246.261067	394692246.261067
349		394692246.261067	394692246.261067
348		394692246.261067	394692246.261067
347		394692246.261067	394692246.261067
346		394692246.261067	394692246.261067
345		394692246.261067	394692246.261067
344		394692246.261067	394692246.261067
343		394692246.261067	394692246.261067
342		394692246.261067	394692246.261067
341		394692246.261067	394692246.261067
340		394692246.261067	394692246.261067
339		394692246.261067	394692246.261067
338		394692246.261067	394692246.261067
337		394692246.261067	394692246.261067
336		394692246.261067	394692246.261067
335		394692246.261067	394692246.261067
334		394692246.261067	394692246.261067
333		394692246.261067	394692246.261067
332		394692246.261067	394692246.261067
331		394692246.261067	394692246.261067
330		394692246.261067	394692246.261067
329		394692246.261067	394692246.261067
328		394692246.261067	394692246.261067
327		394692246.261067	394692246.261067
326		394692246.261067	394692246.261067
325		394692246.261067	394692246.261067
324		394692246.261067	394692246.261067
323		394692246.261067	394692246.261067
322		394692246.261067	394692246.261067
321		394692246.261067	394692246.261067
320		394692246.261067	394692246.261067
319		394692246.261067	394692246.261067
318		394692246.261067	394692246.261067
317		394692246.261067	394692246.261067
316		394692246.261067	394692246.261067
315		394692246.261067	394692246.261067
314		394692246.261067	394692246.261067
313		394692246.261067	394692246.261067
312		394692246.261067	394692246.261067
311		394692246.261067	394692246.261067
310		394692246.261067	394692246.261067
309		394692246.261067	394692246.261067
308		394692246.261067	394692246.261067
307		394692246.261067	394692246.261067
306		394692246.261067	394692246.261067
305		394692246.261067	394692246.261067
304		394692246.261067	394692246.261067
303		394692246.261067	394692246.261067
302		394692246.261067	394692246.261067
301		394692246.261067	394692246.261067
300		394692246.261067	394692246.261067
299		394692246.261067	394692246.261067
298		394692246.261067	394692246.261067
297		394692246.261067	394692246.261067
296		394692246.261067	394692246.261067
295		394692246.261067	394692246.261067
294		394692246.261067	394692246.261067
293		394692246.261067	394692246.261067
292		394692246.261067	394692246.261067
291		394692246.261067	394692246.261067
290		394692246.261067	394692246.261067
289		394692246.261067	394692246.261067
288		394692246.261067	394692246.261067
287		394692246.261067	394692246.261067
286		394692246.261067	394692246.261067
285		394692246.261067	394692246.261067
284		394692246.261067	394692246.261067
283		394692246.261067	394692246.261067
282		394692246.261067	394692246.261067
281		394692246.261067	394692246.261067
280		394692246.261067	394692246.261067
279		394692246.261067	394692246.261067
278		394692246.261067	394692246.261067
277		394692246.261067	394692246.261067
276		394692246.261067	394692246.261067
275		394692246.261067	394692246.261067
274		394692246.261067	394692246.261067
273		394692246.261067	394692246.261067
272		394692246.261067	394692246.261067
271		394692246.261067	394692246.261067
270		394692246.261067	394692246.261067
269		394692246.261067	394692246.261067
268		394692246.261067	394692246.261067
267		394692246.261067	394692246.261067
266		394692246.261067	394692246.261067
265		394692246.261067	394692246.261067
264		394692246.261067	394692246.261067
263		394692246.261067	394692246.261067
262		394692246.261067	394692246.261067
261		394692246.261067	394692246.261067
260		394692246.261067	394692246.261067
259		394692246.261067	394692246.261067
258		394692246.261067	394692246.261067
257		394692246.261067	394692246.261067
256		394692246.261067	394692246.261067
255		394692246.261067	394692246.261067
254		394692246.261067	394692246.261067
253		394692246.261067	394692246.261067
252		394692246.261067	394692246.261067
251		394692246.261067	394692246.261067
250		394692246.261067	394692246.261067
249		394692246.261067	394692246.261067
248		394692246.261067	394692246.261067
247		394692246.261067	394692246.261067
246		394692246.261067	394692246.261067
245		394692246.261067	394692246.261067
244		394692246.261067	394692246.261067
243		394692246.261067	394692246.261067
242		394692246.261067	394692246.261067
241		394692246.261067	394692246.261067
240		394692246.261067	394692246.261067
239		394692246.261067	394692246.261067
238		394692246.261067	394692246.261067
237		394692246.261067	394692246.261067
236		394692246.261067	394692246.261067
235		394692246.261067	394692246.261067
234		394692246.261067	394692246.261067
233		394692246.261067	394692246.261067
232		394692246.261067	394692246.261067
231		394692246.261067	394692246.261067
230		394692246.261067	394692246.261067
229		394692246.261067	394692246.261067
228		394692246.261067	394692246.261067
227		394692246.261067	394692246.261067
226		394692246.261067	394692246.261067
225		394692246.261067	394692246.261067
224		394692246.261067	394692246.261067
223		394692246.261067	394692246.261067
222		394692246.261067	394692246.261067
221		394692246.261067	394692246.261067
220		394692246.261067	394692246.261067
219		394692246.261067	394692246.261067
218		394692246.261067	394692246.261067
217		394692246.261067	394692246.261067
216		394692246.261067	394692246.261067
215		394692246.261067	394692246.261067
214		394692246.261067	394692246.261067
213		394692246.261067	394692246.261067
212		394692246.261067	394692246.261067
211		394692246.261067	394692246.261067
210		394692246.261067	394692246.261067
209		394692246.261067	394692246.261067
208		394692246.261067	394692246.261067
207		394692246.261067	394692246.261067
206		394692246.261067	394692246.261067
205		394692246.261067	394692246.261067
204		394692246.261067	394692246.261067
203		394692246.261067	394692246.261067
202		394692246.261067	394692246.261067
201		394692246.261067	394692246.261067
200		394692246.261067	394692246.261067
199		394692246.261067	394692246.261067
198		394692246.261067	394692246.261067
197		394692246.261067	394692246.261067
196		394692246.261067	394692246.261067
195		394692246.261067	394692246.261067
194		394692246.261067	394692246.261067
193		394692246.261067	394692246.261067
192		394692246.261067	394692246.261067
191		394692246.261067	394692246.261067
190		394692246.261067	394692246.261067
189		394692246.261067	394692246.261067
188		394692246.261067	394692246.261067
187		394692246.261067	394692246.261067
186		394692246.261067	394692246.261067
185		394692246.261067	394692246.261067
184		394692246.261067	394692246.261067
183		394692246.261067	394692246.261067
182		394692246.261067	394692246.261067
181		394692246.261067	394692246.261067
180		394692246.261067	394692246.261067
179		394692246.261067	394692246.261067
178		394692246.261067	394692246.261067
177		394692246.261067	394692246.261067
176		394692246.261067	394692246.261067
175		394692246.261067	394692246.261067
174		394692246.261067	394692246.261067
173		394692246.261067	394692246.261067
172		394692246.261067	394692246.261067
171		394692246.261067	394692246.261067
170		394692246.261067	394692246.261067
169		394692246.261067	394692246.261067
168		394692246.261067	394692246.261067
167		394692246.261067	394692246.261067
166		394692246.261067	394692246.261067
165		394692246.261067	394692246.261067
164		394692246.261067	394692246.261067
163		394692246.261067	394692246.261067
162		394692246.261067	394692246.261067
161		394692246.261067	394692246.261067
160		394692246.261067	394692246.261067
159		394692246.261067	394692246.261067
158		394692246.261067	394692246.261067
157		394692246.261067	394692246.261067
156		394692246.261067	394692246.261067
155		394692246.261067	394692246.261067
154		394692246.261067	394692246.261067
153		394692246.261067	394692246.261067
152		394692246.261067	394692246.261067
151		394692246.261067	394692246.261067
150		394692246.261067	394692246.261067
149		394692246.261067	394692246.261067
148		394692246.261067	394692246.261067
147		394692246.261067	394692246.261067
146		394692246.261067	394692246.261067
145		394692246.261067	394692246.261067
144		394692246.261067	394692246.261067
143		394692246.261067	394692246.261067
142		394692246.261067	394692246.261067
141		394692246.261067	394692246.261067
140		394692246.261067	394692246.261067
139		394692246.261067	394692246.261067
138		394692246.261067	394692246.261067
137		394692246.261067	394692246.261067
136		394692246.261067	394692246.261067
135		394692246.261067	394692246.261067
134		394692246.261067	394692246.261067
133		394692246.261067	394692246.261067
132		394692246.261067	394692246.261067
131		394692246.261067	394692246.261067
130		394692246.261067	394692246.261067
129		394692246.261067	394692246.261067
128		394692246.261067	394692246.261067
127		394692246.261067	394692246.261067
126		394692246.261067	394692246.261067
125		394692246.261067	394692246.261067
124		394692246.261067	394692246.261067
123		394692246.261067	394692246.261067
122		394692246.261067	394692246.261067
121		394692246.261067	394692246.261067
120		394692246.261067	394692246.261067
119		394692246.261067	394692246.261067
118		394692246.261067	394692246.261067
117		394692246.261067	394692246.261067
116		394692246.261067	394692246.261067
115		394692246.261067	394692246.261067
114		394692246.261067	394692246.261067
113		394692246.261067	394692246.261067
112		394692246.261067	394692246.261067
111		394692246.261067	394692246.261067
110		394692246.261067	394692246.261067
109		394692246.261067	394692246.261067
108		394692246.261067	394692246.261067
107		394692246.261067	394692246.261067
106		394692246.261067	394692246.261067
105		394692246.261067	394692246.261067
104		394692246.261067	394692246.261067
103		394692246.261067	394692246.261067
102		394692246.261067	394692246.261067
101		394692246.261067	394692246.261067
100		394692246.261067	394692246.261067
99		394692246.261067	394692246.261067
98		394692246.261067	394692246.261067
97		394692246.261067	394692246.261067
96		394692246.261067	394692246.261067
95		394692246.261067	394692246.261067
94		394692246.261067	394692246.261067
93		394692246.261067	394692246.261067
92		394692246.261067	394692246.261067
91		394692246.261067	394692246.261067
90		394692246.261067	394692246.261067
89		394692246.261067	394692246.261067
88		394692246.261067	394692246.261067
87		394692246.261067	394692246.261067
86		394692246.261067	394692246.261067
85		394692246.261067	394692246.261067
84		394692246.261067	394692246.261067
83		394692246.261067	394692246.261067
82		394692246.261067	394692246.261067
81		394692246.261067	394692246.261067
80		394692246.261067	394692246.261067
79		394692246.261067	394692246.261067
78		394692246.261067	394692246.261067
77		394692246.261067	394692246.261067
76		394692246.261067	394692246.261067
75		394692246.261067	394692246.261067
74		394692246.261067	394692246.261067
73		394692246.261067	394692246.261067
72		394692246.261067	394692246.261067
71		394692246.261067	394692246.261067
70		394692246.261067	394692246.261067
69		394692246.261067	394692246.261067
68		394692246.261067	394692246.261067
67		394692246.261067	394692246.261067
66		394692246.261067	394692246.261067
65		394692246.261067	394692246.261067
64		394692246.261067	394692246.261067
63		394692246.261067	394692246.261067
62		394692246.261067	394692246.261067
61		394692246.261067	394692246.261067
60		394692246.261067	394692246.261067
59		394692246.261067	394692246.261067
58		394692246.261067	394692246.261067
57		394692246.261067	394692246.261067
56		394692246.261067	394692246.261067
55		394692246.261067	394692246.261067
54		394692246.261067	394692246.261067
53		394692246.261067	394692246.261067
52		394692246.261067	394692246.261067
51		394692246.261067	394692246.261067
50		394692246.261067	394692246.261067
49		394692246.261067	394692246.261067
48		394692246.261067	394692246.261067
47		394692246.261067	394692246.261067
46		394692246.261067	394692246.261067
45		394692246.261067	394692246.261067
44		394692246.261067	394692246.261067
43		394692246.261067	394692246.261067
42		394692246.261067	394692246.261067
41		394692246.261067	394692246.261067
40		394692246.261067	394692246.261067
39		394692246.261067	394692246.261067
38		394692246.261067	394692246.261067
37		394692246.261067	394692246.261067
36		394692246.261067	394692246.261067
35		394692246.261067	394692246.261067
34		394692246.261067	394692246.261067
33		394692246.261067	394692246.261067
32		394692246.261067	394692246.261067
31		394692246.261067	394692246.261067
30		394692246.261067	394692246.261067
29		394692246.261067	394692246.261067
28		394692246.261067	394692246.261067
27		394692246.261067	394692246.261067
26		394692246.261067	394692246.261067
25		394692246.261067	394692246.261067
24		394692246.261067	394692246.261067
23		394692246.261067	394692246.261067
22		394692246.261067	394692246.261067
21		394692246.261067	394692246.261067
20		394692246.261067	394692246.261067
19		394692246.261067	394692246.261067
18		394692246.261067	394692246.261067
17		394692246.261067	394692246.261067
16		394692246.261067	394692246.261067
15		394692246.261067	394692246.261067
14		394692246.261067	394692246.261067
13		394692246.261067	394692246.261067
12		394692246.261067	394692246.261067
11		394692246.261067	394692246.261067
10		394692246.261067	394692246.261067
9		394692246.261067	394692246.261067
8		394692246.261067	394692246.261067
7		394692246.261067	394692246.261067
6		394692246.261067	394692246.261067
5		394692246.261067	394692246.261067
4		394692246.261067	394692246.261067
3		394692246.261067	394692246.261067
2		394692246.261067	394692246.261067
1		394692246.261067	394692246.261067
358	26	472887649.773041	472887753.831425
