1	556737560.885075
z03mangahere	Magical Patissier Kosaki-chan	30	552838067.486273	L	http://www.mangahere.cc/manga/magical_patissier_kosaki_chan/	552838067.486273
3		448506717.044243	448506717.044243
2		448506717.293993	448506717.293993
1		448506717.627467	448506717.627467
4	16	449410660.640211	449410741.401658
5		455808884.306499	455808951.548230
6		455808952.396603	455809027.836838
7		455809028.794246	455809093.925687
8	15	455809094.947344	455809165.765004
8.5		456237977.048612	456238003.135845
9	17	456238004.112441	456238113.722954
10	17	467812771.371211	467812881.248050
30	16	552838067.486273	552838092.487863
12		483407168.559625	483407295.154225
11	14	483425978.230611	483426058.899246
13	16	484148812.639812	484148907.811523
14		487695125.440587	487695199.834266
15		487695200.323815	487695292.740408
16	16	487695296.563355	487695348.659638
17	18	488925596.943960	488925698.440470
18	16	508655685.242396	508655758.081502
19	17	510526757.226125	510526843.997680
20		552026905.123771	552026983.817089
21		552026984.491697	552027044.734950
22		552027045.095102	552029435.417192
23		552029441.001910	552029476.833371
24	16	552029477.462945	552029527.496209
25		552834946.663117	552838067.091856
27		553530385.772791	553530385.772791
26		553530386.222860	553530386.222860
29		555879340.386084	555879340.386084
28		555879340.386084	555879340.386084
