1	556659769.413219
z03mangahere	Yuragi-sou no Yuuna-san	121	554658763.028396	L	http://www.mangahere.cc/manga/yuragi_sou_no_yuuna_san/	554658763.028396
1		513004861.944374	513005130.213180
2		513005130.812370	513005279.033630
3		513005279.648003	513005392.273176
4		513005392.657527	513005462.460290
5		513005463.119813	513005702.350064
6		513005702.857338	513006022.208068
7		513006022.795285	513006157.167029
8		513006157.841962	513006262.940239
9		513006263.563714	513006384.897283
10		513006385.557171	513006515.872418
11		513006516.528204	513006627.463338
12		513006628.105253	513006706.435299
13		513006707.061042	513006774.290451
14		513006775.046152	513006835.527656
15		513006836.159649	513006909.612064
16		513006909.935037	513006983.453728
17		513006983.989071	513007279.844101
18		513007433.660679	513007560.229147
19		513007560.815331	513007717.388482
20		513007718.087229	513007786.291341
21		513007786.827604	513007877.383111
22		513007878.085520	513007990.356242
23		513007991.085286	513008078.245659
23.5		513008078.888184	513008114.195368
24		513008114.705983	513008216.889229
25		513008341.297969	513008403.077860
26		513008403.485948	513008978.527833
27		513009809.025572	513009813.343537
28		513009813.671054	513010058.130970
29		513010058.697349	513010168.620225
30		513010169.165770	513010243.042605
31		513010243.679275	513010410.035272
32		513010410.576120	513010596.605102
33		513010597.182552	513010734.148159
34		513010734.782136	513010830.587386
35		513010831.184026	513010902.374504
36		513010903.030627	513011115.580276
37		513011116.219610	513011209.037676
38		513011209.691162	513011323.911714
39		513011324.475717	513011401.566210
40		513011402.204915	513011464.770458
41		513011465.398690	513011559.656911
42		513011559.983437	513011624.299718
43		513012836.203335	513012994.286030
44		513012994.657262	513013063.601723
45		513013064.314367	513013141.154089
46		513013141.499102	513013182.659715
47		513013183.327065	513013281.082904
48		513013281.730729	513013341.919724
49		513013342.538678	513013383.789003
50		513013384.435148	513013466.378344
51		513013466.749517	513013543.383294
52		513013544.007070	513013624.755412
53		513013625.356183	513013684.708800
54		513013685.349273	513013741.575604
55		513013741.954011	513014197.542270
56		513014198.101536	513014246.895581
57	20	513014247.815663	513014259.254720
58	19	513519679.779522	513519919.414505
59	18	514124842.126560	514125066.868551
60	20	514815472.541933	514815716.125722
61	18	515991798.151979	515991930.504528
62	19	516602296.044195	516602465.732604
63	23	517185366.232448	517185550.555491
64	19	517762110.682571	517762221.406040
65	18	518416593.870131	518416684.038159
66	21	518968994.644707	518969456.818264
67	19	519660355.869107	519660511.845860
68		520968845.554156	520968848.519271
69	22	520968848.540500	520968997.722244
70	18	521515078.538846	521515238.583529
71	18	521914563.039390	521914670.433966
72	19	522846373.368839	522846500.255454
73	19	523282612.700838	523283086.372936
74	19	523955063.544935	523955305.288105
75	19	525061482.432419	525061592.733440
76	21	525700579.420353	525700716.898733
77	19	526277119.065227	526277597.072866
78	18	526877051.341625	526877205.211653
79	19	527401048.835040	527401163.761748
80	19	528155276.855821	528155372.806708
81		529330721.118677	529330863.161890
82	19	529330864.068252	529330973.504850
83	19	529898857.103394	529898995.254020
84	18	530507485.133360	530507581.411764
85	19	531154252.050106	531154422.423909
86	19	531717775.786648	531717919.767124
87	20	532358367.439065	532358775.302978
88	18	532928432.313190	532928797.415375
90		535968034.100104	535968035.243496
89		534430960.720664	534431051.348275
89.5	8	534431051.935471	534431078.049445
92	1	535995599.672007	535995601.554590
91		535995498.675536	535995598.950980
92.5		536391839.744423	536391891.646023
93.5	1	536826141.722971	536826143.493709
93		536825730.950766	536826141.382971
95	18	538351450.255127	538351620.925428
94	19	538493759.138888	538493871.296433
96	19	538951290.322557	538952163.534512
97	19	539664916.998018	539665120.202042
98	19	540013792.490973	540013933.628035
99	19	540760468.628159	540760657.188574
100	19	541370095.941323	541370225.036639
101	19	541976402.462356	541976531.074720
102	19	542572255.785635	542572366.716594
103	19	543174788.823673	543174956.939404
104	18	543784467.506936	543784628.713890
105	19	544394132.677489	544394317.634377
106	19	545005162.562719	545005318.052160
107	19	545681661.337238	545681760.182085
108	18	546203937.159850	546204109.408715
109	19	547043765.937516	547043911.467892
110	21	548082149.459803	548082313.818825
111	19	548689306.154251	548689481.404925
112.5	2	549135387.119099	549135421.142567
112	21	549221164.840088	549221311.480426
113	19	549897058.846761	549897210.200313
114	19	550450082.913832	550450248.316516
115	18	551053871.693999	551053980.713992
116	19	551620072.130670	551620215.954775
117	19	552246962.884793	552247141.412324
118	21	552853040.318131	552853537.524781
119	19	553286180.225767	553286437.212903
120	19	554059293.542316	554059477.706416
121	18	554658763.028396	554658840.769173
