1	558311949.144712
z03mangahere	Sekitou Elergy	64	552416888.087502	L	http://www.mangahere.cc/manga/sekitou_elergy/	552416888.087502
1		513868394.710178	513868539.889780
2		513868540.387474	513868660.831376
3		513868661.436028	513868790.963038
4		513868792.334857	513868920.938315
5		513868921.673045	513869029.461457
6		513869030.171329	513869119.250862
7		513869120.504904	513869189.755513
8		513869190.482579	513869285.112659
9		513869285.819408	513869345.565732
10		513869346.210093	513869424.420844
11		513869425.074735	513869571.811027
12		513869572.222790	513870064.840797
13		513870135.796734	513870213.497882
14		513870214.029680	513870344.410140
15		513870344.933258	513870473.867332
16		513870474.534682	513870552.244351
17		513870552.954546	513870617.311354
18		513870617.694707	513870711.335804
19		513870711.889257	513870855.113459
20		513870855.824547	513870982.038876
21		513870982.759969	513871061.010139
22		513871061.861927	513871161.433318
23		513871162.617988	513871256.525854
24		513871257.270735	513871328.379820
25		513871329.102804	513871388.366910
26		513871389.075507	513871463.672026
27		513871464.316715	513871566.772481
28		513871567.403207	513871611.642150
29		513871612.371605	513871684.147759
30		513871684.981693	513871752.418756
31		513871753.138428	513871822.389832
32		513871822.984799	513871904.128678
33		513871940.067788	513872033.269905
34		513872034.111532	513872095.774558
35		513872096.434703	513875228.280577
36		513875228.669500	513875305.926207
37		513875306.492183	513875385.907870
38		513875386.301876	513875441.077562
39		513875441.660962	513875503.080948
40		513875503.729329	513875823.406031
41		513875823.810899	513875947.399757
42		513875948.113812	513876010.905715
43		513876011.620844	513876118.406970
44		513876118.939003	513876183.449229
45		513876184.181874	513876314.506392
46		513876315.224516	513876471.567419
47		513876472.129116	513876544.438806
48		513876545.028450	513876605.876579
49		513876606.480946	513876676.247120
50		513876676.960109	513876821.393076
51	18	513876822.051678	513876960.034515
52	20	514125090.643178	514125191.990454
53	18	514473450.078832	514473625.984830
54	21	514732075.794436	514732220.116105
55	19	515078429.335244	515078666.716360
56	23	515507500.007122	515509845.853703
57	20	515683949.402573	515684051.485472
58	18	515970852.650292	515970965.470254
59	18	541302332.256749	541302449.623597
60	19	541831762.796504	541834599.977376
61	19	542883932.209112	542884056.168920
62	18	544538379.591627	544538499.990113
63	20	546529111.333065	546529228.365746
64	21	552416888.087502	552416957.032438
