1	555526783.690663
z03mangahere	A Bitch and a Punk	11	544109215.638568	B	http://www.mangahere.cc/manga/a_bitch_and_a_punk/	544109215.638568
1		527451022.718855	527451262.688413
2		527451263.512867	527451474.252506
3		527451474.901906	527451990.702879
4		527451991.407533	527452158.197268
5		527452158.930246	527452616.377871
6	40	527452617.086609	527452837.205919
8	45	536118106.278416	536118213.576735
7		543441765.818983	543441765.818983
9	44	543441769.682839	543441889.806778
10		544109017.098582	544109215.046575
11	42	544109215.638568	544109384.123341
