1	548045173.871207
z03mangahere	Tokage no Ou	15	429081858.058421	L	http://www.mangahere.cc/manga/tokage_no_ou/	429081858.058421
1		429077927.496759	429078105.326683
2		429078669.083195	429078671.263067
3		429078674.737323	429078816.502882
4		429080251.980931	429080386.002803
5		429080386.872017	429080543.149255
6	1	429080544.773439	429080547.233022
7		429080638.644628	429081284.145869
8		429081284.482305	429081414.306497
9		429081415.995406	429081476.661787
10		429081478.356706	429081567.369294
11		429081567.804476	429081680.078910
12		429081681.830312	429081737.834128
13		429081739.068169	429081792.822432
14		429081794.466472	429081856.543864
15	19	429081858.058421	429081943.742529
