1	544547835.713466
z03mangahere	Mizutama Honey Boy	14	488237682.256492	L	http://www.mangahere.cc/manga/mizutama_honey_boy/	488237682.256492
1		453859596.494289	453859596.494289
0		453859596.777542	453859596.777542
2	30	454396097.575870	454396253.820293
3	32	454889486.081654	454889666.040167
4	38	455583851.877351	455584015.679459
5	35	456559434.295923	456559682.028760
6	30	456849007.936476	456849197.242910
7	30	457107806.360480	457108010.435647
7.5	32	458051658.491982	458051846.773699
7.6	33	458194252.904369	458194452.622825
7.7	33	458456494.192591	458456665.778481
8	45	466148215.661669	466148440.314983
9	32	466356559.369828	466356740.891908
10	30	466529835.352087	466529940.045605
11		467096250.467232	467096661.357542
12	29	467096663.128298	467096770.094060
12.1		487659179.754707	487659259.729336
13	35	487659260.805638	487659345.357490
14	33	488237682.256492	488237858.266378
