1	529515800.122339
z03mangahere	Yokohama Kaidashi Kikou	VOL14 7	529515765.087162	L	http://www.mangahere.co/manga/yokohama_kaidashi_kikou/	529515765.087162
1		527714635.563533	527714885.965816
2		527714886.638641	527715051.818749
3		527715052.464046	527721169.774489
4		527783944.547102	527784275.771569
5		527784435.888306	527784637.612964
6		527784638.253296	527784689.232150
7		527784689.914142	527784734.037076
VOL2 1		527784734.632840	527785008.124093
VOL2 2		527785008.736344	527785572.477243
VOL2 3		527785572.849934	527786007.338906
VOL2 4		527786008.039527	527786923.301593
VOL2 5		527786923.646268	527787150.284042
VOL2 6		527787150.940939	527787317.121775
VOL2 7		527787317.741030	527787344.954173
8		527787345.331503	527787411.758407
VOL3 1		527787412.361016	527787723.125453
VOL3 2		527787723.853985	527787753.227220
VOL3 3		527787753.607144	527787866.101336
VOL3 4		527787866.745608	527787923.588416
VOL3 5		527787924.261988	527787977.993664
VOL3 6		527788193.494878	527788436.071950
VOL3 7		527788436.679004	527788513.227395
VOL3 8		527788513.886199	527788618.833794
VOL4 1		528040686.217214	528040689.093699
VOL4 2		528219432.705401	528219491.240332
VOL4 3		528219492.657059	528219579.844152
VOL4 4		528219581.174476	528219598.675467
VOL4 5		528219599.319615	528219674.282837
VOL4 6		528219674.939036	528220045.746051
VOL4 7		528220046.437680	528220137.530102
VOL4 8		528220139.526839	528220376.837872
VOL5 1		528220377.345230	528220453.816568
VOL5 2		528220489.351632	528220527.984437
VOL5 3		528220528.531267	528220562.856919
VOL5 4		528220563.480708	528220596.658029
VOL5 5		528646827.112169	528646853.672034
VOL5 6		528646854.035611	528646887.090050
VOL5 7		528646887.719688	528651311.003830
VOL5 8	16	528651311.659984	528651549.278588
9		528651584.474255	528651622.197533
10		528651622.593745	528651705.598869
VOL6 1		528651706.205233	528651849.557751
VOL6 2		528651850.069014	528651950.276571
VOL6 3		528651964.978600	528652187.726934
VOL6 4		528652188.084482	528652709.359327
VOL6 5		528652709.729722	528652818.507067
VOL6 6		528652819.204460	528652900.742955
VOL6 7		528652901.327378	528652980.722888
VOL6 8		528652981.265357	528653051.201503
VOL6 9		528653051.556097	528653089.902333
VOL6 10		528653090.614142	528653186.452160
11		528653187.078859	528653256.937826
12		528653257.512364	528653365.230478
VOL7 1		528653365.824241	528653392.068275
VOL7 2		528735722.536670	528735842.685331
VOL7 3		528735843.086568	528736104.240312
VOL7 4		528736104.958771	528736759.873014
VOL7 5		528736760.218907	528737205.346999
VOL7 6		528737205.941494	528737755.276974
VOL7 7		528737755.659781	528737768.443044
VOL7 8		528737768.843343	528738024.816994
VOL7 9		528738025.370456	528738163.690700
VOL7 10		528738164.074885	528738300.937127
VOL7 11		528738301.281462	528738416.076750
VOL8 1		528820827.020516	528821122.227267
VOL8 2		528821122.610317	528821946.545855
VOL8 3		528821946.901874	528821980.005355
VOL8 4		528821980.374105	528822816.093079
VOL8 5		528823902.749096	528824028.415135
VOL8 6		528824028.894270	528824071.400668
VOL8 7		528824072.018471	528824217.374327
VOL8 8		528824217.971203	528824284.226902
VOL8 9		528824284.814198	528824411.077529
VOL8 10		528824411.431175	528824460.785120
VOL8 11		528824630.063576	528824720.563814
VOL9 1		528824721.087072	528824750.859570
VOL9 2		528824751.247011	528824806.784781
VOL9 3		528824807.347360	528825122.724897
VOL9 4		528825131.913952	528825161.650968
VOL9 5		528825162.012348	528825236.637082
VOL9 6		528825237.206787	528825300.033010
VOL9 7		528825300.716707	528825668.801262
VOL9 8		528911044.241728	528911112.324927
VOL9 9		528911112.675499	528911180.936136
VOL9 10		528911181.303655	528911234.215710
VOL9 11		528911237.086262	528911305.274920
VOL9 12		528911305.886971	528911374.144028
VOL10 1		528911374.508985	528911433.680219
VOL10 2		528911434.224975	528911486.344235
VOL10 3		528911486.686498	528911595.815197
VOL10 4		528911596.470938	528911932.720135
VOL10 5		529337224.250664	529337245.448450
VOL10 6		529337245.918783	529337384.662724
VOL10 7		529337385.328243	529338174.047446
VOL10 8		529508635.454582	529508654.485804
VOL10 9		529508654.867828	529508682.352123
VOL10 10		529508682.754037	529508770.018461
VOL10 11		529508770.699176	529508929.515224
100.1		529508930.096348	529509138.390980
0		529509139.134993	529510609.514248
VOL12 1		529510610.184823	529510698.392418
VOL12 2		529510699.036785	529510756.975272
VOL12 3		529510757.868786	529511192.006007
VOL12 4		529511192.606801	529511310.026390
VOL12 5		529511310.628061	529511362.822565
VOL12 6		529511363.417101	529512197.814337
VOL12 7		529512198.626761	529512234.597713
VOL12 8		529512235.133812	529512256.743484
VOL12 9		529512257.116679	529512578.026091
VOL13 1		529512578.539670	529512672.370840
VOL13 2		529512672.687930	529512939.132190
VOL13 3		529512939.696111	529513036.169179
VOL13 4		529513036.739026	529513074.973832
VOL13 5		529513075.343993	529513138.892852
VOL13 6		529513141.043024	529513209.663842
VOL13 7		529513210.208569	529513281.675096
VOL13 8		529513281.993388	529513342.081020
VOL13 9		529513342.607969	529514926.699442
VOL13 10		529514927.195435	529515016.940326
VOL13 11		529515017.570979	529515079.746015
VOL13 12		529515080.308739	529515101.063986
13		529515101.411167	529515121.931938
VOL14 1		529515130.225046	529515167.979999
VOL14 2		529515168.331791	529515193.800678
VOL14 3		529515194.166714	529515305.105418
VOL14 4		529515305.755410	529515543.512124
VOL14 5		529515544.046955	529515571.462706
VOL14 6		529515571.785406	529515764.393220
VOL14 7	7	529515765.087162	529515798.603758
