1	558978331.856227
z03mangahere	Soul Eater Not!	31	514216477.122604	L	http://www.mangahere.cc/manga/soul_eater_not/	514216477.122604
1		501101332.531030	501101558.962870
2		501101559.681177	501101642.201804
3		501101642.847171	501101797.779996
4		501101798.377667	501101898.768841
5		501101899.278043	501102044.070565
6		501102044.806243	501102469.533392
7		501102470.927790	501102557.755781
8		501103535.257049	501103963.347729
9		501103963.978047	501103984.399200
9.5		501103984.866565	501104122.421073
10		501104123.055677	501104211.709678
11		501104212.349889	501104330.264864
12		501104330.599922	501104431.040572
13		501104431.690030	501104575.012647
14		501104575.723709	501104672.049004
15	21	501104672.384473	501124989.565213
16	21	419918114.784920	419918189.710348
17	20	420519278.729861	420519338.529867
18	1	514214174.830711	514214191.634450
19		514214354.034687	514214358.601005
17.5	8	514214001.366928	514214077.777553
17.6		514214087.633151	514214174.319063
18.5		514214201.215000	514214275.561657
18.6		514214276.232325	514214353.300963
19.5		514214371.307360	514214630.987972
20		514214631.481815	514214720.510574
20.5		514214721.185399	514214816.866830
21		514214817.567954	514214913.478877
21.5		514214914.208768	514215230.031347
22		514215230.570687	514215319.387364
22.5		514215319.906206	514215386.226119
23		514215386.777836	514215547.705733
23.5		514215548.068131	514215606.992446
24		514215607.702991	514215693.546420
24.5		514215694.278261	514215763.501610
25		514215764.202616	514215880.158987
26		514215880.798422	514215973.191834
27		514215973.849645	514216168.652775
28		514216169.045486	514216229.223519
29		514216229.948383	514216321.339053
30		514216449.677557	514216476.731062
31	40	514216477.122604	514216588.355454
