1	533666135.145224
z03mangahere	Gintama	18	533665840.710445	L	http://www.mangahere.co/manga/gintama/	533665840.710445
1		532968807.874316	532969744.638657
2		532969745.325245	532970065.827587
3		532970066.318708	532970995.723136
4		532970996.913598	532971145.648788
5		532971146.270484	532971415.632419
6		532971416.265520	532971695.196511
7		532971695.867151	532972063.940636
8		532972064.534143	532984111.494377
9		532984112.063558	532984337.188680
10		532984337.810919	532984789.299667
11		532984789.868685	532985220.937315
12		533663097.673772	533663571.939294
13		533663572.472679	533664055.016220
14		533664072.649764	533664246.726308
15		533664247.323108	533664420.432404
16		533664421.189496	533664989.271144
17		533664989.855060	533665839.995419
18	20	533665840.710445	533666133.534596
