1	499200478.980162
z03mangahere	Namida Usagi - Seifuku no Kataomoi	29	499200397.870231	L	http://www.mangahere.com/manga/namida_usagi_seifuku_no_kataomoi/	499200397.870231
1		396396994.435307	396397076.803814
2		396397076.896289	396397207.335138
3		396397207.420688	396397323.569270
4		396397323.661861	396397506.951344
5		396397507.062156	396397612.534390
6		396397612.623894	396397843.119644
7		396397843.209367	396397989.786450
8		396397989.873035	396398113.034248
9		396398318.335412	396398430.169012
10		396406100.984138	396406103.963269
11		396406104.131264	396406266.623253
12		396406266.741060	396406351.654719
13		396406351.743356	396406416.521522
14		396406416.607322	396406556.288087
15		396406556.379392	396406685.071440
16		396406685.153919	396406776.921431
17		396406777.017385	396406871.038128
18		396406871.129044	396406948.671422
19		396406948.770678	396407083.122343
20		396407083.216361	396407160.288098
21		396407167.533996	396407206.904819
22	35	396407206.999776	396407276.024479
23	35	398318339.263435	398318483.141145
24	36	405228272.174493	405228458.625474
25	36	410330548.199813	410330719.000475
26	33	417759393.777982	417759472.063098
27		441528170.114015	441528170.114015
28	37	462799855.580585	462799922.263533
29	36	499200397.870231	499200478.967871
