1	544969106.761095
z03mangahere	Kangoku Gakuen	277.5	544969082.633954	L	http://www.mangahere.cc/manga/kangoku_gakuen/	544969082.633954
1		414140324.039010	414140517.449191
2		414140519.431423	414140666.232689
3		414140667.700703	414140758.549151
4		414140760.340714	414140900.582539
5		414140902.289058	414140972.299026
6		414140973.862394	414141041.532519
7		414141043.090604	414141120.932652
8		414141122.650975	414141200.599224
9		414141202.318040	414141294.666416
10		414141296.131533	414141357.133608
11		414141358.996993	414141412.782455
12		414141414.591302	414141494.749215
13		414141496.113505	414141577.865781
14		414141579.081371	414141671.466585
15		414141673.470670	414141739.832365
16		414141741.569327	414141844.099101
17		414141845.711546	414141945.049946
18		414141946.367987	414142025.381590
19		414142027.470311	414142099.516250
20		414142101.406501	414142169.715843
21		414142171.440282	414142243.799181
22		414142245.682520	414142310.399054
23		414142312.452441	414142388.715728
24		414142390.689402	414142443.499327
25		414142445.268425	414142499.415801
26		414142501.279302	414142563.899565
27		414142565.488018	414142642.414632
28		414142643.805671	414142691.797856
29		414142692.229065	414142754.566168
30		414142756.360374	414142813.966519
31		414142815.547295	414142865.616224
32		414142867.567806	414142941.932490
33	2	460699913.840830	460699917.652176
34		460699938.302395	460699951.471556
35		460699952.330337	460699957.227412
36		460699958.085690	460700043.396090
37		460700044.318959	460700113.352007
38		460700114.732224	460700193.108009
39		460700194.198995	460700261.963539
40		460700263.171418	460700336.485937
41		460700337.953838	460700410.259045
42		460700411.428817	460700458.462472
43		460700459.673304	460700524.084108
44		460700524.880568	460700573.421835
45		460700574.450718	460700634.660024
46		460700635.819167	460700708.766221
47		460700709.958064	460701089.519981
48		460701090.881967	460701177.331944
49		460701178.220807	460701229.703871
50		460701230.950894	460701276.107911
51		460701277.405665	460701334.713170
52		460701335.966504	460701381.500620
53		460701382.460828	460701429.121662
54		460701429.825642	460701482.859160
55		460701484.269041	460701534.813035
56		460701536.298177	460701602.386010
57		460701603.589798	460701720.510153
58		460701721.345746	460701813.234365
59		460701814.531685	460701904.324327
60		460701905.569134	460701981.547483
61		460701982.850551	460702048.318497
62		460702049.579632	460702131.808956
63		460702133.038413	460702208.247510
64		460702209.637237	460702283.720568
65		460702285.088561	460702328.186812
66		460702328.842193	460702391.379326
67		460702392.056727	460702457.250682
68		460702458.634681	460702548.223688
69		460702550.332578	460702642.514618
70		460702643.913333	460702676.000163
71		460702676.839237	460702746.455643
72		460702747.919670	460702795.293220
73		460702796.555814	460702849.146580
74		460702850.715558	460702895.850608
75		460702897.209315	460702946.089592
76		460702946.855824	460703000.041427
77		460703001.026075	460703043.361591
78		460703044.575445	460703073.281114
79		460703074.139075	460703141.903401
80		460703142.985260	460703246.694460
81		460703247.512390	460703295.198695
82		460703296.375805	460703363.436625
83	1	460703364.374862	460703366.275689
84		414146660.194834	414146714.331319
85		414146715.860427	414146768.183135
86		414146769.764428	414146814.265935
87		414146816.049025	414146886.514840
88		414146886.958159	414147012.532488
89		414147014.403461	414147121.532999
90		414147123.258240	414147196.165783
91		414147197.914594	414147269.365922
92		414147271.221367	414147368.165956
93		414147378.960021	414147490.333165
94		414147491.639769	414147559.415949
95		414147559.969225	414147622.415889
96		414147624.401937	414147685.715898
97		414147687.584313	414147770.582543
98	19	414147771.684080	414147827.103275
99	22	414304280.834515	414304371.716979
100	19	414906480.743095	414906625.275993
101	18	415514721.269589	415514885.228312
102		416725035.972741	416725035.972741
103	19	416725037.966765	416725155.135772
104	19	417406736.953688	417406816.926320
105	18	418015223.414676	418015313.468002
106	19	418620182.147492	418620345.458979
107	19	419230221.093854	419230318.460553
108	19	419830912.544465	419830982.093355
109	22	420464417.955219	420464496.779947
110	19	421210677.646487	421210803.102767
111	18	421955250.861407	421957045.627241
112	19	422890430.504965	422890580.875258
113	19	423755422.754317	423755531.312092
114	19	425282082.403377	425282259.698148
115	18	426051179.744074	426051327.985420
116	18	426600818.538368	426600905.388825
117	19	427293988.668047	427294106.904156
118		427948713.197943	427948713.197943
119		427948713.431013	427948713.431013
120		427948713.797733	427948713.797733
124	18	428296976.200586	428296981.981860
123		428296983.282982	428296983.282982
122		428296983.633111	428296983.633111
121		428296983.999402	428296983.999402
125		428377890.227087	428377890.227087
126		428377890.610605	428377890.610605
127	18	428417230.407847	428417353.530626
129		428761931.764382	428761931.764382
130	18	428761934.426643	428762046.948957
128		428847922.786096	428847922.786096
131		428934374.673226	428934376.793800
132		428934377.252883	428934378.126485
133		428934378.467990	428934379.209707
134		428934380.069851	428934380.809869
135		428934381.452845	428934395.995884
136		428934419.131767	428934435.416311
137	18	428934436.184078	428934571.175312
138		429419651.739807	429419651.739807
139	18	432531703.316531	432531806.851961
140	19	435757820.439680	435757928.866399
141	19	436403395.632538	436403538.039038
142	20	437151466.098991	437151563.585383
143	19	437662981.463903	437663097.928000
144	19	438487620.570167	438487729.041692
145	19	439218126.596395	439218192.120650
146	19	439707554.534046	439707626.666639
147	19	440420871.130043	440420986.613832
148	17	441308730.502449	441308828.017985
149		442052904.949451	442052904.949451
150	19	442469916.517118	442470075.342467
151	1	443133307.640488	443133309.070392
152	19	443450711.354509	443450839.220651
153	19	444228066.854834	444228183.253693
154	20	444846513.841310	444846703.586442
155	19	446361582.905563	446361701.275373
156	19	447143232.787656	447143325.789521
157	19	447560364.836691	447560523.129973
158		447958857.442303	447958857.442303
159	19	448772303.227995	448772410.007661
160	18	448784410.257485	448784508.382408
166		449032847.945548	449032942.494532
168		449033001.140270	449033003.970308
169		449033004.170004	449033020.057005
170	7	450274660.195341	450274669.895615
167	18	450164696.000944	450164710.057629
161		449032394.604035	449032515.270331
162		449032515.958710	449032606.950515
171	20	449033028.239941	449033142.673913
165		449032764.509447	449032847.369544
164		449032685.535639	449032763.943587
163		449032607.522044	449032684.972784
172	1	450274671.277129	450274672.905344
173	18	450064724.233985	450064771.624331
174	20	450878550.827524	450878665.507355
175	19	451915406.475902	451915492.204125
176	19	453267897.318443	453268020.851684
177	17	453608612.871181	453608812.319201
178	21	454962051.710129	454962127.474885
179	19	455778391.991608	455778534.000277
180	19	456988842.381040	456989025.704421
181	23	457506421.525608	457506605.138799
182	19	457965506.434527	457965677.886436
183		460012572.047773	460012690.305240
184	18	460012690.989614	460012807.196330
185	19	460703372.729961	460703374.432144
186		460762060.669578	460762060.669578
187	18	461973563.306760	461973688.545122
188	19	462574513.715918	462574616.471827
189	18	463122159.360444	463122243.906782
190	-	463898875.230326	465826289.383333
191	-	465826276.718018	465826279.487027
192	19	465826320.762896	465826414.831238
193	19	466433945.504676	466434079.095388
194	27	467012018.439852	467012181.023659
195	15	467417796.178905	467417879.319342
196	19	468766938.354284	468767051.283155
197	19	469457288.632400	469457360.280980
198	19	470851282.356319	470851381.221706
199	20	471417235.966739	471417354.012720
200	17	471878673.738957	471878770.197189
201	19	473669132.432065	473669267.234956
202	17	474822384.970661	474822544.357062
203	19	475592101.490219	475592204.581780
204	21	476197727.421233	476197906.871213
205	18	477068832.106770	477068979.924858
206	18	477382719.171956	477382827.955687
207	21	479049637.159866	479049786.754374
208	19	479221269.770031	479221412.731925
209	19	480831988.213284	480832076.847986
210	18	480948639.097552	480948718.803234
211	18	481323728.355795	481323880.168716
211.1	18	481356845.337002	481356853.537262
212	19	481867669.104820	481867764.854639
213	19	483020347.035343	483020491.787329
214	19	484678585.765941	484678713.140777
215	19	485272363.299455	485272474.949307
216	20	486398629.290492	486398772.627220
217	21	487438086.752748	487438091.972843
218	19	488287859.455312	488288139.145893
219	20	488957609.998933	488957677.315778
220	18	489501049.995929	489501139.880036
221	17	490021692.195744	490021804.478443
222	19	490629043.795474	490629149.204664
223	21	491839260.468429	491839363.520880
224	17	492463005.470760	492463065.023511
225	20	493740616.253071	493740716.513486
226	19	494312399.563585	494312498.501134
227	19	494942221.122696	494942319.397895
228	17	495537811.416901	495537916.019058
229	19	496759429.051829	496759523.539238
230	19	497340033.962133	497340173.619123
231	19	497945456.352817	497945545.105743
232	19	499267523.374719	499267605.821705
233	19	499792847.753119	499792942.823892
234	19	501607902.558528	501608032.870328
235	17	502002786.651817	502002928.228107
236	19	502296449.205814	502296551.988553
237	19	502955609.568313	502955729.665968
238	19	504427643.324191	504427749.080180
239	18	505115461.580796	505115512.143076
240	18	506957088.239411	506957138.318614
241	19	508166968.928330	508167085.942861
242	19	508772190.648430	508772323.020075
243	18	509378862.438700	509378998.974083
244	17	510811915.354311	510812029.877744
245	21	511277084.811714	511277234.695655
246	18	511803035.044896	511803203.601587
247	19	512396605.914233	512396766.549494
248	19	513004458.169300	513004611.335129
249		515256033.175235	515256047.601087
250	18	515256050.431852	515256246.536040
251	18	515334299.331352	515334475.906880
252		516682711.787483	516682711.787483
253	19	517241151.776832	517241283.489122
254	19	517762813.620172	517762952.485544
255	19	518588911.385505	518589146.221619
256	19	519981213.736606	519981327.396531
257	19	521136743.268243	521136888.528281
258	19	521514939.258821	521515049.157700
259	19	522846733.409368	522846827.094175
260	19	523341356.269045	523342408.829819
261	19	524056026.966762	524056151.435950
262	19	525585945.526215	525586075.232790
263	21	525619821.457747	525619941.098975
264	18	527603047.641613	527603230.027464
265	19	528261355.018800	528261495.851449
266	19	528468501.332296	528468602.049356
267	19	529852924.866623	529852988.999343
268	19	530422265.523169	530422370.957941
269	19	531667064.313381	531667155.115831
270	19	532271310.661929	532271439.386953
271	19	532927954.225278	532928096.562495
272	19	533482208.526143	533482308.629058
273	18	534864870.703058	534864980.342214
274	18	534873251.537460	534873358.584507
275	17	534912454.606565	534912535.590734
276	18	534952842.355107	534952943.807217
277	22	535967778.279080	535967922.324442
277.5	8	544969082.633954	544969105.139397
