1	555951398.463307
z03mangahere	Kawaii Joushi o Komarasetai	28	547645297.977927	L	http://www.mangahere.cc/manga/kawaii_joushi_o_komarasetai/	547645297.977927
17		537749393.254585	537749415.061261
18		537749416.164385	537749490.093300
19		537749490.597336	537749607.701772
20		537749608.255698	537749670.584179
21		537749681.665627	537749774.855865
16		537749678.273334	537749678.273334
15		537749678.273334	537749678.273334
14		537749678.273334	537749678.273334
13		537749678.273334	537749678.273334
12		537749678.273334	537749678.273334
11		537749678.273334	537749678.273334
10		537749678.273334	537749678.273334
9		537749678.273334	537749678.273334
8		537749678.273334	537749678.273334
7		537749678.273334	537749678.273334
6		537749678.273334	537749678.273334
5		537749678.273334	537749678.273334
4		537749678.273334	537749678.273334
3		537749678.273334	537749678.273334
2		537749678.273334	537749678.273334
1		537749678.273334	537749678.273334
22		537749775.634673	537749834.743922
23	7	537749835.340129	537749878.012811
24	11	542574048.510723	542574969.266234
26	9	546065412.815618	546065471.562612
27	9	546836804.953387	546836922.324891
28	15	547645297.977927	547645434.843141
