1	511879788.801562
z03mangahere	Kiwaguro no Brynhildr	181	511879731.412043	L	http://www.mangahere.com/manga/kiwaguro_no_brynhildr/	511879731.412043
1		393912716.240287	393913071.838056
2		393913073.269043	393913224.254709
3		393913224.787002	393913397.688025
4		393913399.060536	393913584.654697
5		393913585.225614	393913732.904694
6		393913734.215930	393913873.304681
7		393913873.893863	393914086.038029
8		393914086.580444	393914185.438243
9		393914186.012244	393914324.004676
10		393914324.560697	393914443.588000
11		393914444.168171	393914563.404671
12		393914563.972946	393914713.888114
13		393914714.403414	393914920.621505
14		393914921.151404	393915163.754701
15		393915346.780537	393915527.405395
16		393915527.462699	393915673.656868
17		393915673.735964	393915734.072855
18		393915734.136891	393915809.623092
19		393915809.686414	393915904.188725
20		393915904.254728	393916040.856372
21		393916040.928239	393916199.790221
22		393916199.848860	393916319.221795
23		393916319.281033	393916487.388483
24		393916487.537198	393916612.155000
25		393916612.226104	393916726.405156
26		393916726.459852	393916801.906079
27		393916801.969607	393916911.905046
28		393916911.967945	393916983.238463
29		393916983.294547	393917065.355122
30		393917065.407994	393917186.973454
31		393917187.035238	393917297.855346
32		393917297.910781	393917385.721864
33		393917385.780399	393917455.055082
34		393917455.111975	393917612.355319
35		393917612.412651	393917699.539411
36		393917699.598901	393917799.488448
37		393917799.562548	393917893.505184
38		393917893.569236	393917968.655166
39		393917968.709387	393918044.774356
40		393918044.836547	393918126.371859
41		393918126.429099	393918195.888502
42		393918195.945122	393918282.555148
43		393918282.612036	393918343.538645
44		393918343.594868	393918419.921880
45		393918419.984413	393918485.188529
46	20	393918485.247950	393918579.062249
47	19	394925772.154502	394925937.241047
48		396152259.830354	396152259.830354
49	19	397955619.412829	397955733.175444
50	20	400128475.688883	400128613.746380
51	19	401932948.574920	401933049.837536
52	19	404371491.057884	404371565.079131
53		411171404.217505	411171404.217505
54		411171404.850419	411171404.850419
55	19	413355418.290081	413355573.749517
56		418791955.476898	418792033.356266
57	20	418792033.384804	418792091.934110
58		422369201.374957	422369267.674646
66		422428038.586212	422428075.980426
97		423022757.728211	423022759.616834
98		423022759.644285	423022777.720346
59	18	422398660.654475	422398766.489754
60		422427406.287290	422427508.181948
61		422427508.237594	422427607.623764
62		422427615.037103	422427782.355310
63		422427782.413267	422427865.195622
64		422427865.249815	422427975.603961
65		422427975.629293	422428038.527123
67		422428076.036315	422428166.554601
68		422428166.609088	422428244.411100
69	20	422458198.157359	422458302.191151
70		422762329.422518	422762408.979328
71		422762410.511840	422762502.070547
72		422762502.136127	422762584.044197
73		422762584.099692	422762695.570465
78		422762971.114009	422763014.697614
74		422762700.692648	422762770.410895
75		422762770.467657	422762833.098916
76		422762833.156842	422762892.068919
77	19	422762892.096601	422762958.947014
79	19	422763014.755297	422763077.987329
80	19	422773719.833757	422773865.386755
81	19	422840540.923164	422840657.035125
82	19	422848065.812088	422848180.615548
83	19	422862256.585721	422862342.865954
84	19	422890343.128177	422890426.084341
85		423022155.361896	423022282.662343
86		423022283.211440	423022339.714454
87		423022340.863373	423022375.820645
88		423022375.905262	423022468.159053
88.1		423022468.193855	423022489.345896
89		423022489.409333	423022537.416853
90		423022537.476694	423022568.569503
91		423022568.627884	423022588.438532
92		423022588.502439	423022618.873716
93		423022618.938848	423022647.790814
94		423022647.825075	423022693.961331
95		423022693.991805	423022726.082715
96		423022726.140774	423022757.685710
99		423022777.799654	423022799.798553
100	20	423022858.615437	423022861.227895
69.1	8	423022847.162030	423022855.890484
101		423023237.683599	423023302.578952
102	19	423023302.617503	423023363.125431
103	19	423262199.946153	423262320.950989
104	19	423923773.952454	423923898.700356
105	20	425528602.847184	425528677.019672
106		425787211.757073	425787211.757073
107	19	425966530.048693	425966665.120193
108		426571099.216908	426571099.216908
109	19	427080212.190038	427080339.714977
110	18	428156746.964075	428156826.340384
111	19	428644385.458779	428644457.235244
112		431496036.148768	431496230.097030
113		431496234.334316	431496288.351607
114	18	431496289.591757	431496344.201173
115	17	432443748.355004	432443830.272500
116	19	432705188.677362	432705325.391375
117	18	433224684.639125	433224760.903772
118	18	434093561.099856	434093667.359462
119	18	434917448.125652	434917505.542400
120	9	435246822.696417	435246880.449768
121	18	435642106.118361	435642197.691717
122	20	437103280.604247	437103384.999630
123	2	437889553.356761	437889556.310756
124	18	438580368.143637	438580482.095020
125	18	438842542.705434	438842624.581299
126		439796982.031236	439796982.031236
127	18	440660457.869299	440660557.597876
128	1	441834753.230870	441834754.629766
129	18	442118480.256102	442118585.834020
130	19	443624310.514522	443624475.861272
131	18	444098782.303209	444098891.562281
132	19	444631074.353651	444631167.564879
133	18	445377893.564458	445377969.485796
134	18	445825716.093272	445825784.721632
135		446615440.055468	446615440.055468
136	18	448525169.424773	448525172.777543
137		448556505.678651	448556555.196804
138	17	448556555.732472	448556631.850536
139	19	449734631.473410	449734728.501841
140	1	450705845.376752	450705847.921177
141	18	451143195.852469	451143302.708976
142	18	451396202.773046	451396339.049530
143	18	452609380.658569	452609565.092406
144	18	454196276.900139	454196384.271345
145	18	455583727.315177	455583845.004708
146	18	455638455.489772	455638591.209157
147	18	455946734.613729	455946864.578702
148	18	457506089.946284	457506229.736687
149	18	458665414.223852	458665504.711383
150	6	459741246.167039	459741265.524730
151	19	460012914.781159	460012972.174742
152	20	460652922.910292	460653005.800489
153	19	461337444.349065	461337515.765438
154	20	462108620.659113	462108820.106236
155	20	462799928.552590	462799983.073750
156	20	463643255.954046	463643316.468116
157		464274460.607624	464274460.607624
158		465023679.028950	465023679.028950
159	19	466786710.397181	466786779.470973
160	19	467482068.828931	467482154.122801
161	20	468681714.156957	468681776.452153
162	21	470725924.780372	470726048.321568
163	20	473185487.350482	473185578.057777
164	20	474181716.470205	474181794.845845
165	21	475103821.077276	475103903.021102
166	21	477865354.161994	477865447.332612
167	20	480091706.616442	480091773.943001
168	20	482333231.520407	482333324.714013
169	20	485281869.400635	485281946.913917
170	20	491052804.419576	491052854.379206
171	22	492071552.071514	492071681.409245
172	20	494169114.995266	494169187.216033
173	22	498950185.960123	498950282.130395
174	19	503821395.918772	503821468.429666
175	20	504632220.054762	504632313.622785
176	24	504921865.634813	504932008.460642
177	21	508016791.990733	508016826.144247
178	23	508220815.604321	508220862.261589
179	22	508432085.421820	508432427.133983
180		511879661.450710	511879730.817511
181	23	511879731.412043	511879788.787488
