1	547376985.916975
z03mangahere	Pika Ichi	28	547376875.427255	L	http://www.mangahere.cc/manga/pika_ichi/	547376875.427255
1		423711022.945485	423711237.326886
2		423711238.992482	423711437.176468
3		423711943.706306	423712311.368749
4		423712312.705485	423712778.940914
5		423712780.894608	423712932.903881
6		423712933.934816	423713274.716920
7		423713276.628780	423713433.011829
8		423713434.017930	423713604.626041
9		423713606.725642	423714087.800216
10		423714088.166595	423714217.962150
11		423714219.846448	423714319.768902
12		423714321.839337	423715366.775400
13		423715367.772874	423715495.385388
14		423715759.030865	423715787.527713
15		423715788.506901	423715868.417968
16		423715870.145746	423715963.158187
17		423715964.869935	423716301.936243
18		423716303.921874	423716625.963031
19		423716627.639746	423716735.655044
20	39	423716737.279898	423716896.074988
21	31	426475775.954605	426475819.033432
21.1	14	426484054.488646	426484065.094268
21.2	39	439131010.820479	439131148.697454
22	47	441171515.826588	441171654.577832
23	51	456559003.176128	456559141.295717
24	46	471273651.089888	471273722.279127
25	36	476026028.430308	476026098.780341
26	36	499626412.745211	499626476.290348
27	37	531404659.158581	531404753.683408
28	41	547376875.427255	547376984.338925
