1	556733731.596644
z03mangahere	Kono Shima ni wa Midara de Jaaku na Mono ga Sumu	34	522401484.636725	L	http://www.mangahere.cc/manga/kono_shima_ni_wa_midara_de_jaaku_na_mono_ga_sumu/	522401484.636725
8	1	444024037.411686	444024039.768494
7		443135128.568299	443135128.568299
6		443135128.568299	443135128.568299
5		443135128.568299	443135128.568299
4		443135128.568299	443135128.568299
3		443135128.568299	443135128.568299
2		443135128.568299	443135128.568299
1		443135128.568299	443135128.568299
9	30	444098897.137979	444098974.398150
10	22	444609042.317122	444609123.612227
1.5	8	446705483.294748	446705507.569809
11	31	447729868.225519	447729951.176299
12	32	452662415.793675	452662527.262991
13	25	454306179.272253	454306285.640530
14	31	454796879.972105	454796999.550800
15	24	457368433.478637	457368505.769953
16		463898882.811390	463898882.811390
17	22	465394099.817417	465394159.202787
8.5	17	476170571.120073	476170604.363439
18	38	476170607.760403	476170713.376221
19	29	476234579.220435	476234652.392655
20		476773289.353817	476773289.353817
21	31	476827425.831019	476827511.579109
22		478849626.994021	478849626.994021
23	30	481434402.316620	481434466.538038
24	26	485039897.761691	485039999.322299
25	27	487567359.171377	487570927.883876
24.5	13	488905019.809904	488905055.199784
26	30	489560642.453954	489560741.147584
27	30	492315617.718853	492315730.282846
28	29	497504617.828744	497504720.270686
29	26	499916586.522841	499916651.964054
30	28	501137660.942274	501137745.327872
31	26	504426754.838685	504426859.844050
32	29	505362591.755862	505362694.203975
33	28	508170003.720162	508170081.213918
34	23	522401484.636725	522401584.932198
