1	557946570.086987
z03mangahere	Otonari Complex	29	549604787.361541	L	http://www.mangahere.cc/manga/otonari_complex/	549604787.361541
0.1		503535180.380642	503535205.228204
1		503535205.622346	503535272.765887
2	15	503535273.433000	503535346.771648
3	15	503767800.478599	503767904.336250
4	13	504337492.001309	504337710.866613
5	15	504503289.939940	504505224.127045
6	15	504635057.116196	504635184.153700
7	17	504898328.511455	504898473.236217
8	15	504990514.345782	504990630.420631
9	15	505315926.951261	505317255.366518
10	17	505670120.327216	505670238.625739
11		505983024.543475	505983087.584348
12		505983087.984477	505983180.665956
13		505983181.307405	505983245.253992
14		505983245.933969	505983292.540318
14.5	13	505983293.226779	505983326.377710
15	15	509552180.143848	509552230.297784
16	21	512107927.059595	512108020.911357
17	20	512749332.028735	512749447.132006
18	17	513263537.260299	513263614.335214
19		513523031.836313	513523122.224120
20		513523122.796903	513523183.161115
21		513523183.541380	513523279.701533
22		513523280.826280	513523380.074485
22.5	7	513523381.150202	513523398.361513
23	19	513608953.028863	513609069.527632
23.5	13	513780690.991538	513781188.208225
23.6	7	522847389.069110	522847400.231852
24	17	535406126.690571	535406207.608814
25	20	536309675.811617	536309747.406301
26	25	539286808.187477	539293708.944985
27	24	545590722.189484	545596581.231094
28	23	549549052.339958	549549139.059299
29	25	549604787.361541	549605795.652828
