1	558921578.628155
z03mangahere	Yakumo-san wa Edzuke ga Shitai.	40	550153515.889882	L	http://www.mangahere.cc/manga/yakumo_san_wa_edzuke_ga_shitai/	550153515.889882
1		511369133.683732	511369293.474958
2	-	511369294.127832	535879123.225145
3		511369385.118787	511369451.951938
4		511369452.383766	511369673.767291
5		511369674.431950	511369750.169969
6		511369750.710134	511369864.895612
7		511369865.492234	511369933.451239
7.5		511369934.023136	511369962.702932
8		511369963.084892	511370061.742393
9		511370062.120184	511370113.730455
10		511370114.439331	511370199.735755
11		511370200.319553	511370288.175081
12		511370288.798898	511370347.193459
13		511370347.547689	511370428.417514
14		511370429.003196	511370484.887827
14.5	21	511370485.467297	511370565.926166
15	28	514995324.099133	514995485.974602
16	23	515353094.825192	515353279.679970
17	21	515970972.271161	515971104.052988
18	22	516519863.609852	516519978.058309
19	22	517811538.675824	517811687.086355
20	22	518323217.113793	518323370.816851
21	26	519534951.666007	519535173.913553
21.5	13	520148113.243869	520148197.289430
22	21	521136581.901176	521136715.913920
23		522296763.326109	522296893.631381
24	23	522296893.659624	522296964.274134
25	23	522879216.301038	522879332.563566
26	20	523343147.734203	523343255.693128
27	22	525320714.310639	525320853.081596
28	22	525961793.811182	525961888.219907
29	28	526997656.021319	526997842.112598
30	22	527687726.565508	527687841.440312
31	25	530557920.873936	530558031.252003
28.5	13	531763032.163593	531763105.073621
32	22	531979942.530714	531980093.492304
33	19	533027501.445950	533027583.400111
33.1	8	533827867.976673	533827920.196255
34	22	535355916.342758	535356017.497506
1.1	34	535879126.876970	535879246.509693
0	9	537198918.546479	537198924.766284
35	23	537198928.700406	537199115.627274
36	21	538517047.769576	538517188.731556
37	20	541002469.082099	541002616.794787
38	25	543441445.580845	543441575.717312
39	24	546528649.404200	546528832.293964
40	20	550153515.889882	550153637.077707
