1	480204235.083132
z03mangahere	Hadi Girl	30	480204031.562338	L	http://www.mangahere.com/manga/hadi_girl/	480204031.562338
3		396394022.510565	396394022.510565
2		396394022.510565	396394022.510565
1		396394022.510565	396394022.510565
4	25	397516190.457395	397516311.433053
5		399790302.182565	399790302.182565
6		400390422.648844	400390422.648844
6.5	8	402044977.009833	402045109.469937
7	30	402460272.016090	402460487.553369
8		410846537.532481	410846692.943219
9	34	410846693.425201	410846854.170535
10		414304387.907452	414304387.907452
11	27	421210809.613624	421210897.334857
12	18	426463047.101364	426463148.940943
13	32	438613658.251603	438613809.440624
14		461337224.551734	461337224.551734
15	32	462028945.349512	462029060.280626
16	33	462799781.886058	462799849.663509
17	28	463552124.059717	463552267.578377
18		464499695.811998	464499695.811998
19	32	465739113.003522	465739262.988452
20	30	467034402.388367	467034619.386417
21	27	468306414.223430	468306654.234625
22	29	469770396.111736	469770525.602134
23	28	470725710.139752	470725918.538426
24	42	471846797.246132	471846992.934828
25	31	472965571.876041	472965730.858244
26	32	475764729.150618	475765034.977470
27	27	477377626.533954	477377735.665180
28	27	478616205.446745	478616280.229168
29	26	479196346.693505	479196492.058177
30	41	480204031.562338	480204235.069582
