1	555005437.809351
z03mangahere	Spirit Circle	16	515512002.855869	L	http://www.mangahere.cc/manga/spirit_circle/	515512002.855869
1		513617317.116262	513617331.096602
2		513617331.498772	513619060.349012
3		513619060.951747	513619190.473037
4		513877657.301659	513877734.971464
5		513877735.538567	513877968.918973
6		513877969.640152	513878034.039650
7		513878034.781665	513878179.992214
8		513878180.701998	513878262.198104
9		513878262.631964	513878384.173414
10		513878384.840786	513878484.846057
11		513878485.543841	513878612.318971
12		513878613.027297	513878755.069640
13		513878755.781223	513878864.658019
14		513878865.039737	513878973.417995
15		513878974.019940	513879095.985640
16	25	515512002.855869	515512118.327416
