1	543767086.185405
z03mangahere	The Fiancee is Here	13	533050813.918844	B	http://www.mangahere.cc/manga/the_fiancee_is_here/	533050813.918844
0		527025812.554850	527025893.708096
1		527025894.024334	527025967.728535
2		527025968.270280	527026026.168355
3		527026026.797237	527026082.770907
4		527026083.434718	527026163.509337
5		527026163.880910	527026374.345026
6		527026376.024780	527026429.797695
7	6	527026430.897777	527026480.705070
8		531064109.875371	531064140.736539
9	6	531064141.565178	531064195.615578
10		532445138.633090	532445202.122940
11	6	532445203.283883	532445314.258060
12		533050735.972784	533050812.864541
13	22	533050813.918844	533050872.778730
