1	568317647.365231
z03mangahere	Beelzebub	240.6	486427461.920373	L	http://www.mangahere.cc/manga/beelzebub/	486427461.920373
66		486346389.382429	486346453.701913
24		486334772.586225	486334842.900840
189		486409809.274105	486409850.200545
182		486406903.625747	486409188.010597
30		486335361.403678	486335431.965976
171		486405837.776675	486405898.652366
165		486405453.292516	486405528.774715
160		486405019.159564	486405095.446417
154		486404320.175444	486404395.900057
149		486403705.572017	486403856.596794
143		486402852.469042	486402896.357598
138		486402259.879068	486402406.342090
133		486401964.570549	486402043.868693
127		486401566.423203	486401646.534552
121		486400922.616260	486400988.913181
117		486400671.955810	486400746.981107
110		486400057.541316	486400147.355248
105		486399636.379559	486399705.263032
100		486358457.645460	486358519.812101
15		486322909.207549	486322976.072389
25		486334843.261892	486334885.943557
94		486357811.419369	486357898.606205
88		486356953.830004	486357070.886772
93		486357679.968247	486357810.765924
73		486346832.471297	486346893.297525
80		486350064.539267	486353691.090148
54		486345502.908602	486345560.631694
68		486346507.552290	486346576.760370
38		486344460.936851	486344559.854394
48		486344846.570423	486344956.895053
20		486323183.847940	486323237.606202
173		486405940.459482	486405998.227216
35		486344197.102437	486344265.518585
65		486346288.230004	486346387.581076
23		486323437.403757	486334772.216303
188		486409743.940695	486409808.711152
181		486406818.244416	486406902.917725
29		486335308.038761	486335360.661246
170		486405790.692934	486405837.061554
164		486405390.386941	486405452.876514
159		486404916.472244	486405018.474371
153.5		486404279.734801	486404319.577523
148		486403594.262274	486403704.836836
142		486402848.999683	486402851.853368
137		486402202.273478	486402259.198134
132		486401912.423569	486401963.513002
126		486401511.828050	486401566.017821
120		486400883.918211	486400921.442009
114		486400396.314130	486400517.847007
109		486399933.797615	486400056.876494
14		486322842.173548	486322908.518549
99		486358362.555292	486358456.958094
3		400648979.716355	400648979.716355
47		400648979.716355	400648979.716355
92		486357456.643678	486357679.289724
86		486355547.273414	486356870.296607
77		486349809.262405	486349918.457873
72.5		486346821.106660	486346832.076833
59		486345790.175894	486345871.902513
53		486345438.028015	486345502.161228
47.5		400648979.716355	400648979.716355
37		486344330.862240	486344460.214529
104		486399556.929507	486399635.658135
5		400648979.716355	400648979.716355
19		486323125.376930	486323183.169275
34		486344137.287125	486344196.462853
64		486346233.650290	486346287.396081
186		486409521.820449	486409625.735780
180		486406756.575248	486406817.546781
9		400648979.716355	400648979.716355
169		486405731.225807	486405790.022520
163		486405314.191534	486405389.698647
158		486404753.636845	486404915.784194
153		486404178.767382	486404278.915730
147		486403139.812186	486403593.746287
141		486402678.503187	486402751.595892
136		486402168.220718	486402201.895350
131		486401842.818411	486401911.776522
125		486401409.641290	486401511.260867
119		486400843.498871	486400883.531724
113		486400327.247849	486400395.621557
108		486399847.532800	486399933.061011
103		486399426.249501	486399556.252984
1		400648979.716355	400648979.716355
4		400648979.716355	400648979.716355
13		486322741.988208	486322841.780639
91		486357292.880159	486357455.978611
98		486358289.015788	486358361.901833
76		486349801.952701	486349808.897043
46		400648979.716355	400648979.716355
58		486345738.360846	486345789.463471
85		486355490.284797	486355546.899134
42		400648979.716355	400648979.716355
60		486345872.607816	486345952.974332
72		486346762.893162	486346820.709690
52		486345375.224893	486345437.607126
18		486323077.165192	486323124.998958
33		486335534.257686	486344136.916772
63		486346120.733465	486346233.245956
185		486409426.502492	486409520.578880
179		486406690.630000	486406755.841387
8		400648979.716355	400648979.716355
168		486405663.976760	486405730.854761
162.5		486405290.648268	486405313.794175
157		486404648.662863	486404752.956827
152		486404094.776199	486404178.067920
146		486403052.571327	486403139.123519
140		486402555.369301	486402677.726711
135		486402103.200876	486402167.559637
130		486401800.084572	486401842.447402
124		486401337.243808	486401408.857280
118		486400747.615985	486400842.820946
112		486400248.725816	486400326.233796
107		486399773.193751	486399846.805307
102		486358612.313719	486358721.772337
0		400648979.716355	400648979.716355
28		486335231.984739	486335307.424297
45		400648979.716355	400648979.716355
90		486357198.145541	486357292.201080
84		486354011.295234	486355489.725966
75.5		486347050.545121	486347130.403639
71		486346686.457325	486346762.323078
57		486345675.281510	486345737.643622
51		486345292.815695	486345374.836144
41	18	486344778.723267	486344841.944271
61		486345953.611393	486346025.845625
12		400648979.716355	400648979.716355
97		486358207.413440	486358288.346888
17		486323041.166655	486323076.779107
32		486335473.831298	486335533.522482
62		486346026.514494	486346120.051793
184		486409325.734640	486409425.439561
178		486406580.135426	486406689.987202
7		400648979.716355	400648979.716355
167		486405590.960399	486405662.916504
162		486405246.586975	486405289.975985
156		486404516.973246	486404647.899980
151		486403974.423967	486404094.179150
145		486402957.048417	486403051.893912
139		486402454.027709	486402554.768696
134		486402054.962352	486402102.756245
129		486401758.719804	486401799.535823
123		486401164.433969	486401336.637833
116		486400573.703269	486400671.289890
176		486406375.002002	486406500.866593
106		486399710.726443	486399772.550473
11		400648979.716355	400648979.716355
96		486358032.335822	486358170.116151
101		486358520.270997	486358611.684908
44		400648979.716355	400648979.716355
27		486334950.451635	486335007.302924
83		486353951.332829	486354010.532012
89		486357097.180588	486357197.544867
70		486346642.317677	486346685.800435
75		486346978.818546	486347049.790987
50		486345021.353074	486345292.110420
40		486344680.843663	486344778.032709
172		486405899.381561	486405939.756650
78		486349918.918527	486349994.738842
56		486345615.094412	486345674.572712
22		486323303.754578	486323437.019392
16		486322976.808430	486323040.443221
2		400648979.716355	400648979.716355
31		486335432.655090	486335473.118443
67		486346454.310267	486346507.171022
190		486409850.946640	486409894.736775
183		486409188.655731	486409325.099434
177		486406501.508456	486406578.379738
6		400648979.716355	400648979.716355
166		486405529.520684	486405590.228624
161		486405096.156685	486405245.839983
155		486404396.565726	486404516.574995
150		486403857.222231	486403974.068927
144		486402897.018796	486402956.344964
138.1		486402406.723812	486402453.278470
133.5		486402044.527783	486402054.569148
128		486401647.070164	486401757.983019
122		486400989.476441	486401163.607809
115		486400518.564842	486400573.116899
111		486400148.164900	486400248.011886
105.5		486399705.871762	486399710.379974
10		400648979.716355	400648979.716355
95		486357899.293160	486358031.909900
26		486334886.317170	486334949.766573
43		400648979.716355	400648979.716355
88.5		486357071.579550	486357096.756766
81		486353691.478637	486353811.055695
74		486346894.146445	486346978.069660
69		486346577.111716	486346641.797908
55		486345561.291468	486345614.702171
49		486344957.533330	486345020.975092
39		486344560.536317	486344680.193050
79		486349995.430954	486350063.826268
VOL12 88.5		371565988.004726	371565988.004726
21		486323238.227170	486323303.060488
36		486344266.152656	486344330.206045
175		486406327.685911	486406374.629839
193		486410011.530979	486410063.079904
194		486410063.780850	486410129.302162
208		486411708.244892	486411743.498747
209		486411743.986137	486411791.468593
207		486411666.466357	486411707.379750
210		486411792.137454	486411869.691919
211		486411870.372236	486411925.340915
206		486411609.224586	486411665.777030
205		486411550.888402	486411608.823262
204		486411513.481642	486411550.502754
203		486411466.692998	486411512.800347
202		486411324.469492	486411466.053870
201		486411275.725182	486411323.900924
200		486411224.820161	486411274.984710
199		486411183.124085	486411224.164787
198		486411132.950980	486411182.262236
197		486411082.144977	486411132.327014
196		486410176.183039	486410982.408386
195		486410130.087529	486410175.522829
192		486409946.296139	486410010.828026
191		486409895.585407	486409945.640189
187		486409626.372278	486409743.277072
174		486405998.934223	486406325.779858
87		486356870.666868	486356953.437813
82		486353811.420658	486353950.740876
212		486411925.691066	486411954.063444
213		486411954.509186	486411991.849230
214		486411992.506540	486412035.502107
215		486412036.125145	486412072.338090
216		486412072.989900	486412121.391052
217		486412122.063530	486412185.095346
218		486412185.831822	486412243.199209
219		486412243.889725	486412282.801663
220		486412283.420063	486412330.538110
221		486412331.139080	486412432.386395
222		486412433.025015	486412495.254894
223		486412496.473233	486412620.971442
224		486412621.544671	486412694.920412
225		486412695.600171	486412747.190439
226		486412747.914416	486413493.613311
227		486413494.333720	486413593.019300
228		486413593.933610	486413678.824638
229		486413679.440359	486413738.311107
230		486413738.682108	486413830.493810
231		486413830.894006	486413875.570888
232		486413876.261210	486413917.524266
233		486413918.157289	486413954.042786
234		486413954.642421	486414002.896039
235		486414003.550230	486414051.799690
236		486414052.502070	486414101.502549
237		486414102.262270	486414149.738955
238		486414150.423687	486414209.593300
239		486414210.328091	486414263.396916
240		486414264.051377	486414423.857245
241	34	421297749.583704	421298080.921987
240.1		486426838.720088	486426989.911942
240.2		486426990.296297	486427109.877679
240.3		486427110.603064	486427183.249409
240.4		486427183.922361	486427313.142710
240.5		486427313.868187	486427461.501084
240.6	46	486427461.920373	486427632.383673
