1	558977042.886887
z03mangahere	Sayounara Ryuusei, Konnichiwa Jinsei	VOL1 17	554445291.578311	L	http://www.mangahere.cc/manga/sayounara_ryuusei_konnichiwa_jinsei/	554445291.578311
1		516776389.967382	516776443.374019
2		516776444.518246	516776587.727232
3		516776588.406084	516776688.267865
4		516776689.155795	516776794.108026
5		516776795.356237	516776839.144234
6		516776841.614549	516777655.065371
7		516777655.969626	516777695.235528
8		516777695.911532	516807434.337365
9		516807434.756548	516807473.489101
10		517511110.549710	517511169.096648
11		517511169.929607	517521441.006943
12	1	517521442.047826	517523325.845049
13		523777401.185884	523777548.298375
14	5	523777549.564471	523777809.517734
15		524899476.960321	524899522.108687
16	19	524899522.820005	524899548.967171
17	19	538500649.246193	538500712.382869
VOL1 17	19	554445291.578311	554445324.466173
