1	530199268.358985
z03mangahere	Ookami Shoujo To Kuro Ouji	58.5	530199031.779640	L	http://www.mangahere.com/manga/ookami_shoujo_to_kuro_ouji/	530199031.779640
1		427748438.859133	427748637.731562
2		427748639.216530	427748761.608026
3		427748763.426604	427769988.183782
4		427769989.584813	427770125.628354
5	1	427770127.366779	427770130.562944
6	40	427770554.197971	427770698.761829
7		427770731.631773	427770927.228866
8		427770929.147870	427771598.823370
9		427771600.178941	427771804.441591
10	1	427771805.954089	427771807.529210
11	1	427771990.485610	427771990.840648
12		427772171.529717	427772376.806052
13		427772378.995368	427772599.242443
14	1	427772601.515051	427772604.298198
15		427772799.869194	427774022.863128
16	3	427774023.950517	427774101.203916
17	20	427774522.257152	427774615.951130
18		427775254.032058	427775409.505086
19		427790528.600013	427790595.407928
20		427791523.124104	427791532.726924
21		427791533.699141	427791751.306180
22		427791752.802239	427791904.618976
23		427791906.097713	427792033.113202
23.5		427792034.808298	427792056.748688
24		427792058.665081	427792539.339599
25		427792541.097245	427792655.182638
26		427792656.881319	427792813.862224
27		427792815.630180	427792964.225139
28		427792965.748273	427793121.822268
29		427793122.934433	427793242.665771
30	47	427793243.973543	427793338.628176
31	1	428636060.054419	428636063.676719
33	42	436245174.668888	436249402.189367
32	44	436276046.280588	436276556.340715
34	46	436680190.099979	436680510.761648
35		437278269.884971	437278269.884971
36	44	437923433.138330	437923642.168706
37	45	438612955.631628	438613330.918607
38	44	439518144.899104	439518489.752290
39	50	443812124.923721	443812421.146697
32.5	44	444540980.305794	444541174.165100
40	24	450064802.651906	450064931.680618
41	46	455726449.605237	455726661.213080
42	50	456865298.004803	456865531.534541
43	43	457326924.554866	457327109.118594
44	44	458280982.644172	458281323.476390
45	48	458626741.957672	458627074.843124
46	47	459180054.713778	459180402.644237
47	48	459530467.327538	459530675.857222
48	44	461878313.557252	461878455.684397
49	44	461973879.850829	461974076.657118
40.5	31	462419427.455153	462419636.293508
50	45	463255787.306606	463257930.357989
51	43	465368053.254401	465368211.240838
52	43	469717388.788020	469717562.137459
53	45	471880120.963834	471880363.552368
54	44	474776512.444934	474776674.314163
26.1	17	477329044.232834	477329220.884334
26.2	8	477354181.759119	477354278.222182
55	44	482594779.133357	482595041.006976
56		530198371.722510	530198499.793208
57		530198500.753475	530198658.149793
57.5		530198658.521011	530198795.666015
58		530198796.392065	530199031.077843
58.5	34	530199031.779640	530199267.706799
