1	555526980.245421
z03mangahere	Aharen-san wa Hakarenai	37	552976690.168635	L	http://www.mangahere.cc/manga/aharen_san_wa_hakarenai/	552976690.168635
1		516772529.516526	516772635.330897
2		516772635.711938	516772693.099047
3		516772693.492488	516772767.406511
4		516772768.130280	516773829.271652
5		516773830.438762	516773904.975276
6		516773905.640793	516773972.027916
7		516773972.630617	516774031.416501
8		516774032.127009	516774123.125279
9		516774124.800399	516774201.081524
10	15	516774201.841357	516774314.639324
11	15	517699257.497802	517699353.346245
12	13	519917489.533385	519917569.429708
13	17	520386279.974429	520386384.861660
14	14	522091382.949650	522091509.298194
15	13	522668501.104311	522668569.597051
16	17	523971474.802147	523971596.265518
10.5	25	525007806.647543	525007897.008396
17	14	525355611.953228	525355730.385996
17.5		527603317.780615	527603417.023647
18	18	527603417.367753	527603502.176920
19	14	528212233.606478	528212312.918588
20	17	529245477.716884	529245580.900747
21		531804754.594457	531804848.817919
22	17	531804849.534661	531804940.855434
24	1	541260355.938000	541260356.985939
25	15	535682024.125178	535682126.920235
25.5		538378322.448671	538378428.174953
26	16	538378429.847849	538378508.252660
23		541260354.876337	541260355.639392
27		539706817.554747	539706928.745755
28	19	539706929.305984	539706992.653578
20.5	31	541260359.665089	541260548.555267
29	16	542988866.863079	542988990.700480
30		543160484.363793	543160554.953703
31	16	543160555.715483	543160649.087094
32	15	545320603.474069	545320674.178092
33		545494360.606563	545494470.086006
34	12	545494470.607756	545494524.573955
29.5	26	551704777.948067	551704896.854985
35		552976546.163431	552976623.591989
36		552976625.242852	552976689.546351
37	14	552976690.168635	552976763.544302
