1	557941061.211916
z03mangahere	Mogusa-san	15	543441680.693892	L	http://www.mangahere.cc/manga/mogusa_san/	543441680.693892
1		537601068.668076	537601781.503602
2		537603327.185519	537603454.051687
3		537603454.580500	537603575.239155
4		537603575.814747	537603724.164288
5		537603724.799109	537603799.150109
6		537603799.668483	537603850.672723
7	25	537603855.659616	537603915.591007
8	38	537888495.686827	537888621.663757
9	21	538408947.625387	538409034.814947
10	20	538939232.098805	538939328.741609
11		541485777.174660	541485830.566676
12		541485831.364419	541485935.233774
13	21	541485936.694268	541487759.928007
14		543441583.078749	543441680.005897
15	21	543441680.693892	543441754.265827
