1	555005452.112584
z03mangahere	Urami Koi, Koi, Urami Koi.	12	471189248.196712	L	http://www.mangahere.cc/manga/urami_koi_koi_urami_koi/	471189248.196712
0		459731665.842135	459732208.349685
1		459732209.107935	459737690.702523
2		459737691.657816	459738542.889629
3		459738544.308358	459738817.472781
4		459738819.186055	459738858.625366
5		459738859.571646	459739055.509360
6	45	459739056.990393	459741066.213770
7	35	461041686.195266	461041766.435890
8		464585587.675715	464585587.675715
9	22	465339040.361325	465339097.897606
10	39	468431217.159268	468431442.523028
11	42	469975888.517981	469976024.782624
12	41	471189248.196712	471189380.684495
