1	493684961.229484
z03mangahere	Tokyo ESP	76	493684785.063337	L	http://www.mangahere.com/manga/tokyo_esp/	493684785.063337
1		427441530.455371	427441546.024406
2		427441546.388748	427441581.536889
3		427441582.158965	427441808.572835
4	1	427441822.282324	427441825.908991
5		427442141.327624	427442300.997891
6		427442301.453258	427442411.042279
7		427442412.373363	427442537.836083
8		427442539.460307	427442680.617515
9		427544155.764911	427544410.421917
10		427544411.763715	427544708.414288
11	25	427544710.483616	427568409.913564
12		427569103.563215	427569320.748839
13		427569322.305738	427569473.244266
13.5	1	427569474.761002	427569476.133341
14		427569568.971272	427569754.951680
14.5	1	427569756.478651	427569758.132384
15		427569804.590511	427570082.763311
16		427570084.468640	427570228.591730
17		427570230.079333	427570360.302857
18		427570362.279383	427570586.540749
19		427570587.861315	427570660.562306
20		427570660.917352	427570727.468222
21		427570728.465578	427570774.357477
22		427570776.078542	427570852.629314
23		427570854.522944	427570918.234170
24		427570919.851550	427570997.574457
25		427570998.705227	427571150.220643
26	1	427571152.110479	427571154.883204
27		427571476.828917	427571625.393488
28	12	427571968.011965	427571972.496296
29		427572185.030903	427572367.374740
30		427572369.039078	427574478.560927
31		427574479.147890	427574614.655419
32		427574616.180627	427574710.048309
33		427574711.821357	427574817.139511
34		427574821.960696	427574894.147434
35	40	427574895.633804	427574995.084512
36	54	430055721.617231	430055862.911652
37	42	430630150.684306	430630315.611936
38	36	432474662.098689	432474793.147458
39	35	434907264.079479	434907358.360692
40	18	438770300.546632	438770377.409371
41	36	447575167.886210	447575316.668002
42	36	447735080.760395	447735308.401970
43	34	448000259.700896	448000265.165628
44	1	448292046.554915	448292048.630949
45	41	448399085.190136	448399270.864155
46	56	448945512.891234	448945719.979462
47	38	449105731.105754	449105874.561987
48	26	449210293.069923	449210389.092996
49	32	449273974.553697	449274092.963855
50	37	449555522.693494	449555648.640910
51		450030677.540116	450030677.540116
52	34	450227577.861066	450227709.019079
53	31	450803589.745183	450809170.671148
54	29	451281878.351752	451282004.654681
55	40	451887584.281715	451887722.735639
56	42	452741488.506547	452741684.545389
57	59	453670409.166075	453680050.872218
58	32	455584018.669143	455584093.658792
59	-	455608212.155118	455608214.860036
60	44	455809371.435302	455809531.830720
61	38	456865537.974820	456903243.639481
62	42	457455884.967906	457456045.889280
63	33	459473838.460082	459473926.984619
64	31	462110077.996299	462110312.121191
65		464702559.623808	464702559.623808
66	44	467483545.570055	467483660.172315
67	42	470158038.459995	470158098.741633
68	30	473201031.008240	473201163.945915
69	33	475375971.852780	475376097.595105
70	37	478062358.992802	478062463.020393
71	32	480521803.492610	480521942.521154
72	34	483285291.629502	483285380.062840
73	32	485902001.772862	485902101.978958
74		491061883.649368	491061984.158349
75	41	491061984.874328	491062085.066249
76	30	493684785.063337	493684961.219650
