1	556659728.737807
z03mangahere	Osake wa Fuufu ni Natte Kara	27	553386585.503450	L	http://www.mangahere.cc/manga/osake_wa_fuufu_ni_natte_kara/	553386585.503450
1		530681716.679262	530681769.582838
2		530681770.273382	530681802.084110
3		530681802.533820	530681850.953017
4		530681851.636541	530681905.139048
5		530681905.869504	530681954.225326
6		530681954.934935	530681991.579494
7		530681992.244350	530682045.975651
8		530682046.308916	530682099.162885
9		530682099.794669	530682155.014453
10	14	530682155.609833	530682180.182868
11	24	532271445.335257	532271592.191565
12	17	532966947.181154	532967012.897927
14	14	535682569.927244	535682624.221256
15	14	536534550.535690	536534610.534526
16	14	541776471.694331	541776559.636326
17	13	542086969.264101	542087039.529910
18	13	542206408.424096	542206473.414841
19	14	546100393.060048	546100451.037123
20	14	546230281.627745	546230355.730886
21	14	546319869.048948	546319950.344251
22	23	546438193.595316	546438345.903328
23	17	548395484.221331	548395543.601214
24	13	549259137.837613	549259187.046007
25	14	550618980.618384	550619021.979146
26	14	552917072.034638	552917118.137931
27	14	553386585.503450	553386643.609694
