1	557947842.164784
z03mangahere	Perfect World (ARUGA Rie)	25	551243131.252442	L	http://www.mangahere.cc/manga/perfect_world_aruga_rie/	551243131.252442
1		526341134.822018	526341321.830183
2		526341322.617010	526341569.529861
3		526341570.800250	526341633.599645
4		526400273.373829	526400377.735045
5	40	526400379.087791	526402496.579488
6	35	526830625.503793	526830784.856393
7	35	528645300.292329	528645374.915354
8	35	529429610.365951	529430331.322139
9		531718160.606287	531718168.752991
10	36	531718169.509293	531718367.277339
12	35	535217377.868268	535217781.879171
13	34	535527834.492049	535529935.243466
15	35	536652408.277658	536652471.998449
14	1	537893230.956285	537893313.469007
16		539448684.497973	539448800.079080
17	37	539448800.730220	539448954.537225
18		544122465.415832	544122579.320502
19	35	544122589.559377	544122688.134083
20	36	544976481.311922	544976584.031130
23	35	549471626.194311	549471712.542735
22		551243030.793062	551243030.793062
24		551243033.462837	551243130.643474
25	36	551243131.252442	551243283.391288
