1	537852882.886605
z03mangahere	Kimi no Iru Machi	261.6	537852860.325879	L	http://www.mangahere.cc/manga/kimi_no_iru_machi/	537852860.325879
79		400649026.398768	400649026.398768
73		400649026.398768	400649026.398768
68		400649026.398768	400649026.398768
62		400649026.398768	400649026.398768
56.5		400649026.398768	400649026.398768
51		400649026.398768	400649026.398768
45		400649026.398768	400649026.398768
39		400649026.398768	400649026.398768
33		400649026.398768	400649026.398768
49		400649026.398768	400649026.398768
11		400649026.398768	400649026.398768
212		400649026.398768	400649026.398768
16		400649026.398768	400649026.398768
30		400649026.398768	400649026.398768
200	23	403671933.421835	403672003.430638
24.5		400649026.398768	400649026.398768
19		400649026.398768	400649026.398768
205		400649026.398768	400649026.398768
194		400649026.398768	400649026.398768
188		400649026.398768	400649026.398768
182		400649026.398768	400649026.398768
176		400649026.398768	400649026.398768
170		400649026.398768	400649026.398768
164		400649026.398768	400649026.398768
155		400649026.398768	400649026.398768
149		400649026.398768	400649026.398768
144		400649026.398768	400649026.398768
138		400649026.398768	400649026.398768
132		400649026.398768	400649026.398768
126		400649026.398768	400649026.398768
120		400649026.398768	400649026.398768
114		400649026.398768	400649026.398768
108		400649026.398768	400649026.398768
102		400649026.398768	400649026.398768
96		400649026.398768	400649026.398768
3		400649026.398768	400649026.398768
84		400649026.398768	400649026.398768
90		400649026.398768	400649026.398768
72		400649026.398768	400649026.398768
78.5		400649026.398768	400649026.398768
61		400649026.398768	400649026.398768
56		400649026.398768	400649026.398768
50		400649026.398768	400649026.398768
44		400649026.398768	400649026.398768
38		400649026.398768	400649026.398768
32		400649026.398768	400649026.398768
67		400649026.398768	400649026.398768
211		400649026.398768	400649026.398768
15		400649026.398768	400649026.398768
29		400649026.398768	400649026.398768
24		400649026.398768	400649026.398768
18		400649026.398768	400649026.398768
204		400649026.398768	400649026.398768
193		400649026.398768	400649026.398768
187		400649026.398768	400649026.398768
181		400649026.398768	400649026.398768
175		400649026.398768	400649026.398768
169		400649026.398768	400649026.398768
163		400649026.398768	400649026.398768
154		400649026.398768	400649026.398768
148		400649026.398768	400649026.398768
143		400649026.398768	400649026.398768
137		400649026.398768	400649026.398768
131		400649026.398768	400649026.398768
125		400649026.398768	400649026.398768
119		400649026.398768	400649026.398768
113		400649026.398768	400649026.398768
107		400649026.398768	400649026.398768
101		400649026.398768	400649026.398768
95		400649026.398768	400649026.398768
89		400649026.398768	400649026.398768
2		400649026.398768	400649026.398768
78		400649026.398768	400649026.398768
83		400649026.398768	400649026.398768
66		400649026.398768	400649026.398768
71.5		400649026.398768	400649026.398768
55		400649026.398768	400649026.398768
60		400649026.398768	400649026.398768
43		400649026.398768	400649026.398768
162		400649026.398768	400649026.398768
31		400649026.398768	400649026.398768
37		400649026.398768	400649026.398768
10		400649026.398768	400649026.398768
210		400649026.398768	400649026.398768
14		400649026.398768	400649026.398768
28		400649026.398768	400649026.398768
23		400649026.398768	400649026.398768
209		400649026.398768	400649026.398768
203		400649026.398768	400649026.398768
192		400649026.398768	400649026.398768
186		400649026.398768	400649026.398768
180		400649026.398768	400649026.398768
174		400649026.398768	400649026.398768
168		400649026.398768	400649026.398768
159		400649026.398768	400649026.398768
153		400649026.398768	400649026.398768
147		400649026.398768	400649026.398768
142		400649026.398768	400649026.398768
136		400649026.398768	400649026.398768
130		400649026.398768	400649026.398768
124		400649026.398768	400649026.398768
118		400649026.398768	400649026.398768
112		400649026.398768	400649026.398768
106		400649026.398768	400649026.398768
100		400649026.398768	400649026.398768
9		400649026.398768	400649026.398768
88		400649026.398768	400649026.398768
1		400649026.398768	400649026.398768
77		400649026.398768	400649026.398768
94		400649026.398768	400649026.398768
65		400649026.398768	400649026.398768
82		400649026.398768	400649026.398768
54		400649026.398768	400649026.398768
161		400649026.398768	400649026.398768
42		400649026.398768	400649026.398768
36		400649026.398768	400649026.398768
46		400649026.398768	400649026.398768
71		400649026.398768	400649026.398768
59		400649026.398768	400649026.398768
215		400649026.398768	400649026.398768
199		400649026.398768	400649026.398768
13		400649026.398768	400649026.398768
27		400649026.398768	400649026.398768
22		400649026.398768	400649026.398768
208		400649026.398768	400649026.398768
197		400649026.398768	400649026.398768
191		400649026.398768	400649026.398768
185		400649026.398768	400649026.398768
179		400649026.398768	400649026.398768
173		400649026.398768	400649026.398768
167		400649026.398768	400649026.398768
158		400649026.398768	400649026.398768
152		400649026.398768	400649026.398768
146		400649026.398768	400649026.398768
141		400649026.398768	400649026.398768
135		400649026.398768	400649026.398768
129		400649026.398768	400649026.398768
123		400649026.398768	400649026.398768
117		400649026.398768	400649026.398768
111		400649026.398768	400649026.398768
105		400649026.398768	400649026.398768
99		400649026.398768	400649026.398768
93		400649026.398768	400649026.398768
8		400649026.398768	400649026.398768
81		400649026.398768	400649026.398768
87		400649026.398768	400649026.398768
70		400649026.398768	400649026.398768
75		400649026.398768	400649026.398768
58		400649026.398768	400649026.398768
64		400649026.398768	400649026.398768
160		400649026.398768	400649026.398768
53		400649026.398768	400649026.398768
35		400649026.398768	400649026.398768
41		400649026.398768	400649026.398768
47		400649026.398768	400649026.398768
214		400649026.398768	400649026.398768
6		400649026.398768	400649026.398768
198		400649026.398768	400649026.398768
202		400649026.398768	400649026.398768
26		400649026.398768	400649026.398768
21		400649026.398768	400649026.398768
207		400649026.398768	400649026.398768
196		400649026.398768	400649026.398768
190		400649026.398768	400649026.398768
184		400649026.398768	400649026.398768
178		400649026.398768	400649026.398768
172		400649026.398768	400649026.398768
166		400649026.398768	400649026.398768
157		400649026.398768	400649026.398768
151		400649026.398768	400649026.398768
145		400649026.398768	400649026.398768
140		400649026.398768	400649026.398768
134		400649026.398768	400649026.398768
128		400649026.398768	400649026.398768
122		400649026.398768	400649026.398768
116		400649026.398768	400649026.398768
110		400649026.398768	400649026.398768
104		400649026.398768	400649026.398768
98		400649026.398768	400649026.398768
92		400649026.398768	400649026.398768
7		400649026.398768	400649026.398768
80		400649026.398768	400649026.398768
86		400649026.398768	400649026.398768
69		400649026.398768	400649026.398768
74		400649026.398768	400649026.398768
57		400649026.398768	400649026.398768
52		400649026.398768	400649026.398768
76		400649026.398768	400649026.398768
40		400649026.398768	400649026.398768
34		400649026.398768	400649026.398768
48		400649026.398768	400649026.398768
63		400649026.398768	400649026.398768
213		400649026.398768	400649026.398768
17		400649026.398768	400649026.398768
12		400649026.398768	400649026.398768
201	1	413621620.657781	413621622.472642
25		400649026.398768	400649026.398768
20		400649026.398768	400649026.398768
206		400649026.398768	400649026.398768
195		400649026.398768	400649026.398768
189		400649026.398768	400649026.398768
183		400649026.398768	400649026.398768
177		400649026.398768	400649026.398768
171		400649026.398768	400649026.398768
165		400649026.398768	400649026.398768
156		400649026.398768	400649026.398768
150		400649026.398768	400649026.398768
144.5		400649026.398768	400649026.398768
139		400649026.398768	400649026.398768
133		400649026.398768	400649026.398768
127		400649026.398768	400649026.398768
121		400649026.398768	400649026.398768
115		400649026.398768	400649026.398768
109		400649026.398768	400649026.398768
103		400649026.398768	400649026.398768
97		400649026.398768	400649026.398768
91		400649026.398768	400649026.398768
85		400649026.398768	400649026.398768
216		400649026.398768	400649026.398768
217		400649026.398768	400649026.398768
232		400649026.398768	400649026.398768
233		400649026.398768	400649026.398768
234		400649026.398768	400649026.398768
235		400649026.398768	400649026.398768
236		400649026.398768	400649026.398768
237		400649026.398768	400649026.398768
231		400649026.398768	400649026.398768
230		400649026.398768	400649026.398768
229		400649026.398768	400649026.398768
228		400649026.398768	400649026.398768
227		400649026.398768	400649026.398768
226		400649026.398768	400649026.398768
225		400649026.398768	400649026.398768
224		400649026.398768	400649026.398768
223		400649026.398768	400649026.398768
222		400649026.398768	400649026.398768
221		400649026.398768	400649026.398768
220.5		400649026.398768	400649026.398768
220		400649026.398768	400649026.398768
219		400649026.398768	400649026.398768
218		400649026.398768	400649026.398768
200.5		403671918.074359	403671931.315633
190.5		400649026.398768	400649026.398768
5		400649026.398768	400649026.398768
4		400649026.398768	400649026.398768
238		400649026.398768	400649026.398768
239		400649026.398768	400649026.398768
240		400649026.398768	400649026.398768
241		400649026.398768	400649026.398768
242		400649026.398768	400649026.398768
243		400649026.398768	400649026.398768
245		401601168.514438	401601168.514438
244		401601168.930213	401601168.930213
246	19	402204975.877286	402205210.916989
247	18	403286841.195112	403286893.970267
244.5	10	403275314.460547	403275410.937089
200.1		403671931.694577	403671933.032411
248	18	404079553.245924	404079621.501637
249		404541446.249130	404541446.249130
200.2	21	404739340.415694	404739419.761739
250		405147012.281493	405147012.281493
251		405924163.845202	405924163.845202
252		406909880.629533	406909880.629533
253	19	406909883.633350	406910029.663382
200.3	21	407249566.054503	407249770.885588
254		407651272.448728	407651272.448728
256		409633018.631802	409633018.631802
255		409633019.014097	409633019.014097
200.4	21	410070481.578787	410070641.488557
257	19	411200875.279569	411200878.499255
258	19	411833808.620748	411833948.961122
259		412488000.539450	412488000.539450
260	21	413124132.959123	413124134.587474
200.6		413124019.163251	413124125.449039
261	30	417925305.734284	417925306.590992
200.7		413621527.381059	413621619.563576
1.1	44	413703979.733337	413704086.446839
260.5	5	417925230.423398	417925241.433897
200.8	10	417925245.403408	417925300.655876
261.5	20	418485189.757795	418485315.915575
261.6	11	537852860.325879	537852881.351827
