1	565917297.804797
z03mangahere	Grand Blue	46	565899029.239772	L	http://www.mangahere.cc/manga/grand_blue/	565899029.239772
1		563486170.631381	563486254.946174
2		563486255.383793	563491062.786445
3		563491063.281411	563491354.281119
4		563491354.949148	563491978.497419
5		563491978.948429	563492171.307956
6	14	563492172.042241	563492348.152840
7		555432314.949601	555432327.039343
8		555432327.419712	555432332.156853
8.5		555432332.575783	555432343.674059
9		555432344.059067	555432568.016898
10		555432568.603830	555432820.962065
11		555432821.978000	555433090.424781
12		555433090.994911	555433485.860656
12.5		555433486.643994	555433565.528827
13		555433565.998382	555433682.903925
14		555433683.418854	555433865.612185
15		555433866.203560	555434083.225271
16		555434106.128753	555434432.907355
17		555434434.518270	555434800.223566
18		555434809.532610	555435019.527367
19		555435033.138867	555435268.196006
20		555435268.793966	555435413.686888
21		555435414.202252	555435750.156995
21.5		555435750.655136	555435924.365480
22		563492356.593555	563492597.845493
23		563492598.458778	563492821.590986
24		563492822.204055	563493155.040412
25		563493155.789232	563493490.939468
25.5		563493491.651930	563493678.393731
26		563493679.125556	563493857.518781
27		563493858.213653	563494061.528486
28		563494062.245462	563499915.066174
28.5		563499915.569056	563500206.056420
29		563500206.756338	563501993.935338
30		563501994.511474	563502160.222429
31		563502160.697689	563503726.552103
32		563503727.135253	563503737.916511
33		563503738.603486	563504058.949586
34		563504059.653259	563504247.824779
35		563504248.376570	563504433.633675
36		563504434.111517	563504599.490831
36.5		563504599.994701	563504681.294465
37		563504681.913123	563504935.704380
38		563504936.373168	563505508.849274
39		563505509.529742	563505695.040413
40		563505695.583850	563509088.578811
41		563509089.184509	563509342.884168
42		563509343.533172	563509682.998926
44		563509683.510362	563509832.671659
45		563509833.209477	563509937.025549
47		563509937.559258	563510249.671108
48	44	563510250.193553	563510502.994409
49	39	564434209.090000	564434812.994990
41.5	24	565881878.636568	565882121.736099
42.5		565882125.224554	565882134.374123
43	37	565882134.803280	565882679.971286
46	37	565899029.239772	565917295.988910
