1	555514268.959647
z03mangahere	Baby, Kokoro no Mama ni!	18	551449099.164833	L	http://www.mangahere.cc/manga/baby_kokoro_no_mama_ni/	551449099.164833
1		517881953.039801	517882145.608181
2		517882146.336083	517882281.950565
3		517882282.713334	517882473.062693
4		517882473.827247	517892031.381304
5		517892032.142656	517892121.087863
6		517892121.739658	517892271.983110
7		517892272.780674	517892415.741701
8		517892416.435722	517892547.700332
9		517892548.380380	517892697.777387
10		517892698.468459	517892798.850148
11		517892799.566921	517899151.176066
12	32	517899151.658289	517899282.750113
13	32	523171273.391905	523171377.206458
14	32	530803182.829562	530803381.115469
15		539242944.676148	539243112.107262
16	32	539243112.715096	539243272.004239
17	24	544026456.006733	544027517.875881
18	36	551449099.164833	551449267.038243
