1	557776578.377017
z03mangahere	Mousou Telepathy	612	551590430.423988	L	http://www.mangahere.cc/manga/mousou_telepathy/	551590430.423988
1		524721901.645301	524721916.553311
2		524721916.875045	524721930.475256
3		524721930.786550	524721947.594144
4		524721947.974158	524721962.492619
5		524721962.805443	524721994.079795
6		524721994.600093	524722018.646098
7		524722019.132514	524722030.245155
8		524722030.561561	524722047.316389
9		524722047.816456	524722407.950247
10		524722408.533320	524722418.366708
11		524722418.741357	524722438.968429
12		524722439.330259	524722454.801950
13		524722455.136004	524722472.570481
14		524722473.468806	524722489.466614
15		524722489.807680	524722503.538866
16		524722503.900403	524722520.690113
17		524722521.048540	524722537.824418
18		524722538.164731	524722560.142593
19		524722560.492829	524722576.827357
20		524722577.184271	524722587.911117
21		524722588.318575	524722604.045457
22		524722604.403929	524722621.963087
23		524722622.318318	524722636.947476
24		524722637.310342	524722651.765113
25		524722652.123112	524722660.332331
26		524722660.722610	524722674.566625
27		524722674.953879	524722691.279370
28		524722691.604008	524722706.998783
29		524722707.333014	524722717.502910
30		524722717.871424	524722736.887367
31		524722737.240097	524722753.339131
32		524722753.692601	524722767.072434
33		524722767.427485	524722786.773847
34		524722787.137820	524722803.713101
35		524722804.083657	524723373.941269
36		524723374.429406	524723398.981214
37		524723399.311125	524723420.727147
38		524723421.228378	524723436.295031
39		524723436.603240	524723455.881074
40		524723456.232148	524723467.102035
41		524723467.746815	524723488.003209
42		524723488.513055	524723503.699377
43		524723504.021238	524723527.633589
44		524723527.942061	524723542.621514
45		524723543.002241	524723568.492274
46		524723568.924982	524723584.776328
47		524723585.140351	524723595.077189
48		524723595.450804	524723615.076744
49		524723615.426498	524723641.047569
50		524723641.531674	524723668.631880
51		524723669.017215	524723988.807166
52		524725398.635376	524725406.674176
53		524725407.036265	524725423.625220
54		524725424.046249	524725438.159838
55		524725438.509621	524725452.826861
56		524725453.199232	524725465.761165
57		524725466.127022	524725484.912465
58		524725485.278441	524725505.942019
59		524725506.263594	524725516.531263
60		524725516.880587	524725528.293639
61		524725528.605676	524725552.033953
62		524725552.428868	524725569.168122
63		524725569.822048	524725592.236187
64		524725592.582135	524725604.632469
65		524725604.956015	524725625.871496
66		524725626.217326	524725634.706156
67		524725635.075120	524725658.758353
68		524751911.399833	524751924.078348
69		524751924.569305	524751945.815205
70		524751946.173049	524751972.700317
71		524751973.109068	524751999.635185
72		524752000.036655	524752020.504215
73		524752020.875177	524752046.002886
74		524752046.366423	524752071.306571
75		524752071.663005	524752087.174484
76		524752087.515594	524752098.659831
77		524752099.015210	524752118.342891
78		524752118.724537	524752163.829451
79		524752164.473684	524752186.847598
80		524752187.228000	524752222.316856
81		524752222.684274	524752231.650763
82		524752232.276501	524753344.043644
83		524753344.549995	524753358.056651
84		524753358.369150	524753368.973965
85		524753369.294478	524753390.491236
86		524753390.814681	524753405.345478
87		524753405.676533	524753426.466106
88		524753426.785844	524753438.316655
89		524753438.666461	524753457.967993
90		524753458.304872	524753474.580106
91		524753475.083177	524753496.268794
92		524753496.774479	524753536.740003
93		524753537.108697	524753560.525141
94		524753560.897629	524753576.776072
95		524753577.138464	524753599.844590
96		524753600.206674	524753611.544773
97		524753611.956974	524753630.879513
98		524753631.248612	524753647.276555
99		524753648.121189	524753665.298311
100		524753665.639248	524753685.016284
101		524753685.389068	524753704.217223
102		524753704.615749	524753718.952163
102.5		524753719.320067	524753856.497704
103		524753857.130657	524753867.028810
104		524753867.406617	524753889.679908
105		524753890.076345	524753904.459488
106		524753908.507271	524753933.382375
107		524753933.747736	524753959.567492
108		524753959.937047	524753974.968302
109		524753975.374420	524753990.569712
110		524753991.288513	524754011.687913
111		524754012.233099	524754040.006425
112		524754040.403964	524754071.675316
113		524754072.040840	524754089.392921
114		524754089.764387	524754105.510698
115		524754106.078287	524754122.911996
116		524754123.309175	524754148.096625
117		524754148.459390	524754164.780954
118		524754165.152631	524754176.581800
119		524754176.954615	524754185.949343
120		524754186.327637	524754203.383775
121		524754203.838720	524754382.695663
122		524754383.324132	524754405.146912
123		524754405.495334	524754428.648166
124		524754429.036985	524754446.766334
125		524754447.133692	524754462.133905
126		524754462.503229	524755197.677770
127		524755198.021609	524755239.351118
128		524755239.888377	524755263.003005
129		524755263.365280	524755291.538587
130		524755291.919072	524755327.307173
131		524755327.971563	524755343.391528
132		524755343.826459	524755365.809697
133		524755366.163592	524755388.028025
134		524755388.398456	524755404.259905
135		524755404.652310	524755431.135953
136		524755431.484293	524755456.437376
137		524755456.805885	524755472.302670
138		524755472.682823	524755497.890384
139		524755498.263251	524755524.591961
140		524755524.944231	524755548.009803
141		524755548.420608	524755564.591054
142		524755565.008513	524755592.162916
143		524755592.577107	524755608.362249
144		524755608.725228	524755628.475981
145		524755629.078172	524755650.202852
146		524755650.533571	524755674.735016
147		524755675.087961	524761204.260103
148		524761204.830827	524761229.200643
149		524761229.526256	524761251.653994
150		524761251.962807	524761274.536160
151		524761274.849184	524761295.209779
152		524761295.547908	524761312.973644
153		524761313.302612	524761327.246135
154		524761327.625744	524761350.076711
155		524761350.410941	524761378.519438
156		524761378.855416	524762280.715332
157		524762281.055994	524762302.000179
158		524762302.350663	524762322.651416
159		524762322.974187	524764313.278014
160		524764313.799985	524767741.709818
161		524767742.406577	524767772.975496
162		524767773.295567	524767795.549507
163		524767795.927114	524767811.512166
164		524767812.072950	524767833.047089
165		524767833.388322	524767858.420314
166		524767858.734318	524767881.188343
167		524767934.278114	524767956.997582
168		524767977.323063	524768211.278067
169		524768211.934359	524768232.011020
170		524768232.564139	524768252.213218
171		524768252.747118	524768272.530630
172		524768273.504677	524768289.348552
173		524768289.700432	524768850.688006
174		524768851.180622	524768871.457965
175		524768871.774368	524768904.680038
176		524768905.195594	524768925.960173
177		524768926.282159	524768946.427493
178		524768947.296869	524768961.067539
179		524768961.395266	524768974.395776
180		524768974.704168	524768991.652665
181		524768992.006741	524769006.570210
182		524769006.933462	524769035.822386
183		524769036.187222	524769058.190205
184		524769058.565397	524769088.475732
185		524769088.924363	524769124.394910
186		524769124.965675	524769146.825787
187		524769147.150457	524782369.707602
188		524782370.059906	524782402.920043
189		524782403.501311	524782424.521426
190		524782425.273612	524782447.689708
191		524782448.234055	524782464.140720
192		524782464.474412	524782485.723812
193		524782486.064516	524782510.193622
194		524782511.483312	524782529.862733
195		524782530.392433	524782551.312973
196		524782551.685864	524782564.931429
197		524782565.325514	524782587.749602
198		524782588.102153	524782612.833864
199		524782613.238516	524782626.117859
200		524782626.462749	524782635.135779
201		524782635.481981	524782657.003861
202		524782657.881431	524782668.432571
203		524782668.734455	524782682.034754
204		524782682.343657	524782698.318186
205		524782698.638540	524782713.652290
206		524782713.961058	524782730.040238
207		524782730.348252	524782773.344706
208		524782773.858993	524782785.906237
209		524782786.242274	524782804.734494
209.5		524782805.065190	524782910.304048
210		524782910.995883	524782921.772449
211		524782922.156017	524782935.583261
212		524782935.900738	524782947.734758
213		524782948.264250	524782964.270208
214		524782964.605957	524782977.041360
215		524782977.399679	524782988.542424
216		524782988.894614	524782998.192561
217		524782998.561112	524783008.026321
218		524783008.405467	524783020.260576
219		524783020.613666	524783030.694482
220		524783031.045943	524783045.112195
221		524783045.468479	524783060.030306
222		524783060.403212	524783078.881185
223		524783079.262909	524783091.782120
224		524783092.130545	524783103.899704
225		524783104.250240	524783608.499013
226		524783609.031714	524783635.717558
227		524783636.075913	524784060.095755
228		524784060.614608	524784084.314387
229		524784086.676344	524785110.180323
230		524785110.664991	524785123.847811
231		524785124.158918	524785136.351355
232		524785136.681631	524785148.881892
233		524785149.239316	524785166.322012
234		524785166.658684	524786087.626952
235		524786088.205527	524786111.697100
236		524786112.049434	524786137.549049
237		524786137.892157	524786161.933886
238		524786162.320089	524786182.835214
239		524786183.660476	524786800.159189
240		524786800.688792	524786815.192982
241		524786815.544971	524801420.465471
242		524801420.855276	524801440.038483
243		524801440.368683	524801461.139635
244		524801461.469223	524801475.313135
245		524801475.833182	524801490.191974
246		524801490.506214	524809751.811674
247		524809752.115624	524809777.534651
248		524809777.878781	524809788.535570
249		524811405.297350	524811417.387312
250		524811417.726554	524811442.586703
251		524811442.901927	524811465.252864
252		524811465.611188	524836965.608297
253		524836966.109441	524836992.566830
254		524836992.871444	524837181.889227
255		524837182.501518	524837209.337817
256		524837209.690400	524837233.321698
257		524837233.690233	524837257.757176
258		524837258.113729	524837292.659257
259		524837293.019896	524837308.260713
260		524837308.664390	524837329.094855
261		524837329.457470	524838394.525303
262		524838394.947160	524839944.238553
263		524839944.574335	524839971.053985
264		524839971.441858	524839993.186302
265		524839993.525856	524840051.255658
266		524840051.753509	524840066.710253
267		524840067.229692	524840080.945355
268		524840081.305072	524840093.607271
269		524840093.912163	524840108.391122
270		524840108.733149	524840126.581121
271		524840126.993813	524840145.332829
272		524840145.687361	524840157.049673
273		524840177.266926	524840190.152093
274		524840190.517962	524841676.347930
275		524841676.686668	524841690.147697
276		524841690.471277	524841712.755514
277		524841713.271630	524841729.885807
277.5		524841730.442354	524841745.274465
278		524841745.607715	524865943.526867
279		524865944.107021	524865962.450708
280		524865962.837460	524865991.618997
281		524865991.991008	524866012.850459
282		524866013.407711	524866035.539067
283		524866035.905459	524866047.339684
284		524866047.912558	524866067.651856
285		524866068.246960	524866131.698941
286		524866132.304330	524866149.829355
287		524866150.465028	524866235.568356
288		524866236.318025	524866247.002160
289		524866247.569108	524867509.897648
290		524867510.497192	524867523.308865
291		524867523.849243	524867541.126764
292		524867541.484865	524867561.477607
293		524867561.839062	524868528.538757
294		524868529.074619	524869623.944011
295		524869624.461333	524869640.211846
296		524869640.523405	524869659.514824
297		524869659.837046	524869672.111356
298		524869672.431521	524869687.418651
299		524869687.948359	524869704.863765
300		524869705.203525	524869716.084619
301		524869716.436300	524869733.815331
302		524869734.145182	524869749.704017
303		524869750.072683	524869772.518491
304		524869773.025190	524869783.787125
305		524869784.345907	524871313.257007
306		524871313.972339	524871329.531681
307		524871329.886966	524871354.704215
308		524871355.254910	524871369.617496
309		524871370.178528	524871392.599714
310		524871393.101091	524871422.224857
311		524871422.553078	524871435.540176
311.5		524871436.114568	524871574.955054
312		524871575.612772	524871626.020969
313		524871626.403522	524871633.898871
314		524871634.226520	524871654.323133
315		524871654.708483	524871677.774754
316		524871678.142126	524871695.893458
317		524871696.274262	524871716.993674
318		524871717.393319	524871733.873486
319		524871734.224685	524871747.279546
320		524871747.661854	524871762.696607
321		524871763.078271	524871787.960449
322		524871788.884081	524871804.146189
323		524871804.524496	524871816.605826
324		524871817.005846	524871835.590442
325		524871836.115502	524871860.592008
326		524871862.249909	524872200.830999
327		524872201.476552	524878853.709863
328		524878854.062412	524878874.811125
329		524878875.211318	524878889.656113
330		524878890.255865	524878906.642764
331		524878907.317176	524878918.962935
332		524878919.343704	524878940.997324
333		524878941.355941	524878958.015693
334		524878958.399697	524878978.783194
335		524878979.143740	524878995.967847
336		524878996.347796	524879012.352207
337		524879012.736055	524879028.651598
338		524879029.031744	524879054.904959
339		524879055.290600	524879070.673054
340		524879071.050587	524879085.573658
341		524879085.962074	524879103.121029
342		524879103.822327	524879122.643525
343		524900253.480965	524900274.923420
344		524900275.286306	524900298.479950
345		524900298.817438	524900330.098737
346		524900330.645148	524900349.243660
347		524900349.739443	524900382.429369
348		524900383.010309	524900397.967374
349		524900398.285799	524900415.348784
350		524900415.889470	524900433.866721
351		524900434.189719	524900454.370112
352		524900454.722362	524900472.258165
353		524900472.779287	524900491.755904
354		524900492.076693	524900512.387266
355		524900512.701401	524900530.068247
356		524900530.386350	524900554.392352
357		524900554.785872	524900575.976845
358		524900576.331478	524900596.878298
359		524900597.284676	524928858.722733
360		524928859.261555	524928884.995169
361		524928885.310791	524928935.787149
362		524928936.338217	524928987.540705
363		524928987.917836	524929002.555889
364		524929002.915768	524929042.428762
365		524929043.094401	524929064.729000
366		524929065.086369	524929077.329852
367		524929077.745182	524929094.581084
368		524929095.284905	524929115.832373
369		524929116.365906	524929130.677237
370		524929131.014411	524929140.844983
371		524929141.197866	524929165.302391
372		524929166.127974	524929187.187079
373		524929187.565488	524929214.938906
374		524929215.290564	524929231.773327
375		524929232.253841	524929264.826942
376		524929265.511314	524929288.460437
377		524929288.887855	524929318.295850
378		524929318.683421	524929337.663728
379		524929338.324619	524929357.115085
380		524929357.506560	524929395.244534
381		524929395.591704	524929411.118432
382		524930939.984165	524930944.324472
383		524930944.650650	524930956.980542
384		524930957.321961	524930982.534625
385		524930982.875328	524930997.683485
386		524930998.031853	524931006.594614
387		524931006.936103	524931021.981093
388		524931022.356009	524931035.152655
389		524931035.547152	524931050.721507
390		524931051.086813	524931064.955279
391		524931065.307392	524931077.739105
392		524931078.114746	524931094.356629
393		524931094.786499	524931115.758137
394		524931116.135061	524931144.909853
395		524931145.863717	524931152.789851
396		524931153.585241	524931167.128035
397		524931167.652416	524931173.372516
398		524931173.915804	524931177.839639
399		524931178.363661	524931184.679317
400		524931185.048642	524931206.424437
401		524931206.904557	524931215.127437
402		524931215.493280	524931224.792965
403		524931225.131242	524931236.660400
404		524931236.969990	524931259.298210
405		524931259.814183	524931278.051716
406		524931278.408276	524931299.053863
407		524931299.414262	524931345.289768
408		524931345.968832	524931360.653532
409		524931361.031506	524931380.058505
410		524931380.421006	524931394.176400
411		524931394.549860	524931406.971573
412		524931407.298590	524931428.595123
413		524931428.952288	524931443.729505
414		524931444.089165	524931454.380371
415		524931454.742113	524931461.813950
416		524931462.161150	524931468.931072
416.5		524931469.274680	524931553.503579
417		524931554.153666	524931570.087522
418		524931570.469197	524931580.555201
419		524931580.928363	524931588.605681
420		524931589.157719	524931600.506541
422	44	524931600.886376	524931639.464541
421		524976756.488927	524976756.488927
423	1	525061883.003880	525061896.744364
424	1	525095031.620914	525095053.048167
425	1	525183675.493975	525183686.873214
426	1	525266786.316897	525266802.431873
427	1	525356258.350002	525356284.605236
428	1	525444669.963882	525444685.943301
429	1	525503717.437911	525534773.650971
430	1	525585933.560127	525585940.063541
431	1	525638863.437196	525639384.449503
432	1	525788147.940499	525788178.644446
433	1	525874491.341072	525874527.041711
434	1	525968593.983160	525968626.548310
435	1	526049414.363139	526049446.076168
436		526278063.268151	526278916.469257
437		526278916.842747	526278957.770773
438	1	526278958.879888	526278980.462682
439	1	526399616.427904	526399632.237518
440	1	526475539.063231	526475556.321551
441	1	526574169.019150	526574234.944167
442		526829541.651438	526829581.963946
443		526829582.562413	526829594.979998
444	1	526829595.356617	526829617.394246
445	1	526910490.286110	526910527.619493
446	1	526998443.138110	526998477.106443
447	1	527084622.703145	527084655.328676
448	1	527175649.373399	527175668.740051
449		527430275.173389	527430773.165500
450		527430773.767916	527430799.144285
451	1	527430799.682880	527430827.584044
452	1	527516319.417458	527516332.943994
453		527775116.732273	527775126.266323
454		527775127.030707	527775138.751076
455		527775139.106802	527775150.651581
456		527775150.991662	527775163.918966
457		527775164.289487	527775181.186624
458		527775181.677623	527775190.872161
459		527775191.209031	527775209.772712
460		527775210.581947	527775225.023094
461		527775225.841931	527775248.692674
462		527775249.608686	527775266.676152
463		527775267.344741	527775287.876939
464		527775288.544353	527775305.692278
465		527775307.007215	527775316.907205
466		527775317.680080	527775327.596699
467		527775328.346990	527775335.946797
468		527775336.690942	527775360.565166
469		527775361.648096	527775376.616262
470		527775376.966637	527775384.133485
471		527775384.487567	527775394.463641
472		527775394.798006	527775406.261823
473	1	527775406.567019	527775424.471575
474		528006989.223061	528007063.578110
475		528007064.188102	528007070.326004
476		528007070.706944	528007092.513301
477		528007092.883240	528007102.847094
478		528007103.260054	528007111.314457
479		528007111.684476	528007118.931453
480		528007119.288666	528007125.349076
481		528007125.714883	528007131.663049
482		528007132.022850	528007138.849543
483		528007139.215951	528007162.780557
484		528007163.168529	528007174.482846
485		528007174.837446	528007192.819609
486		528007193.191171	528007215.104568
487		528007215.712059	528007238.139404
488		528007239.669124	528007263.374374
489		528007263.953104	528007279.558821
490		528007279.911874	528007310.837440
491	1	528007311.418694	528007320.071231
492		528007322.883166	528007384.732544
493	1	528007385.300756	528007408.649083
494		528034611.876243	528034630.715835
495		528034631.387314	528034663.901909
496		528034664.819587	528034700.253686
497	1	528034701.117747	528034717.373666
498	1	528167697.785277	528167728.948321
499.1	1	532617903.498601	532617926.616743
500	1	532846662.033686	532846747.691804
499	1	532928944.951769	532928949.597553
501	1	533138860.640222	533138890.164172
502	1	533454241.828101	533454275.339364
503	1	533485594.857568	533485612.066751
504		534098188.339299	534098217.329385
505		534098217.703675	534098225.972643
506		534098226.297794	534098236.429685
507	1	534098236.841457	534098264.109281
510	1	534174634.764188	534174647.938435
509		534340768.022517	534340768.022517
508		534340768.501619	534340768.501619
511	1	534340771.237161	534340790.696385
512		534838391.682029	534838405.856910
512.5	30	534838406.252439	534838542.073821
513	1	539276905.812848	539276918.626041
514	1	539530872.574663	539530897.242737
515	1	539622248.455391	539622265.139236
516	1	539707482.612829	539707500.117059
517	1	539813415.380008	539813436.870552
518	1	539878217.388216	539878232.115118
519		540222443.256301	540222469.397144
520	1	540222469.739627	540222484.503582
523		541226629.203644	541227427.531911
524	1	541227428.394560	541227446.494405
522		541227452.169513	541227452.169513
521		541231865.139940	541231865.139940
525		541265777.864959	541265792.311684
526		541265792.856980	541265809.914864
527		541265810.472253	541265836.682193
528		541265837.361050	541265890.534456
529	1	541265891.083651	541265916.193830
530	1	541487767.762222	541487781.906779
531		542296653.192277	542296667.929555
532		542296671.098378	542296686.363522
533		542296686.701821	542296697.530751
534		542296697.969881	542296716.333091
535		542296716.702202	542296742.666091
536		542296743.403509	542296763.133176
537		542296763.726049	542296778.000863
538		542296778.539635	542296797.061242
539	1	542296797.550910	542296819.015963
540	1	542433085.147908	542433101.506618
543		543031258.115956	543031277.665541
544		543031278.188177	543031302.541983
545	1	543031311.053249	543031342.319571
546		543381841.065879	543381853.667290
547		543381854.675869	543381876.421428
548	1	543381880.535764	543381927.343557
549		543589823.452841	543589846.166139
550	1	543589846.532933	543589889.227892
551		543870431.325228	543870448.671301
552	1	543870449.825588	543870465.488397
553		544107007.007296	544107029.645457
554	1	544107030.280493	544107071.248064
555	1	544195672.150919	544195710.302287
556		544711578.227172	544711613.720612
557		544711614.115134	544711640.671408
558		545954886.394696	545954891.967545
564	1	545954892.327366	545954898.540889
565	1	546100457.220256	546100487.630592
566		546294861.893891	546294877.063233
567	1	546294877.533388	546294904.155738
568		546528840.560967	546528850.355964
569	-	546641542.338931	546641542.338931
570	1	546641544.829964	546641560.543380
571		546984235.821389	546984244.632017
572	1	546984245.056402	546984250.116923
573	1	547062898.960946	547062914.030902
574	1	547062917.296442	547062934.205647
575		547615315.365515	547615336.124256
576		547615336.691446	547615354.028855
577		547615354.494136	547615364.144257
578	1	547615364.648831	547615381.473419
579		547823897.256709	547823907.455646
580	1	547823907.937065	547823926.264407
581	1	548082318.933331	548082338.306581
582		548434130.853641	548434147.735232
583		548434148.503667	548434166.307345
584		548434166.943162	548434193.203629
585	1	548434193.817540	548434212.454835
586		548774939.160877	548774954.505832
587	1	548774955.242979	548774964.102576
588		548942046.022827	548942100.450140
589	1	548942101.143573	548942116.515748
590	1	549053403.516937	549053423.741687
591	1	549259193.233304	549259211.923151
592	1	549375003.553776	549375031.138804
593	1	549429514.742611	549429538.797151
594	1	549518463.738764	549518484.087228
595	1	549592638.421695	549592655.897581
596	1	549850667.165911	549850687.875714
597	1	549980490.681962	549980522.919371
598	1	550027779.588997	550027801.983835
599	1	550099589.436391	550099610.052314
600	1	550211988.372959	550211995.315468
601	1	550466640.642452	550466679.114024
602	1	550553790.166586	550553818.041357
603	1	550683543.929428	550683559.193462
604	1	550726191.700742	550726219.087511
605	1	550843173.819930	550843197.339678
607	1	551157405.760996	551157421.675848
608	1	551236322.553223	551236341.066615
609	1	551333352.510134	551333375.146670
610	1	551424228.709343	551424250.007537
611		551590408.896374	551590429.316313
612	1	551590430.423988	551590447.267202
