1	555529202.118989
z03mangahere	Chikotan, Kowareru	33	554045927.067137	L	http://www.mangahere.cc/manga/chikotan_kowareru/	554045927.067137
1	2	525878477.846316	525878489.395938
10		525878493.617993	525878666.869375
11		525878667.502427	525878750.275297
12	3	525878750.890499	525878763.060562
16		525878766.063417	525879080.231538
17		525879080.833070	525879088.833588
18		525879089.231407	525879213.317070
19		525879213.960986	525879356.426300
20		525879356.979028	525879485.145965
21		525879485.533401	525881282.150638
22		525881282.489239	525881387.772801
23		525881388.158681	525881877.927757
24		525881878.527942	525882470.465381
25		525882471.092746	525882679.248617
26	20	525882679.813846	525883232.360251
2		469126383.930959	469126486.047820
3		469126926.191422	469126927.025868
4		469126928.113061	469126990.018082
5	20	469126991.104356	469127064.845042
6	20	470441731.425797	470441790.840031
7	22	474300953.195202	474301074.235770
8	18	474822782.162074	474822885.583559
9	18	475418987.405096	475419085.701228
13		512930555.808538	512930844.092751
14		512930844.740678	512931356.719537
15		512931357.556424	512931577.960898
27	19	546355915.000879	546356041.406878
28		546368249.931367	546373767.715866
29	20	546373768.337274	546373824.378247
30	19	548632431.195798	548646564.437476
31		550861707.161245	550861915.901539
32	20	550861916.361002	550861994.648331
33	19	554045927.067137	554046183.291026
