1	528667899.818037
z03mangahere	Sexless Friend	7	377581515.803797	L	http://www.mangahere.com/manga/sexless_friend/	377581515.803797
3		377581013.366319	377581013.366319
2		377580752.649811	377580752.649811
1		377580490.980933	377580490.980933
7	24	377581515.803669	377581515.803669
5		377581306.305358	377581306.305358
4		377581158.228660	377581158.228660
6		377581423.586026	377581423.586026
14		423710573.427261	423710573.427261
13		423710573.427261	423710573.427261
12		423710573.427261	423710573.427261
11		423710573.427261	423710573.427261
10		423710573.427261	423710573.427261
9		423710573.427261	423710573.427261
8		423710573.427261	423710573.427261
