1	540368839.082690
z03mangahere	Gantz	354	540368825.774344	L	http://www.mangahere.cc/manga/gantz/	540368825.774344
1		540311259.710104	540311846.501350
2		540311847.379835	540312170.973665
3		540312171.653630	540312416.460899
4		540312417.149237	540312476.577153
5		540312476.901205	540313025.704394
6		540313026.364061	540314427.914860
7		540314428.232846	540314486.881716
8		540314487.334367	540314522.513695
9		540314522.975714	540314581.469542
10		540314581.825177	540314646.774548
11		540314648.476000	540314882.833944
12		540314883.869064	540315010.958390
13		540315011.592134	540315054.859939
14		540315055.224284	540315115.495684
15		540315116.444394	540315229.571472
16		540315230.174350	540315452.830534
17		540315453.465944	540315513.080426
18		540315513.649685	540315593.732087
19		540315594.365257	540315648.900958
20		540315649.404716	540315824.228171
21		540315824.882528	540316259.382877
22		540316260.000583	540316378.352853
23		540316379.079257	540316546.707541
24		540316547.359482	540316674.761274
25		540316675.423083	540316757.180251
26		540316757.800565	540316923.099689
27		540316923.456081	540317065.005597
28		540317065.721444	540317156.425000
29		540317165.281294	540317226.143655
30		540317226.801968	540317363.097515
31		540317363.724939	540317452.834460
32		540317453.545783	540317531.267656
33		540317531.879233	540317592.653952
34		540317593.296840	540317651.706250
35		540317652.345798	540317906.330644
36		540317906.978537	540317962.398041
37		540317962.967854	540318000.527589
38		540318001.056082	540318069.514897
39		540318070.009880	540318114.915566
40		540318115.227463	540318158.023129
41		540318158.586762	540318215.992286
42		540318216.801907	540318273.628252
43		540318274.284925	540318330.647791
44		540318331.276536	540318372.583243
45		540318372.955099	540318416.868251
46		540318418.248639	540318470.954031
47		540318471.705877	540318516.939560
48		540318525.216558	540318573.236600
49		540318573.874789	540318609.844392
50		540318610.221951	540318663.530484
51		540318664.197593	540318694.281499
52		540318694.826443	540318739.233638
53		540318739.625376	540318841.588756
54		540318842.242068	540319252.951764
55		540319253.276702	540319294.800299
56		540319295.108410	540319373.726519
57		540319374.381138	540327631.443053
58		540327632.055943	540327759.350121
59		540327760.748810	540327873.836809
60		540327874.459970	540327952.241585
61		540327952.885573	540328012.759616
62		540328013.119617	540329550.943945
63		540329551.504486	540329614.514814
64		540329615.047364	540329666.217722
65		540329666.594224	540329711.136367
66		540329711.517403	540329748.454240
67		540329748.875114	540329799.522681
68		540329800.126095	540329846.584738
69		540329847.137339	540330863.146486
70		540330863.668583	540330922.721205
71		540330923.460000	540330974.273077
72		540330984.311344	540331023.875571
73		540331024.452189	540331121.494343
74		540331122.110538	540331195.799287
75		540331196.461232	540331240.301401
76		540331240.865775	540331289.670054
77		540331290.279135	540331741.218570
78		540331741.844781	540331778.752798
79		540331779.092166	540331830.692802
80		540331831.343366	540332672.881290
81		540332673.507714	540332732.030076
82		540332732.578251	540332812.182077
83		540332812.711429	540333495.118822
84		540333495.744273	540333536.087491
85		540333536.451322	540333580.006260
86		540333692.632240	540333732.081208
87		540333732.637026	540333775.668010
88		540333776.037572	540333812.502770
89		540333813.072079	540333854.653399
90		540333855.007927	540333896.522176
91		540333897.082047	540333949.558506
92		540333949.952324	540334006.262084
93		540334007.025150	540334246.006602
94		540334246.847035	540334312.193253
95		540334312.823114	540334353.211711
96		540334353.930774	540334383.680512
97		540334384.041235	540334434.266288
98		540334434.972549	540334470.799152
99		540334471.154739	540335277.085622
100		540335278.003152	540335614.705102
101		540335615.063124	540335694.462405
102		540335694.989151	540335739.930398
103		540335740.505771	540335801.017233
104		540335801.385619	540335844.669723
105		540335846.061306	540335895.821904
106		540335896.449772	540335930.373564
107		540335930.795443	540335966.808826
108		540335967.223873	540336049.062905
109		540336049.819260	540336279.691732
110		540336280.056095	540336330.544624
111		540336330.948490	540336392.547148
112		540336393.188922	540336453.615221
113		540336454.408703	540336498.752755
114		540336499.133379	540336546.916034
115		540336547.468197	540336598.604111
116		540336599.120036	540336652.627636
117		540336653.205769	540336733.415240
118		540336734.349703	540336849.204816
119		540336849.607031	540336927.458291
120		540336928.127358	540337001.596285
121		540337002.387186	540337065.882044
122		540337066.664838	540337122.702218
123		540337123.226556	540337155.219862
124		540337155.776314	540337192.038925
125		540337192.479048	540337225.240107
126		540337225.637894	540337281.842994
127		540337282.222917	540337507.616400
128		540337508.183255	540337564.222726
129		540337564.955449	540337599.624304
130		540337600.004247	540337629.142777
131		540337629.512891	540337665.577262
132		540337666.098040	540337707.262215
133		540337707.617394	540337753.741692
134		540337754.274537	540337796.612399
135		540337797.214033	540337864.402480
136		540337864.801491	540337930.788931
137		540337931.453517	540338008.008744
138		540338008.397528	540338065.012395
139		540338065.400158	540338251.419980
140		540338252.068252	540338314.155888
141		540338315.713989	540338377.257067
142		540338377.915994	540338445.995011
143		540338446.647927	540338496.945600
144		540338498.329411	540338576.517686
145		540338577.236212	540338617.435860
146		540338626.132144	540338683.735499
147		540338684.293289	540338839.927514
148		540338840.658084	540338897.298833
149		540338898.672916	540339057.820414
150		540339058.282659	540339133.976927
151		540339134.649698	540339381.621289
152		540339382.419779	540339434.973814
153		540339436.581178	540339476.608938
154		540339476.985922	540339538.209965
155		540339539.024497	540339621.649550
156		540339622.284075	540339662.834456
157		540339663.205967	540339698.752984
158		540339699.133825	540339747.605626
159		540339748.015597	540339795.022052
160		540339795.403677	540339846.059692
161		540339846.743266	540339951.931330
162		540339952.334270	540340089.853134
163		540340090.486873	540340159.205713
164		540340160.132823	540340247.891458
165		540340248.247170	540340369.713575
166		540340370.345493	540340413.253910
167		540340413.636966	540340466.706466
168		540340467.238108	540340585.845179
169		540340586.438602	540341038.362668
170		540341039.025799	540341299.325141
171		540341299.965144	540341365.726544
172		540341366.406139	540341424.589432
173		540341425.139003	540341477.493266
174		540341478.025562	540349849.416762
175		540349855.225350	540349927.850652
176		540349928.220249	540349986.587420
177		540349987.223180	540350517.088797
178		540350517.934709	540350579.291056
179		540350579.911987	540350652.193717
180		540350652.820242	540350694.461314
181		540350694.840635	540355766.840470
182		540355767.396296	540355839.896777
183		540355840.616640	540355906.599228
184		540355907.182974	540355966.865877
185		540355967.252552	540356045.070902
186		540356045.464599	540356110.437805
187		540356111.152129	540356188.493002
188		540356190.123598	540356412.433138
189		540356413.045655	540356494.454779
190		540356495.223920	540356568.303154
191		540356568.697825	540356648.128616
192		540356648.888560	540356713.511880
193		540356714.086178	540356802.484853
194		540356803.212625	540356872.753673
195		540356873.418251	540356930.839514
196		540356931.504597	540356976.974520
197		540356977.552345	540357047.294149
198		540357047.671792	540357106.291074
199		540357106.835776	540357154.898695
200		540357165.310956	540357216.666199
201		540357217.196995	540357266.336525
202		540357266.756965	540357641.345737
203		540357641.914255	540357674.731327
204		540357675.621113	540357777.705727
205		540357778.705850	540357872.363267
206		540357872.946251	540357950.199366
207		540357952.174499	540358154.891536
208		540358186.305535	540358212.244311
209		540358212.998590	540358255.177457
210		540358255.727921	540358295.679478
211		540358304.278370	540358350.131848
212		540358393.839807	540358400.652770
213		540358401.221527	540358441.200769
214		540358467.140188	540358481.192353
215		540358495.809562	540358524.558463
216		540358524.948412	540358575.027354
217		540358575.434800	540358649.814220
218		540358650.188841	540358701.599869
219		540358702.367808	540358743.318613
220		540358744.152015	540358814.638519
221		540358815.330915	540358867.441425
222		540358868.070284	540358912.209373
223		540358912.584505	540358963.312409
224		540358963.727093	540359016.547517
225		540359016.922033	540359057.232642
226		540359077.187432	540359146.770712
227		540359171.583909	540359247.022721
228		540359247.899387	540359330.578522
229		540359331.236650	540359396.148194
230		540359435.098846	540359453.777854
231		540359454.323689	540359504.284807
232		540359505.001841	540359545.884433
233		540359558.437235	540359606.524638
234		540359606.934793	540359666.843768
235		540359667.509423	540359727.563655
236		540359728.336631	540359773.365416
237		540359773.732148	540359826.261994
238		540359826.623471	540359929.755944
239		540359930.401889	540359963.740547
240		540359964.121415	540360004.959061
241		540360005.547281	540360041.911439
242		540360048.282085	540360089.323826
243		540360089.862819	540360137.265250
244		540360137.651512	540360185.551194
245		540360186.120052	540360235.769972
246		540360236.169419	540360314.474506
247		540360315.106779	540360406.677022
248		540360416.702145	540360466.048746
249		540360493.657096	540360564.769156
250		540360564.829702	540360617.184444
251		540360617.206291	540360670.804818
252		540360670.837643	540360757.749818
253		540360757.792912	540360831.700218
254		540360831.749468	540360891.086915
255		540360891.137326	540360949.740211
256		540360949.787522	540361038.342371
257		540361038.374462	540361078.298844
258		540361078.345591	540361114.052200
259		540361114.103558	540362789.535452
260		540362789.595232	540362851.202502
261		540362851.246582	540362899.235740
262		540362899.274154	540362959.957563
263		540362960.002885	540363031.708835
264		540363031.760267	540363082.344712
265		540363082.379661	540363151.850387
266		540363151.897906	540363206.336490
267		540363206.388838	540363246.687661
268		540363246.735119	540363303.938947
269		540363303.987646	540363341.992617
270		540363342.045907	540363391.077756
271		540363391.134585	540363430.611421
272		540363430.662525	540363481.249850
273		540363481.296179	540363525.066358
274		540363525.109669	540363573.953153
275		540363574.007621	540363626.236871
276		540363626.290053	540363900.977166
277		540363901.025744	540363967.542573
278		540363967.589605	540364029.255796
279		540364029.285142	540364120.098239
280		540364120.139074	540364190.367197
281		540364190.414675	540364235.833796
282		540364235.880200	540364326.066983
283		540364326.109534	540364371.634464
284		540364371.685264	540364421.569018
285		540364421.620318	540364517.338916
286		540364517.397640	540364618.282975
287		540364618.309819	540364679.872955
288		540364679.918217	540364722.691865
289		540364722.742684	540364751.477913
290		540364751.528662	540364814.763138
291		540364814.805121	540364850.227921
292		540364850.277938	540364920.022355
293		540364920.042728	540364956.832186
294		540364956.890616	540364998.831212
295		540364998.881381	540365033.062024
296		540365033.105240	540365090.032940
297		540365090.083784	540365148.521490
298		540365148.567898	540365216.339826
299		540365216.381604	540365297.720975
300		540365297.770912	540365340.972149
301		540365341.020900	540365450.860799
302		540365450.914985	540365504.908028
303		540365504.944511	540365567.548623
304		540365567.595358	540365640.118245
305		540365640.163793	540365684.618236
306		540365684.671227	540365737.935106
307		540365737.988198	540365794.257031
308		540365794.310133	540365843.456554
309		540365843.511123	540365900.237013
310		540365900.275772	540365967.831648
311		540365967.884463	540366013.049814
312		540366013.103314	540366077.617328
313		540366077.663571	540366197.341870
314		540366197.399156	540366266.291440
315		540366266.327496	540366332.414491
316		540366332.479888	540366378.847607
317		540366378.902963	540366432.586792
318		540366432.645123	540366528.729860
319	5	540366553.039091	540366560.279260
320		540366562.430198	540366628.862381
321		540366628.911792	540366691.181122
322		540366691.226995	540366743.282595
323		540366743.338286	540366786.432463
324		540366786.485944	540366830.217789
325		540366830.270572	540366917.505376
326		540366917.560932	540367001.659126
327		540367001.712715	540367151.049092
328		540367151.105586	540367203.269618
329		540367203.324577	540367288.148911
330		540367288.179112	540367352.293604
331		540367352.339213	540367402.679771
331.5		540367402.724534	540367444.332115
332		540367444.376162	540367496.181882
333		540367496.233820	540367563.288206
334		540367563.335904	540367687.124746
335		540367698.963782	540367703.033461
336		540367728.055014	540367821.929596
337		540367821.980511	540367882.297050
338		540367882.349195	540367922.198814
339		540367922.249111	540367996.164753
340		540367996.197356	540368074.908359
341		540368074.962727	540368129.526147
342		540368129.579577	540368177.629084
343		540368177.679860	540368224.447148
344		540368224.506424	540368279.816767
345		540368279.862855	540368344.737167
346		540368344.785892	540368392.555402
347		540368392.601325	540368454.344396
348		540368454.398471	540368530.630507
349		540368530.681906	540368575.250264
350		540368575.301128	540368623.644259
351		540368623.673168	540368672.482577
352		540368672.515247	540368737.623966
353		540368737.676481	540368758.972132
354	24	540368825.774344	540368828.562851
355		540368819.286059	540368825.731886
356	1	540368793.130279	540368797.711487
