1	555607466.191780
z03mangahere	How to Open a Triangular Riceball	35	521157490.480497	B	http://www.mangahere.cc/manga/how_to_open_a_triangular_riceball/	521157490.480497
1		491605930.595030	491606070.439988
2		491606070.814517	491606197.133263
3		491606197.971963	491606291.890688
4		491606292.595802	491606401.912789
5		491606402.673174	491606517.139496
6		491606518.452704	491606589.994009
7	19	491606591.233067	491606665.668437
8	24	491788475.598583	491788584.276236
9	23	492071118.239253	492071262.979901
10		493358709.217916	493358801.197360
11	21	493358802.178888	493358917.897036
12	21	503244991.550298	503245079.394604
13	24	503383655.346518	503383839.241104
14	17	504291104.399530	504291302.383998
15	21	504854852.189507	504855012.161694
16		506493245.484404	506493247.725976
17	21	506493248.400133	506493352.791193
18		509291141.704693	509291146.455267
19	17	509291146.811773	509291257.314680
20		509865366.057691	509894579.248528
21	8	509894580.054038	509894688.144451
22		510812334.500976	510812516.450450
23	22	510812517.577506	510812655.833375
24	21	511277777.269504	511277904.103433
25		519578426.036782	519578555.551625
26		519578556.261754	519578667.826046
27	21	519578668.265191	519578798.843601
28	19	519660248.418588	519660347.203821
29	20	519804512.670403	519804773.978585
30		520178133.669291	520178238.585380
31		521157107.671564	521157112.157801
32		521157112.170717	521157287.394548
33		521157287.448328	521157410.018418
34		521157410.083485	521157490.423527
35	25	521157490.480497	521157634.099209
