1	558987616.142139
z03mangahere	Yukuyuku Futari	11	531404760.154486	L	http://www.mangahere.cc/manga/yukuyuku_futari/	531404760.154486
7		520314469.056831	520314469.056831
6		520314469.056831	520314469.056831
5		520314469.056831	520314469.056831
4		520314469.056831	520314469.056831
3		520314469.056831	520314469.056831
2		520314469.056831	520314469.056831
1		520314469.056831	520314469.056831
8	9	523543201.406333	523543294.874625
9	8	525620173.753419	525620240.092391
10	9	529417448.225181	529417595.942051
11	8	531404760.154486	531404884.654468
