1	528653784.133473
z03mangahere	Tokiwa Kitareri!!	11	518898573.089823	L	http://www.mangahere.co/manga/tokiwa_kitareri/	518898573.089823
1		481224098.968301	481224804.948951
1.5		481224805.698249	481224864.382966
1.6		481224865.234934	481224984.423469
2		481224985.123441	481225157.729406
3		481225158.590194	481225268.204074
4		481225268.981362	481225424.835782
5		481225425.495080	481225488.102096
6		481225488.963434	481225565.133010
7		481225565.944761	481225621.820038
8		481225622.667092	481225723.443466
9		481225724.291312	481226245.891868
10		518884713.081170	518884799.556663
10.5		518884800.177112	518898572.639298
11	8	518898573.089823	518898593.401848
