1	556685717.030102
z03mangahere	1/11	16	555037405.668240	L	http://www.mangahere.cc/manga/1_11/	555037405.668240
1		498285443.530281	498285845.611056
2	50	498285846.431952	498286065.653054
3		498589130.078251	498589400.899251
4		498589401.620662	498589650.679987
5		498589651.348835	498589792.005656
6		498589792.987260	498589926.080857
7		498589927.416589	498590102.659009
8		498590103.326516	498594582.770706
9		498594583.326472	498594855.955308
9.5		498594856.700528	498595559.238208
9.6		498595559.851578	498595651.728347
10		498595652.408449	498596151.321634
11		498596151.775896	498597429.234299
12		498597429.627544	498597860.392187
13	57	498597861.085573	498598952.642468
15	51	554733601.502941	554733729.213152
16	56	555037405.668240	555037637.563263
