1	555005363.272232
z03mangahere	Iris Zero	36	500794927.739098	L	http://www.mangahere.cc/manga/iris_zero/	500794927.739098
1		396156563.805142	396156884.339780
2		396156885.026064	396157026.656405
3		396157027.231533	396157274.206386
4		396157275.784392	396157584.223059
5		396157590.915662	396157764.856495
6		396157765.465943	396158039.523042
7		396158040.358348	396158175.289741
8		396158175.843316	396158262.756389
9		396158263.322585	396158883.154895
10		396158883.820894	396159011.991069
11		396159013.500210	396159251.806375
12		396159253.225590	396159430.089704
13		396159430.677100	396159539.423133
14		396159540.038157	396159684.806429
15		396159686.186495	396159853.373184
16		396159853.920277	396159914.241423
17		396159915.640464	396160005.473047
18		396160006.056534	396160087.823128
19		396160088.390831	396160229.373066
20		396160229.945725	396160598.573071
20.5		396160599.207659	396160617.357742
21		396160617.916598	396160791.173094
22		396160791.787306	396160846.423069
23		396160846.976177	396161038.356534
24		396161039.726996	396161143.891388
25		396161144.442865	396161295.456804
26		396161303.155161	396161496.239776
27		396161496.813280	396161685.889743
27.5		396161686.465064	396161700.458771
28		396161701.014453	396161759.523073
29	23	396161760.085807	396161897.343735
30	29	404707379.835666	404707624.380050
31		407651323.316440	407651323.316440
32	19	410963657.696172	410963803.344168
32.5	9	413785694.703288	413785778.395236
33		416618953.792103	416618953.792103
33.5	15	418736096.895003	418736155.863333
34	35	491531034.872794	491531126.290670
35	43	494170168.592876	494170283.615423
36	35	500794927.739098	500795034.117228
