1	556659570.115615
z03mangahere	Kumika no Mikaku	18	553042331.511835	L	http://www.mangahere.cc/manga/kumika_no_mikaku/	553042331.511835
1		539714088.471756	539722610.020765
2		539722610.554657	539722731.244488
3		539722731.831837	539726167.858916
4		539726168.388306	539726289.349175
5		539730953.674213	539732020.844042
6		539732022.473930	539732138.254194
7		539753869.100282	539755535.540921
8		539761260.546448	539761263.204456
9		539761263.508918	539761384.177600
10		539761384.532430	539761710.142289
11		539761710.836495	539762051.722776
13		539762052.044532	539762140.972599
14	42	539762141.703379	539762289.589851
15	35	543392616.880620	543392824.511462
16	26	546642223.611194	546642357.956696
17	26	549606668.754942	549606894.428578
18	25	553042331.511835	553042440.970181
