1	558986163.942463
z03mangahere	Tsuyokute New Saga	54	554656603.757123	L	http://www.mangahere.cc/manga/tsuyokute_new_saga/	554656603.757123
1		515618685.663589	515618737.699141
2		515618738.123854	515618850.439566
3		515618851.139346	515618971.180180
4		515618972.845382	515619131.581945
5		515619132.280394	515620224.784253
6		515620225.373674	515620402.845982
7		515620403.426241	515620509.939458
8		515620510.638106	515620585.810885
9		515620586.610001	515620644.848499
10		515620645.578912	515620986.747825
11		515620987.390011	515621068.669606
12		515621069.369947	515621174.376600
13		515621175.023192	515625859.479842
14		515625860.104994	515625990.004052
15		515625990.665663	515626072.326261
16		515626073.034174	515626793.058204
17		515626793.691509	515626913.782101
18		515626914.168056	515627013.018156
19		515627013.677194	515627075.108669
20		515627075.842113	515627411.497286
21		515627412.230563	515627483.118887
22		515627483.786405	515627541.406001
23		515627542.059332	515627658.446845
24		515627659.167805	515627772.287636
25		515627772.987557	515627926.260679
26		515627928.063437	515628017.496775
27		515628018.089494	515628113.618878
28		515628114.219813	515628174.109517
29		515628180.448743	515632450.847915
30		515632451.249155	515634285.020774
31		515634285.479097	515634375.379566
32		515634375.863376	515634854.861964
33		515634855.585481	515635042.607859
34		515635043.338159	515635156.734499
35		515635157.820485	515635194.403768
36		515635195.096304	515639705.752603
37		515639706.395253	515639776.021419
38		515639776.436992	515639877.062918
39	16	515639878.309375	515639938.975358
40	17	517070151.415957	517070210.902225
41		523020280.300641	523020372.282721
42	24	523020372.941107	523020428.024848
43	12	524899271.757359	524899301.853472
44	14	528007891.164993	528007914.949418
45	20	530467025.566664	530467142.250958
46	22	532968671.008630	532968786.590534
47	20	535827099.074948	535827141.136963
48	28	538586916.282894	538586978.801662
49	14	540922433.284333	540923598.757844
50	22	543121780.222633	543121851.523735
51	24	546439073.747014	546439128.587999
52	22	548689490.590889	548689576.189545
53	12	551622449.048900	551622473.367672
54	11	554656603.757123	554656623.094242
