1	557030357.553998
z03mangahere	Suki ni Naranai yo, Senpai	16	557030342.116865	L	http://www.mangahere.cc/manga/suki_ni_naranai_yo_senpai/	557030342.116865
3	5	484459208.963990	484459216.505954
2		484459217.919483	484459217.919483
1		484459219.485018	484459219.485018
4	38	484751425.278213	484751540.991510
5		508179030.299016	508179134.466258
6	42	508179135.533083	508179189.673657
7		528910887.005851	528910943.720034
8	40	528910944.886677	528910999.248684
9	43	528994268.233210	528994510.659549
10	40	532986230.036001	532986358.170120
11	42	536618589.969883	536619258.656127
12	41	542679420.301854	542685776.409011
13	1	549474208.228714	549474209.790314
12.5		549474189.554051	549474207.814908
14	1	551579373.449911	551579374.664795
15	41	553807372.812683	553808051.158453
16	12	557030342.116865	557030356.002533
