1	564989984.602886
z03mangahere	Dragon Ball Heroes - Victory Mission	18	564989898.025117	L	http://www.mangahere.cc/manga/dragon_ball_heroes_victory_mission/	564989898.025117
1		469859650.154959	469859675.593116
2		469859675.966872	469859714.646419
3		469859715.018998	469859786.698403
4		469859787.430697	469859863.577501
5		469859864.475676	469859933.900120
6		469859935.399568	469859971.886614
7		469859974.069916	469860022.507521
8		469860025.090655	469860085.438233
9		469860087.303881	469860104.323159
10		469860105.210009	469860143.793191
11	8	469860145.951279	469860179.713025
12	5	475311275.710657	475311369.807399
13	7	486148846.034271	486148897.317837
14	8	500494798.389594	500494856.598402
15	11	506438770.906796	506438875.747737
15.5		560700301.146002	560700306.702783
16	7	560700307.472656	560700347.794262
17	16	561438762.563759	561439754.623306
18	15	564989898.025117	564989982.668335
