1	499208145.614297
z03mangahere	Bocchi na Bokura no Renai Jijou			L	http://www.mangahere.co/manga/bocchi_na_bokura_no_renai_jijou/	0.000000
14		464332573.133421	464332573.133421
13		464332573.133421	464332573.133421
12		464332573.133421	464332573.133421
11		464332573.133421	464332573.133421
10		464332573.133421	464332573.133421
9		464332573.133421	464332573.133421
8		464332573.133421	464332573.133421
7		464332573.133421	464332573.133421
6		464332573.133421	464332573.133421
5		464332573.133421	464332573.133421
4		464332573.133421	464332573.133421
3		464332573.133421	464332573.133421
2		464332573.133421	464332573.133421
1		464332573.133421	464332573.133421
