1	556737621.039865
z03mangahere	Mahou Tsukai no Yome	47	552859885.716807	L	http://www.mangahere.cc/manga/mahou_tsukai_no_yome/	552859885.716807
1		425198842.385171	425199124.767170
2		425199790.319964	425200205.239604
3		425200206.744802	425200519.516140
4		425200520.601480	425200619.907996
5		425200621.359978	425200709.099439
6		425200710.144021	425200832.843560
7	36	425200832.946060	425200986.463229
8	42	428113205.431222	428113388.681384
9	33	430981593.897004	430981689.318081
10	34	436680763.222624	436680897.337311
11		442211303.221798	442211404.325778
12		442211405.181708	442211528.189800
13	30	442211530.220426	442211612.213775
14	40	445009426.255587	445009541.961999
10.5	24	445835939.968288	445837943.874483
15	37	448465990.952189	448465992.436494
16	33	448559437.972237	448561064.884302
15.5		448559381.629575	448559437.414185
17	31	450101986.420436	450102049.822014
18	38	452697500.032446	452697559.204934
19	36	455501049.144626	455501302.229943
20	36	457992707.236100	457992811.445930
21	26	460956021.693817	460956168.205349
22	1	463925078.360880	463925251.756590
23	41	466461066.222638	466461122.864724
24		470430288.966999	470430346.587052
25	3	470430347.764511	470430353.972378
26	38	477976258.322077	477976391.491215
28	34	482537772.661514	482538876.988683
27		482537585.487642	482537771.038109
20.5	4	484752344.972223	484752390.823134
25.5	3	485416311.778974	485416319.870835
29	36	489187722.346395	489187897.201971
30	35	492150273.658646	492150382.966126
31	36	493655172.872791	493655259.480831
32	37	495539091.778605	495539205.928635
33	36	498975670.837899	498977505.076222
34	33	501922096.864559	501922180.161636
35	29	507277046.583162	507277699.557870
36	35	508952991.328625	508953073.222364
37	37	511367675.644542	511367786.357424
38	33	519540286.391196	519577500.925763
39	34	525099564.590267	525100006.331290
40	32	527783069.659366	527783219.531362
41	37	529508416.644243	529508498.198326
42	35	535706813.008908	535706998.284156
43	35	541438269.917756	541449983.125219
45	64	547394861.555716	547395030.870556
46	1	548693570.049038	548693573.701360
47	34	552859885.716807	552860038.670783
