1	555831719.305141
z03mangahere	Sweetness and Lightning	56	555831581.952513	L	http://www.mangahere.cc/manga/sweetness_and_lightning/	555831581.952513
44		539729644.409769	539729739.609431
40		539728878.127301	539729018.363878
41		539729019.014098	539729178.069980
42		539729178.740380	539729539.532196
43		539729569.964658	539729643.755783
39		539729562.572922	539729562.572922
38		539729562.572922	539729562.572922
37		539729562.572922	539729562.572922
36		539729562.572922	539729562.572922
35		539729562.572922	539729562.572922
34.5		539729562.572922	539729562.572922
34		539729562.572922	539729562.572922
33		539729562.572922	539729562.572922
32		539729562.572922	539729562.572922
31		539729562.572922	539729562.572922
30		539729562.572922	539729562.572922
29		539729562.572922	539729562.572922
28		539729562.572922	539729562.572922
27		539729562.572922	539729562.572922
26		539729562.572922	539729562.572922
25		539729562.572922	539729562.572922
24		539729562.572922	539729562.572922
23		539729562.572922	539729562.572922
22		539729562.572922	539729562.572922
21		539729562.572922	539729562.572922
20		539729562.572922	539729562.572922
19		539729562.572922	539729562.572922
18		539729562.572922	539729562.572922
17		539729562.572922	539729562.572922
16		539729562.572922	539729562.572922
15		539729562.572922	539729562.572922
14		539729562.572922	539729562.572922
13		539729562.572922	539729562.572922
12		539729562.572922	539729562.572922
11		539729562.572922	539729562.572922
10		539729562.572922	539729562.572922
9		539729562.572922	539729562.572922
8		539729562.572922	539729562.572922
7		539729562.572922	539729562.572922
6		539729562.572922	539729562.572922
5.5		539729562.572922	539729562.572922
5		539729562.572922	539729562.572922
4		539729562.572922	539729562.572922
3		539729562.572922	539729562.572922
2		539729562.572922	539729562.572922
1		539729562.572922	539729562.572922
51	33	539729740.435371	539730905.312180
52	33	542296828.973401	542297035.143205
54	32	547560276.439084	547560420.906081
55	33	555340940.698420	555341030.008235
56	39	555831581.952513	555831718.078126
