1	558979158.634597
z03mangahere	Suki desu Suzuki-kun!!	64	535319080.762936	L	http://www.mangahere.cc/manga/suki_desu_suzuki_kun/	535319080.762936
1		398012112.689245	398012411.604536
2		398012413.150293	398012562.920879
3		398012564.380019	398012658.887557
4		398012660.328150	398012742.370913
5		398012743.887423	398012820.437565
6		398012821.815515	398012910.737535
7		398012912.136271	398013038.187584
8		398013039.631224	398013158.421420
9		398013159.845281	398013272.787551
10		398013274.232971	398013393.287787
11		398013394.925384	398013490.537522
12		398013491.935707	398013640.454234
13		398013640.938790	398013765.737538
14		398013767.186175	398013923.670882
15		398013925.072493	398013997.637684
15.1		398013998.204835	398014054.687711
16		398014056.050184	398014186.404255
17		398014186.940366	398014289.070926
18		398014290.457807	398014408.687614
19		398014410.063925	398014569.920954
20		398014570.543972	398014658.937557
21		398014660.341599	398014772.887624
22		398014774.422002	398014873.637645
23		398014875.069565	398014949.621100
24		398014951.047716	398015054.970950
25		398015056.428171	398015148.637547
25.5		398015149.187611	398015188.470957
26		398015189.827538	398015288.787593
27		398015290.222249	398015430.204297
28		398015431.623986	398015537.854251
29		398015539.245755	398015686.420910
30		398015687.824693	398015770.521365
30.5		398015771.071881	398015822.105604
31		398015822.562052	398015941.321030
32		398015942.701198	398016033.437601
33		398016034.885187	398016101.204271
34		398016102.659839	398016178.737599
35		398016180.173929	398016271.187593
35.5		398016271.817767	398016292.604264
36		398016293.620678	398016416.854266
37		398016418.271384	398016511.970938
38		398016513.382867	398016645.520026
39		398016745.930657	398016747.521062
40		398016748.087808	398016849.820980
40.5		398016867.271841	398016923.488054
41		398016924.920436	398017093.237590
42		398017094.729352	398017263.771248
43		398017264.416012	398017360.337586
44	38	398017360.501729	398017498.007135
45	41	399790320.330588	399790474.374208
46		401888575.763957	401888575.763957
47		401888576.199785	401888576.199785
48	43	403585390.883540	403585716.867240
49	40	405228063.417567	405228219.675462
50		409727555.458128	409727555.458128
51		410502837.489341	410502837.489341
52	39	418485325.710632	418485535.832843
53	39	422159227.178612	422159421.896735
54		435554374.001378	435554375.714261
55	32	435554376.968781	435554520.834547
56	42	445301858.258232	445301991.862312
57	36	457160618.303974	457160766.086586
58	39	471833577.873766	471833748.592528
59	34	481579376.281804	481579517.335561
60	43	490856207.420727	490856351.358144
61	34	494343571.407927	494343736.920451
62	38	506317844.710714	506318002.915419
63	34	519056135.567098	519056278.905198
64	37	535319080.762936	535319184.022387
