1	530198316.880964
z03mangahere	Kanojo wa Rokurokubi	22.1	508309827.824379	L	http://www.mangahere.co/manga/kanojo_wa_rokurokubi/	508309827.824379
1		487176460.479694	487176581.381029
2		487176582.116522	487176667.869989
3		487176668.266054	487176911.602748
4		487176912.289132	487177008.675691
5		487177009.366644	487177129.616953
6		487177130.398038	487177228.356838
7		487177229.215817	487177318.796098
8		487177319.549733	487177392.317531
9		487177392.966042	487177482.090021
10		487177507.599186	487177670.188338
11		487177670.776740	487177742.557089
12		487177743.177472	487177842.880360
12.1		487177843.633994	487177849.411744
12.2		487177849.753638	487177860.833046
12.4		487177861.233954	487177870.433755
13		487177870.796477	487177941.403546
10.1	8	481323688.975575	481323715.560578
13.1		487177942.138605	487177955.836376
14		487177956.182637	487178016.725307
15	30	487178017.402959	487178088.667807
16	33	487176359.942239	487176457.428644
17	1	490283798.141405	490283798.847718
16.1		490283770.484699	490283797.354934
18	33	492445485.889334	492445641.229183
19	31	495120913.747558	495121056.923133
19.1		495951863.552963	495951874.173295
19.2		495951874.954951	495952140.836444
19.3		495952141.988567	495952159.570975
19.6		495952159.954322	495952179.005396
19.8	2	495952179.388111	495952198.157982
20		498371558.136124	498371558.136124
21	29	501350020.777607	501350113.659159
22	33	502954872.812336	502954958.101164
22.1	18	508309827.824379	508309906.924124
