1	558976671.518619
z03mangahere	Risou no Himo Seikatsu	14	557093295.194994	L	http://www.mangahere.cc/manga/risou_no_himo_seikatsu/	557093295.194994
1		531409418.487231	531409624.092016
2		531409624.628753	531409694.228255
3		531409694.754772	531409795.519642
4		531409796.478981	531409911.240576
5		531409911.900186	531409986.875666
6		531409987.438453	531410061.510380
7		531410062.048734	531410124.521484
8	36	531410125.118567	531410289.075629
9	34	533050583.865210	533050730.561372
11	32	535682224.907042	535682565.087804
10	37	535878933.369942	535879108.100664
12	31	540885758.135415	540885975.636628
13	35	549178098.081001	549178367.290166
14	37	557093295.194994	557093438.454209
