1	557771882.758561
z03mangahere	Pokemon - Dating a Team Magma Grunt (Doujinshi)	10	521800506.619973	B	http://www.mangahere.cc/manga/pokemon_dating_a_team_magma_grunt_doujinshi/	521800506.619973
8		521800147.169115	521800347.078879
7		521800007.995040	521800147.115460
6.5		521799990.107555	521800007.956664
6		521799838.460335	521799990.055005
5		521799768.553050	521799838.411993
4.5		521799756.053072	521799768.522263
4		521799646.560917	521799756.004564
3		521799580.574324	521799646.513634
2		521799517.103749	521799580.543012
1		521799408.680598	521799517.071874
8.5		521800347.136882	521800381.298996
9		521800381.336919	521800506.589120
10	7	521800506.619973	521800523.200122
10.1		521717988.078664	521717995.096842
10.2	4	521717995.120979	521718028.186255
