1	555526740.255438
z03mangahere	7 Jikanme no Onpu	13.5	552264795.632456	L	http://www.mangahere.cc/manga/7_jikanme_no_onpu/	552264795.632456
2		448641001.211466	448641001.211466
1		448641001.593224	448641001.593224
3	26	451420200.505236	451420253.940034
4	26	451784910.622178	451784992.262077
5	26	452129798.531587	452129850.679572
6		528668981.133936	528668991.123332
6.5	27	528668991.508382	528669034.418948
7	27	537888712.037724	537888796.424242
8	24	540139077.875575	540139159.508228
9		548603815.146852	548603898.791078
10		548603899.298080	548603961.025120
11	26	548603961.546869	548614721.167058
12		552262884.398114	552263058.380165
13		552263058.833804	552264795.256491
13.5	10	552264795.632456	552264818.497830
