1	554269226.365912
z03mangahere	Konyakusei	18	554269130.270994	L	http://www.mangahere.cc/manga/konyakusei	554269130.270994
0	43	482385286.306346	482385652.520136
1	46	490303340.891308	490304063.953322
2	29	511189457.568039	511189571.329193
5		552804020.320716	552804446.498984
6	31	552804447.105200	552804516.307464
3		553477892.594215	553477892.594215
7		553477896.189639	553478127.722517
8		553495410.054303	553495416.049615
9	4	553495443.088007	553495448.356709
10		553495646.393553	553495646.393553
11	27	553800940.880220	553801705.932715
12		554047177.301876	554048202.580185
13		554048204.479454	554048286.198150
14		554048287.705321	554048526.699485
15	26	554048527.379329	554050726.066494
16		554268959.499371	554269039.980077
17		554269040.521434	554269129.371175
18	32	554269130.270994	554269224.641795
