1	556686006.809226
z03mangahere	Re:Zero kara Hajimeru Isekai Seikatsu - Daisanshou - Truth of Zero	29	554313329.584951	L	http://www.mangahere.cc/manga/re_zero_kara_hajimeru_isekai_seikatsu_daisanshou_truth_of_zero/	554313329.584951
10	34	488704077.967849	488704233.994042
9		488704238.904604	488704238.904604
8		488704238.904604	488704238.904604
7		488704238.904604	488704238.904604
6		488704238.904604	488704238.904604
5		488704238.904604	488704238.904604
4		488704238.904604	488704238.904604
3		488704238.904604	488704238.904604
2		488704238.904604	488704238.904604
1		488704238.904604	488704238.904604
11		489387283.622855	489387298.445072
12	36	489387299.288955	489387307.479475
13	36	489647297.032769	489647429.954854
14	45	489956723.859120	489956783.469970
14.5	9	490537545.249210	490537564.536459
15	34	492070216.310980	492070228.675997
16	40	495380795.626193	495380850.259268
17	32	503329923.062883	503329934.587751
18	38	503766268.823642	503766275.361888
19	35	506762872.485521	506762975.328012
20	22	507597384.832104	507597391.557939
21	23	508641905.989347	508641923.673218
22	57	515336962.966814	515337008.033310
23		522846517.981933	522846535.438189
24	30	522846535.807619	522846559.462243
28	22	554267926.507794	554267984.489979
27		554303897.381863	554303897.381863
26		554303897.664069	554303897.664069
25		554303898.046743	554303898.046743
29	26	554313329.584951	554313405.133109
