1	558205594.823290
z03mangahere	Koisuru Harinezumi	22	558205221.481177	L	http://www.mangahere.cc/manga/koisuru_harinezumi/	558205221.481177
1		467567388.796621	467567617.984722
2		467567618.683298	467567851.652724
3		467567852.357935	467568055.057019
4		467568055.746242	467568269.040426
5		467568269.595643	467568332.884452
6		467568333.541219	467568643.407179
7		480228637.527567	480230049.946722
8	38	480230051.512850	480231049.663532
9		480254978.301105	480256974.359961
10		480256975.007474	480259555.917677
10.1		480259556.467788	480259694.107573
11		480259694.662748	480259906.771520
12		480259907.433423	480260996.290485
13		480260996.798213	480261172.175857
14		480261172.757133	480261625.950211
15		480261626.503438	480261817.577411
16	40	480261842.236745	480262135.000919
17	38	487440111.807435	487440207.384138
18	37	493501164.552656	493501240.532680
19	38	501869109.693781	501869226.996265
20	37	506873462.043403	506873682.966848
21	38	547392965.915008	547393095.405826
22	37	558205221.481177	558205592.767328
