1	556731807.429711
z03mangahere	Koi Inu.	138	555258479.995111	B	http://www.mangahere.cc/manga/koi_inu/	555258479.995111
0		513697593.220382	513697699.353774
1		513697699.798957	513697812.126948
2		513697813.279880	513698095.860858
3		513698096.319525	513698313.609147
4		513698314.254624	513698401.031345
5		513698401.408883	513698589.243272
6		513698677.343125	513698772.305205
7		513698772.878937	513698932.483076
8		513698936.183000	513699045.189789
9		513699049.001110	513699224.384879
10		513699225.173856	513699366.394387
11		513699367.109371	513699460.221198
12		513699461.083103	513702661.565268
13		513702661.940220	513702944.796987
14		513702945.414456	513703058.219032
15		513703058.952127	513703172.509594
16		513703173.223695	513703312.901655
17		513703313.318896	513703480.979676
18		513703481.696485	513703622.172523
19		513703622.883699	513705882.102450
20		513705882.502321	513706085.749164
21		513706086.476401	513706261.630204
22		513706301.082756	513706432.766992
23		513706433.373723	513706599.020212
24		513706599.438051	513711638.608033
25		513711639.185607	513712157.324321
26		513717963.867726	513717979.608273
27		513717980.118588	513718048.145633
28		513718048.663577	513718231.642505
29		513718232.392947	513718334.582205
30		513718335.796801	513718596.622142
31		513718598.333631	513719175.871820
32		513719176.660405	513722013.882994
33		513722014.355270	513734694.264321
34		513734694.913308	513734855.579492
35		513734856.224258	513735001.054847
36		513735001.496853	513743980.125678
37		513786136.325734	513786298.394558
38		513786299.117190	513786938.906991
39		513786939.289913	513787092.153443
40		513787092.824058	513787236.180637
41		513787236.834814	513787334.268355
42		513787334.975168	513787428.874543
43		513787429.593193	513787483.861369
44		513787484.559512	513787787.725878
45		513787788.459672	513787943.051732
46		513787943.788568	513788035.891158
47		513788036.568952	513788174.083729
48		513788174.502660	513788305.892464
49		513788341.065175	513788444.084661
50		513788444.803270	513788572.193472
51		513788572.849752	513788816.130862
52		513788816.806009	513788933.503695
53		513788934.224075	513789063.797019
54		513789064.546689	513789191.937624
55		513789192.661279	513789325.209511
56		513789325.750050	513789471.589532
57		513789472.301853	513789624.649781
58		513789625.322061	513789761.885293
59		513789762.550313	513789845.422831
60		513789845.924218	513789951.430063
61		513789952.121660	513790041.052743
62		513790042.807803	513790119.608004
63		513790120.286485	513790452.358386
64		513790452.932564	513790634.624317
65		513790635.045470	513790747.714968
66		513790748.349748	513790827.186596
67		513790828.137888	513791054.458419
68		513791874.354479	513792018.848280
69		513792019.337586	513792142.015707
70		513792142.749514	513792248.906100
71		513792249.625499	513792366.694031
72		513792367.485001	513792476.284833
73		513792476.943332	513792659.713288
74		513792660.447176	513792829.924632
75		513792830.644249	513792992.806423
76		513792993.395145	513793102.800147
77	5	513793103.491145	513793207.662330
78	6	514013175.435794	514013286.053771
79	6	514905765.501884	514905942.827986
80	6	515344589.369231	515344706.479479
81	5	515837331.576136	515837395.515103
82		516259134.448581	516259134.448581
83	5	516896425.899044	516896473.835868
84	7	517640877.423160	517640971.143980
85	7	518292619.499266	518292716.536502
86	7	518898599.934162	518898710.252448
87	7	519623692.649985	519623814.165853
88		521136900.423757	521136904.563735
89	7	521136904.575847	521137028.124671
90	6	521345623.789897	521345743.344768
91	6	522091600.715594	522091750.115416
92	5	522666582.357444	522668487.526098
93	6	523342416.618838	523342505.505218
94	6	523893120.023665	523893212.536228
95	5	524929734.263656	524929744.100206
96	5	524929804.568679	524929899.853255
97		525503710.059987	525503710.059987
98	6	526225290.184112	526225442.447174
99	7	526829403.583258	526829531.447937
100		528137362.303512	528138459.396904
101	2	528138499.360409	528138508.759586
102		529257094.912225	529257187.943976
103	7	529257188.513190	529257339.364110
104		531170417.400552	531170627.923399
105		531170628.568648	531172125.926458
106	7	531172126.505290	531178504.377852
107	5	531667667.753276	531667767.228160
108	5	532240551.360213	532240645.853082
109	5	532618011.095813	532618098.677839
110	1	533741243.426506	533741429.487571
111	6	534086798.669357	534086798.669357
112		535088005.477253	535088006.619474
113	6	535088006.941885	535088124.512353
114	6	535996036.826023	535996164.367623
115	6	536391933.851379	536392058.804592
116	5	536874807.928121	536874889.786474
117	5	537640106.699108	537640223.731657
118	5	538460286.756962	538461106.819745
119	5	538666057.765758	538666347.509510
120		542554017.958494	542554109.348054
121	6	542554109.913066	542554510.046119
122	6	543381935.499622	543382100.564564
123	5	543566114.881572	543566238.621244
124	5	544287836.861141	544287998.174300
125	5	544973434.445497	544973549.218067
126	6	546294966.348745	546295084.233476
127	7	546836928.726660	546837024.886612
128	7	547528161.122335	547528292.287134
129	5	547823932.503815	547824016.258615
130	7	549375042.090596	549375168.870525
131	6	549866540.278724	549866662.760546
132	5	550843053.544400	550843169.337866
133	5	551494476.819967	551494568.718492
134	5	552803886.399707	552804003.888735
135	7	553461901.919341	553461986.350729
136	5	553987400.458715	553987516.498522
137	7	554614486.265068	554614609.252755
138	6	555258479.995111	555258557.827827
