1	555603712.155626
z03mangahere	Chikyuu no Owari wa Koi no Hajimari	20	546179843.859706	L	http://www.mangahere.cc/manga/chikyuu_no_owari_wa_koi_no_hajimari/	546179843.859706
1	54	474015757.582123	474016082.171942
2		528302874.415798	528303109.840910
3		528303111.446935	528303735.824672
4		528303737.208915	528304161.212899
4.1		528304162.366555	528304422.637631
5	45	528304482.040549	528304769.616389
6		529942736.477316	529942825.620336
7	41	529942826.758389	529943792.930182
8	45	531155757.700838	531155951.149164
9		532620883.107486	532621130.103133
10	44	532621130.707678	532621249.770833
13	43	542125536.003152	542125684.849877
14		543268231.629360	543268329.373222
15	38	543268331.446210	543268459.653286
16	48	543849293.889744	543849584.750153
17		545239532.558163	545239653.399167
18	38	545239653.755820	545239770.991801
19	38	545601949.036027	545602043.642375
20	45	546179843.859706	546183046.680443
