1	555005431.900367
z03mangahere	Shuukan Shounen Girl	11	496857604.079183	L	http://www.mangahere.cc/manga/shuukan_shounen_girl/	496857604.079183
1	1	496845232.887843	496845237.425840
2	13	496816960.117020	496845229.943016
3		496852616.042292	496852714.797646
4		496852715.365007	496852775.919553
5		496852776.313267	496852822.139601
6		496852822.890323	496852851.810155
7		496852852.195160	496852914.389596
8	14	496852915.176161	496854484.463690
9		496857540.488279	496857580.358645
10		496857581.097050	496857603.374207
11	15	496857604.079183	496862870.289166
