1	515512357.389573
z03mangahere	Kaichou-kun no Shimobe	1	515512138.268949	L	http://www.mangahere.com/manga/kaichou_kun_no_shimobe/	515512138.268949
1	21	515512138.268949	515512355.928939
2		393771761.590964	393771864.587281
3	14	393771864.633638	393772015.690507
4		461219454.657280	461219454.657280
3.5	5	463665392.405228	463665401.371215
4.5		463665403.670576	463665408.763106
5		463665409.558031	463665514.646912
6	25	463665515.974813	463665577.702552
7	27	465425857.165378	465425981.950809
8	27	467553518.549488	467553828.285544
9	22	470936681.292935	470936777.923274
10		478450632.255549	478456553.721133
11	21	478456554.891470	478456690.781338
12	21	483021745.734106	483021823.315576
