1	555005391.562277
z03mangahere	Liar x Liar	40	508435711.178400	L	http://www.mangahere.cc/manga/liar_x_liar/	508435711.178400
1		394775684.780466	394775952.270759
2		394775952.883328	394776191.604895
3		394776193.003773	394776359.638453
4		394776360.226440	394776553.888446
5		394776554.481437	394776768.938413
6		394776769.527034	394776963.540195
7		394776964.103816	394777103.904978
8		394777104.501669	394777258.054886
9		394777258.623338	394777395.038247
10		394777395.607281	394777513.404856
11		394777513.983301	394777668.838264
12		394777670.857237	394777746.404923
13		394777746.948232	394777848.621716
14		394777849.154039	394777934.705071
15		394777935.186302	394778165.771558
16		394778166.391316	394778318.204900
17		394778318.755190	394778535.638421
18		394778536.254651	394778643.904907
19		394778644.495944	394778755.005093
20		394778755.600108	394778938.788417
21	25	394778939.406670	394779084.790386
21.5	9	400474387.873727	400474435.306029
22		409727544.613986	409727544.613986
23	26	415514660.437000	415514715.615909
24		419007199.473243	419007227.150215
25	26	419007227.194772	419009197.061821
26		421642862.604196	421642934.297490
27	1	421642934.344564	421642936.043921
28	26	423451316.851659	423451416.419030
29	33	426268932.437371	426269117.291836
28.1	10	430228850.438645	430228876.656269
30	26	433824766.059640	433824932.223952
30.1	6	441518107.440285	441518245.680352
31	25	453353777.066139	453354201.352436
32	24	494086605.343643	494086658.289540
33		499970181.955769	499970268.134463
34		499970268.749990	499970297.651355
35		499970298.196920	499970379.563574
35.5		499970379.972367	499970390.482618
36		499970391.061625	499970426.068072
37		499970426.561329	499970465.387589
38		508435583.452432	508435641.218359
39		508435641.557742	508435710.793170
40	6	508435711.178400	508435721.919414
