1	464270447.779559
z03mangahere	Sword Art Online	11	375249919.208172	L	http://www.mangahere.com/manga/sword_art_online/	375249919.208172
5		375194969.146836	375194969.146836
1		374728478.336432	374728478.336432
8		375249626.197791	375249626.197791
9		375249769.844637	375249769.844637
11	33	375249919.208074	375249919.208074
10		375249835.175876	375249835.175876
4		375163959.860986	375163959.860986
3		375163953.005921	375163953.005921
2		374728485.980174	374728485.980174
7		375249501.627738	375249501.627738
6		375195103.541456	375195103.541456
