1	557946517.774979
z03mangahere	Otometeki Syndrome	16	518796947.897168	B	http://www.mangahere.cc/manga/otometeki_syndrome/	518796947.897168
1		513615381.177800	513615430.752127
2		513615431.420041	513615475.018880
3		513615475.682152	513615641.234544
4		513615641.968877	513615781.228235
5		513615781.940462	513615828.396112
6		513615829.121636	513615913.268487
7		513615913.957574	513615988.322050
8		513615989.048125	513616408.269338
9		513616408.891582	513616812.724549
10		513616813.151954	513616918.715553
11		513616919.373623	513616970.234679
12		513616970.959390	513617025.071602
13		513617025.792628	513617154.098671
14		513617154.825969	513617221.470104
15	7	513617222.151113	513617308.832828
16	6	518796947.897168	518797010.310287
