1	551393621.928320
z03mangahere	Hibi Chouchou	75	551393524.908675	L	http://www.mangahere.cc/manga/hibi_chouchou/	551393524.908675
20		551371836.110316	551371892.274220
21		551371892.317094	551371943.692869
17		551371652.479586	551371664.881372
16		551371593.755436	551371652.431913
15		551371513.261474	551371593.715199
14		551371278.003839	551371513.213927
19		551371690.443471	551371836.069653
18		551371664.919651	551371690.403336
22		551371943.735702	551372061.816106
23		551372061.857699	551372152.118010
24		551372152.160180	551372199.353609
25		551372199.400080	551372371.859097
26		551372371.903773	551372420.211876
27		551372420.258476	551372462.496643
28		551372462.545479	551372550.750425
1		551275949.836618	551276358.996421
2		551276359.042729	551276465.499552
3		551276465.543737	551276785.533636
4		551276785.585636	551276853.981352
5		551276854.029302	551276905.552193
6		551276905.600704	551283506.911732
7		551283506.957281	551283702.063964
8		551283702.100011	551284110.068879
9		551284110.109072	551284147.778904
10		551284147.831779	551284151.522167
11		551284151.574834	551284155.905358
12		551284155.957695	551288595.568042
13		551288595.590878	551290148.829760
28.1		551372550.796667	551372611.784436
28.2		551372611.832935	551372653.887926
28.3		551372653.934053	551372661.533105
29		551372661.584935	551372742.042388
31		551372830.621132	551373422.144334
32		551373422.175831	551373611.056246
33		551373611.103214	551373688.809706
92		399222953.709595	399240832.742160
30		551372742.081568	551372830.578701
34		551373688.850151	551373746.428423
35		551373746.469353	551373841.930131
36	12	551393215.254268	551393226.849754
37		451972443.894371	451972588.964189
38		451972589.549280	451972728.425455
39		451972729.024971	451972832.147313
40		451972832.754733	451972935.789970
41		451972936.376538	451973034.748385
42	26	451973035.300902	451973108.977671
43	-	429744889.704452	430114763.117754
43.1		451973112.024260	451973209.945143
43.2	19	451973210.583252	451973312.972303
44	28	430141508.274877	430141686.132272
45	27	430400692.840052	430400837.177024
46	28	431437323.548787	431437487.560243
47	28	431524155.022448	431524335.567837
48	28	432733668.494197	432733820.069454
49	27	433769799.120552	433769984.852564
50	27	434321835.976297	434321946.933625
49.5	13	434638541.966489	434638677.850231
51		435989626.080985	435989626.080985
52	23	438879722.760981	438879868.587132
53	31	441420397.345289	441420490.261496
54	30	442052992.502104	442053008.765216
55		451973318.099055	451973385.808993
56		451973386.425907	451973429.294894
57		451973429.836028	451973465.564601
58	28	451973466.099619	451973575.488797
59	32	455829148.837299	455829364.483693
60	31	457992324.835472	457992575.551375
61	31	464025123.600387	464025271.329070
62		466584383.284805	466584505.330047
63		466584506.384816	466584584.340250
64		466584585.490245	466584679.365745
65		466584680.250971	466584785.924002
66		466584802.205505	466584941.803767
67		466584943.058587	466585021.044292
68		466585022.252471	466585116.152087
69		466585117.358636	466585240.844704
70		551393232.731256	551393287.904202
71		551393287.950651	551393367.843578
72		551393367.883521	551393417.094645
73		551393417.139028	551393472.247484
74		551393472.287816	551393524.866362
75	51	551393524.908675	551393620.110315
75.2	14	488205034.149356	488205103.193356
75.3	11	489500794.079057	489500844.712904
75.5	9	490052354.510465	490052497.459276
75.6	32	493921266.934347	493921402.588812
75.7		495265210.363759	495265210.363759
75.8	33	502216377.831767	502216645.458905
75.1		502557090.869044	502557090.869044
