1	542513666.342143
z12mangakoi	Our Relationship Is...	89	537171022.480418	B	http://www.mangahome.com/manga/our_relationship_is	537171022.480418
47		515896458.882550	515896460.266774
46		515896457.369291	515896458.532558
48		515896460.657914	515896463.056531
49		515896463.444474	515901610.232966
50		515901610.855586	515901690.276799
51		515901690.913477	515901886.202389
52		515901886.921509	515901936.375493
53		515901936.817873	515901940.926901
54		515901941.315164	515902106.141571
55		515902107.178035	515902110.701872
56		515902111.217017	515902175.895565
57		515902176.408590	515902200.299759
58		515902200.774735	515902206.635089
59		515902207.325638	515902213.398841
60		515902213.802383	515902221.224204
61		515902221.618586	515902348.854732
62		515902349.867879	515902533.913308
63		515902534.283503	515902747.514324
64		515902748.236168	515902854.786231
65		515902858.555321	515903196.877323
66		515903197.691239	515903269.098241
67		515903269.769612	515903378.790213
68		515903379.439122	515903442.292970
69	19	515903442.674515	515903540.412710
87	Featured	535995868.164591	535996029.660372
88	Featured	536535106.555217	536535404.652559
89	Featured	537171022.480418	537171205.344914
