1	567871029.210481
z10readmangatoday	One Piece	929	567870858.582552	L	https://www.readmng.com/one-piece1	567870858.582552
890		556348004.418121	556348150.025813
889		556347834.189728	556348003.386789
891		556348151.168990	556348265.481559
892		556348266.503273	556348366.132154
893		556348367.179705	556348482.190551
888		556347766.459329	556347833.208822
887		556347663.801292	556347765.398445
886		556347552.823758	556347662.668365
885		556347383.601660	556347551.491267
884		556347284.064495	556347382.594098
883		556347186.536366	556347283.006868
882		556347101.886337	556347185.492252
881		556346949.814430	556347100.753992
880		556346817.006888	556346948.764119
879		556346695.785788	556346815.971207
878		556346683.188449	556346691.147778
877		556346681.574107	556346682.247896
876		556346672.129149	556346680.677038
875		556346670.003445	556346671.244011
874		556346653.634792	556346669.554608
873		556346651.577957	556346652.693811
872		556346650.097775	556346651.160049
871		556346648.110067	556346649.177567
870		556346636.450721	556346647.684426
869		549231256.180321	549231406.673597
868		549231195.804235	549231255.117404
867		549231107.839645	549231194.482064
866	17	549230969.874711	549231102.707174
865		549230961.020555	549230969.482822
864		539393595.938904	539393595.938904
863		539393595.938904	539393595.938904
862		539393595.938904	539393595.938904
861		539393595.938904	539393595.938904
860		539393595.938904	539393595.938904
859		539393595.938904	539393595.938904
858		539393595.938904	539393595.938904
857	3	549230947.687636	549230956.799785
856		539393595.938904	539393595.938904
855		539393595.938904	539393595.938904
854		539393595.938904	539393595.938904
853		539393595.938904	539393595.938904
852		539393595.938904	539393595.938904
851		539393595.938904	539393595.938904
850		539393595.938904	539393595.938904
849		539393595.938904	539393595.938904
848		539393595.938904	539393595.938904
847		539393595.938904	539393595.938904
846		539393595.938904	539393595.938904
845		539393595.938904	539393595.938904
844		539393595.938904	539393595.938904
843		539393595.938904	539393595.938904
842		539393595.938904	539393595.938904
841		539393595.938904	539393595.938904
840		539393595.938904	539393595.938904
839		539393595.938904	539393595.938904
838		539393595.938904	539393595.938904
837		539393595.938904	539393595.938904
836		539393595.938904	539393595.938904
835		539393595.938904	539393595.938904
834		539393595.938904	539393595.938904
833		539393595.938904	539393595.938904
832		539393595.938904	539393595.938904
831		539393595.938904	539393595.938904
830		539393595.938904	539393595.938904
829		539393595.938904	539393595.938904
828		539393595.938904	539393595.938904
827		539393595.938904	539393595.938904
826		539393595.938904	539393595.938904
825		539393595.938904	539393595.938904
824		539393595.938904	539393595.938904
823		539393595.938904	539393595.938904
822		539393595.938904	539393595.938904
821		539393595.938904	539393595.938904
820		539393595.938904	539393595.938904
819		539393595.938904	539393595.938904
818		539393595.938904	539393595.938904
817		539393595.938904	539393595.938904
816		539393595.938904	539393595.938904
815		539393595.938904	539393595.938904
814		539393595.938904	539393595.938904
813		539393595.938904	539393595.938904
812		539393595.938904	539393595.938904
811		539393595.938904	539393595.938904
810		539393595.938904	539393595.938904
809		539393595.938904	539393595.938904
808		539393595.938904	539393595.938904
807		539393595.938904	539393595.938904
806		539393595.938904	539393595.938904
805		539393595.938904	539393595.938904
804		539393595.938904	539393595.938904
803		539393595.938904	539393595.938904
802		539393595.938904	539393595.938904
801		539393595.938904	539393595.938904
800		539393595.938904	539393595.938904
799		539393595.938904	539393595.938904
798		539393595.938904	539393595.938904
797		539393595.938904	539393595.938904
796		539393595.938904	539393595.938904
795		539393595.938904	539393595.938904
794		539393595.938904	539393595.938904
793		539393595.938904	539393595.938904
792		539393595.938904	539393595.938904
791		539393595.938904	539393595.938904
790		539393595.938904	539393595.938904
789		539393595.938904	539393595.938904
788		539393595.938904	539393595.938904
787		539393595.938904	539393595.938904
786		539393595.938904	539393595.938904
785		539393595.938904	539393595.938904
784		539393595.938904	539393595.938904
783		539393595.938904	539393595.938904
782.005		539393595.938904	539393595.938904
782		539393595.938904	539393595.938904
781		539393595.938904	539393595.938904
780		539393595.938904	539393595.938904
779		539393595.938904	539393595.938904
778		539393595.938904	539393595.938904
777		539393595.938904	539393595.938904
776		539393595.938904	539393595.938904
775		539393595.938904	539393595.938904
774		539393595.938904	539393595.938904
773		539393595.938904	539393595.938904
772		539393595.938904	539393595.938904
771		539393595.938904	539393595.938904
770		539393595.938904	539393595.938904
769		539393595.938904	539393595.938904
768		539393595.938904	539393595.938904
767		539393595.938904	539393595.938904
766		539393595.938904	539393595.938904
765		539393595.938904	539393595.938904
764		539393595.938904	539393595.938904
763		539393595.938904	539393595.938904
762		539393595.938904	539393595.938904
761		539393595.938904	539393595.938904
760		539393595.938904	539393595.938904
759		539393595.938904	539393595.938904
758		539393595.938904	539393595.938904
757		539393595.938904	539393595.938904
756		539393595.938904	539393595.938904
755		539393595.938904	539393595.938904
754		539393595.938904	539393595.938904
753		539393595.938904	539393595.938904
752		539393595.938904	539393595.938904
751		539393595.938904	539393595.938904
751:		539393595.938904	539393595.938904
750		539393595.938904	539393595.938904
749		539393595.938904	539393595.938904
748		539393595.938904	539393595.938904
747		539393595.938904	539393595.938904
746		539393595.938904	539393595.938904
745		539393595.938904	539393595.938904
744		539393595.938904	539393595.938904
743		539393595.938904	539393595.938904
742		539393595.938904	539393595.938904
741		539393595.938904	539393595.938904
740		539393595.938904	539393595.938904
739		539393595.938904	539393595.938904
738		539393595.938904	539393595.938904
737		539393595.938904	539393595.938904
736		539393595.938904	539393595.938904
735		539393595.938904	539393595.938904
734		539393595.938904	539393595.938904
733		539393595.938904	539393595.938904
732		539393595.938904	539393595.938904
731		539393595.938904	539393595.938904
730		539393595.938904	539393595.938904
729		539393595.938904	539393595.938904
728		539393595.938904	539393595.938904
727		539393595.938904	539393595.938904
726		539393595.938904	539393595.938904
725		539393595.938904	539393595.938904
724		539393595.938904	539393595.938904
723		539393595.938904	539393595.938904
722		539393595.938904	539393595.938904
721		539393595.938904	539393595.938904
720		539393595.938904	539393595.938904
719		539393595.938904	539393595.938904
718		539393595.938904	539393595.938904
717		539393595.938904	539393595.938904
716		539393595.938904	539393595.938904
715		539393595.938904	539393595.938904
714		539393595.938904	539393595.938904
713		539393595.938904	539393595.938904
712		539393595.938904	539393595.938904
711		539393595.938904	539393595.938904
710		539393595.938904	539393595.938904
709		539393595.938904	539393595.938904
708		539393595.938904	539393595.938904
707		539393595.938904	539393595.938904
706		539393595.938904	539393595.938904
705		539393595.938904	539393595.938904
704		539393595.938904	539393595.938904
703		539393595.938904	539393595.938904
702		539393595.938904	539393595.938904
701		539393595.938904	539393595.938904
700		539393595.938904	539393595.938904
699		539393595.938904	539393595.938904
698		539393595.938904	539393595.938904
697		539393595.938904	539393595.938904
696		539393595.938904	539393595.938904
695		539393595.938904	539393595.938904
694		539393595.938904	539393595.938904
693		539393595.938904	539393595.938904
692		539393595.938904	539393595.938904
691		539393595.938904	539393595.938904
690		539393595.938904	539393595.938904
689		539393595.938904	539393595.938904
688		539393595.938904	539393595.938904
687		539393595.938904	539393595.938904
686		539393595.938904	539393595.938904
685		539393595.938904	539393595.938904
684		539393595.938904	539393595.938904
683		539393595.938904	539393595.938904
682		539393595.938904	539393595.938904
681		539393595.938904	539393595.938904
680		539393595.938904	539393595.938904
679		539393595.938904	539393595.938904
678		539393595.938904	539393595.938904
677		539393595.938904	539393595.938904
676		539393595.938904	539393595.938904
675		539393595.938904	539393595.938904
674		539393595.938904	539393595.938904
673		539393595.938904	539393595.938904
672		539393595.938904	539393595.938904
671		539393595.938904	539393595.938904
670		539393595.938904	539393595.938904
669		539393595.938904	539393595.938904
668		539393595.938904	539393595.938904
667		539393595.938904	539393595.938904
666		539393595.938904	539393595.938904
665		539393595.938904	539393595.938904
664		539393595.938904	539393595.938904
663		539393595.938904	539393595.938904
662		539393595.938904	539393595.938904
661		539393595.938904	539393595.938904
660		539393595.938904	539393595.938904
659		539393595.938904	539393595.938904
658		539393595.938904	539393595.938904
657		539393595.938904	539393595.938904
656		539393595.938904	539393595.938904
655		539393595.938904	539393595.938904
654		539393595.938904	539393595.938904
653		539393595.938904	539393595.938904
652		539393595.938904	539393595.938904
651		539393595.938904	539393595.938904
650		539393595.938904	539393595.938904
649		539393595.938904	539393595.938904
648		539393595.938904	539393595.938904
647		539393595.938904	539393595.938904
646		539393595.938904	539393595.938904
645		539393595.938904	539393595.938904
644		539393595.938904	539393595.938904
643		539393595.938904	539393595.938904
642		539393595.938904	539393595.938904
641		539393595.938904	539393595.938904
640		539393595.938904	539393595.938904
639		539393595.938904	539393595.938904
638		539393595.938904	539393595.938904
637		539393595.938904	539393595.938904
636		539393595.938904	539393595.938904
635		539393595.938904	539393595.938904
634		539393595.938904	539393595.938904
633		539393595.938904	539393595.938904
632		539393595.938904	539393595.938904
631		539393595.938904	539393595.938904
630		539393595.938904	539393595.938904
629		539393595.938904	539393595.938904
628		539393595.938904	539393595.938904
627		539393595.938904	539393595.938904
626		539393595.938904	539393595.938904
625		539393595.938904	539393595.938904
624		539393595.938904	539393595.938904
623		539393595.938904	539393595.938904
622		539393595.938904	539393595.938904
621		539393595.938904	539393595.938904
620		539393595.938904	539393595.938904
619		539393595.938904	539393595.938904
618		539393595.938904	539393595.938904
617		539393595.938904	539393595.938904
616		539393595.938904	539393595.938904
615		539393595.938904	539393595.938904
614		539393595.938904	539393595.938904
613		539393595.938904	539393595.938904
612		539393595.938904	539393595.938904
611		539393595.938904	539393595.938904
610		539393595.938904	539393595.938904
609		539393595.938904	539393595.938904
608		539393595.938904	539393595.938904
607		539393595.938904	539393595.938904
606		539393595.938904	539393595.938904
605		539393595.938904	539393595.938904
604		539393595.938904	539393595.938904
603		539393595.938904	539393595.938904
602		539393595.938904	539393595.938904
601		539393595.938904	539393595.938904
600		539393595.938904	539393595.938904
599		539393595.938904	539393595.938904
598		539393595.938904	539393595.938904
597		539393595.938904	539393595.938904
596		539393595.938904	539393595.938904
595		539393595.938904	539393595.938904
594		539393595.938904	539393595.938904
593		539393595.938904	539393595.938904
592		539393595.938904	539393595.938904
591		539393595.938904	539393595.938904
590		539393595.938904	539393595.938904
589		539393595.938904	539393595.938904
588		539393595.938904	539393595.938904
587		539393595.938904	539393595.938904
586		539393595.938904	539393595.938904
585		539393595.938904	539393595.938904
584		539393595.938904	539393595.938904
583		539393595.938904	539393595.938904
582		539393595.938904	539393595.938904
581		539393595.938904	539393595.938904
580		539393595.938904	539393595.938904
579		539393595.938904	539393595.938904
578		539393595.938904	539393595.938904
577		539393595.938904	539393595.938904
576		539393595.938904	539393595.938904
575		539393595.938904	539393595.938904
574		539393595.938904	539393595.938904
573		539393595.938904	539393595.938904
572		539393595.938904	539393595.938904
571		539393595.938904	539393595.938904
570		539393595.938904	539393595.938904
569		539393595.938904	539393595.938904
568		539393595.938904	539393595.938904
567		539393595.938904	539393595.938904
566		539393595.938904	539393595.938904
565		539393595.938904	539393595.938904
564		539393595.938904	539393595.938904
563		539393595.938904	539393595.938904
562		539393595.938904	539393595.938904
561		539393595.938904	539393595.938904
560		539393595.938904	539393595.938904
559		539393595.938904	539393595.938904
558		539393595.938904	539393595.938904
557		539393595.938904	539393595.938904
556		539393595.938904	539393595.938904
555		539393595.938904	539393595.938904
554		539393595.938904	539393595.938904
553		539393595.938904	539393595.938904
552		539393595.938904	539393595.938904
551		539393595.938904	539393595.938904
550		539393595.938904	539393595.938904
549		539393595.938904	539393595.938904
548		539393595.938904	539393595.938904
547		539393595.938904	539393595.938904
546		539393595.938904	539393595.938904
545		539393595.938904	539393595.938904
544		539393595.938904	539393595.938904
543		539393595.938904	539393595.938904
542		539393595.938904	539393595.938904
541		539393595.938904	539393595.938904
540		539393595.938904	539393595.938904
539		539393595.938904	539393595.938904
538		539393595.938904	539393595.938904
537		539393595.938904	539393595.938904
536		539393595.938904	539393595.938904
535		539393595.938904	539393595.938904
534		539393595.938904	539393595.938904
533		539393595.938904	539393595.938904
532		539393595.938904	539393595.938904
531		539393595.938904	539393595.938904
530		539393595.938904	539393595.938904
529		539393595.938904	539393595.938904
528		539393595.938904	539393595.938904
527		539393595.938904	539393595.938904
526		539393595.938904	539393595.938904
525		539393595.938904	539393595.938904
524		539393595.938904	539393595.938904
523		539393595.938904	539393595.938904
522		539393595.938904	539393595.938904
521		539393595.938904	539393595.938904
520		539393595.938904	539393595.938904
519		539393595.938904	539393595.938904
518		539393595.938904	539393595.938904
517		539393595.938904	539393595.938904
516		539393595.938904	539393595.938904
515		539393595.938904	539393595.938904
514		539393595.938904	539393595.938904
513		539393595.938904	539393595.938904
512		539393595.938904	539393595.938904
511		539393595.938904	539393595.938904
510		539393595.938904	539393595.938904
509		539393595.938904	539393595.938904
508		539393595.938904	539393595.938904
507		539393595.938904	539393595.938904
506		539393595.938904	539393595.938904
505		539393595.938904	539393595.938904
504		539393595.938904	539393595.938904
503		539393595.938904	539393595.938904
502		539393595.938904	539393595.938904
501		539393595.938904	539393595.938904
500		539393595.938904	539393595.938904
499		539393595.938904	539393595.938904
498		539393595.938904	539393595.938904
497		539393595.938904	539393595.938904
496		539393595.938904	539393595.938904
495		539393595.938904	539393595.938904
494		539393595.938904	539393595.938904
493		539393595.938904	539393595.938904
492		539393595.938904	539393595.938904
491		539393595.938904	539393595.938904
490		539393595.938904	539393595.938904
489		539393595.938904	539393595.938904
488		539393595.938904	539393595.938904
487		539393595.938904	539393595.938904
486		539393595.938904	539393595.938904
485		539393595.938904	539393595.938904
484		539393595.938904	539393595.938904
483		539393595.938904	539393595.938904
482		539393595.938904	539393595.938904
481		539393595.938904	539393595.938904
480		539393595.938904	539393595.938904
479		539393595.938904	539393595.938904
478		539393595.938904	539393595.938904
477		539393595.938904	539393595.938904
476		539393595.938904	539393595.938904
475		539393595.938904	539393595.938904
474		539393595.938904	539393595.938904
473		539393595.938904	539393595.938904
472		539393595.938904	539393595.938904
471		539393595.938904	539393595.938904
470		539393595.938904	539393595.938904
469		539393595.938904	539393595.938904
468		539393595.938904	539393595.938904
467		539393595.938904	539393595.938904
466		539393595.938904	539393595.938904
465		539393595.938904	539393595.938904
464		539393595.938904	539393595.938904
463		539393595.938904	539393595.938904
462		539393595.938904	539393595.938904
461		539393595.938904	539393595.938904
460		539393595.938904	539393595.938904
459		539393595.938904	539393595.938904
458		539393595.938904	539393595.938904
457		539393595.938904	539393595.938904
456		539393595.938904	539393595.938904
455		539393595.938904	539393595.938904
454		539393595.938904	539393595.938904
453		539393595.938904	539393595.938904
452		539393595.938904	539393595.938904
451		539393595.938904	539393595.938904
450		539393595.938904	539393595.938904
449		539393595.938904	539393595.938904
448		539393595.938904	539393595.938904
447		539393595.938904	539393595.938904
446		539393595.938904	539393595.938904
445		539393595.938904	539393595.938904
444		539393595.938904	539393595.938904
443		539393595.938904	539393595.938904
442		539393595.938904	539393595.938904
441		539393595.938904	539393595.938904
440		539393595.938904	539393595.938904
439		539393595.938904	539393595.938904
438		539393595.938904	539393595.938904
437		539393595.938904	539393595.938904
436		539393595.938904	539393595.938904
435		539393595.938904	539393595.938904
434		539393595.938904	539393595.938904
433		539393595.938904	539393595.938904
432		539393595.938904	539393595.938904
431		539393595.938904	539393595.938904
430		539393595.938904	539393595.938904
429		539393595.938904	539393595.938904
428		539393595.938904	539393595.938904
427		539393595.938904	539393595.938904
426		539393595.938904	539393595.938904
425		539393595.938904	539393595.938904
424		539393595.938904	539393595.938904
423		539393595.938904	539393595.938904
422		539393595.938904	539393595.938904
421		539393595.938904	539393595.938904
420		539393595.938904	539393595.938904
419		539393595.938904	539393595.938904
418		539393595.938904	539393595.938904
417		539393595.938904	539393595.938904
416		539393595.938904	539393595.938904
415		539393595.938904	539393595.938904
414		539393595.938904	539393595.938904
413		539393595.938904	539393595.938904
412		539393595.938904	539393595.938904
411		539393595.938904	539393595.938904
410		539393595.938904	539393595.938904
409		539393595.938904	539393595.938904
408		539393595.938904	539393595.938904
407		539393595.938904	539393595.938904
406		539393595.938904	539393595.938904
405		539393595.938904	539393595.938904
404		539393595.938904	539393595.938904
403		539393595.938904	539393595.938904
402		539393595.938904	539393595.938904
401		539393595.938904	539393595.938904
400		539393595.938904	539393595.938904
399		539393595.938904	539393595.938904
398		539393595.938904	539393595.938904
397		539393595.938904	539393595.938904
396		539393595.938904	539393595.938904
395		539393595.938904	539393595.938904
394		539393595.938904	539393595.938904
393		539393595.938904	539393595.938904
392		539393595.938904	539393595.938904
391		539393595.938904	539393595.938904
390		539393595.938904	539393595.938904
389		539393595.938904	539393595.938904
388		539393595.938904	539393595.938904
387		539393595.938904	539393595.938904
386		539393595.938904	539393595.938904
385		539393595.938904	539393595.938904
384		539393595.938904	539393595.938904
383		539393595.938904	539393595.938904
382		539393595.938904	539393595.938904
381		539393595.938904	539393595.938904
380		539393595.938904	539393595.938904
379		539393595.938904	539393595.938904
378		539393595.938904	539393595.938904
377		539393595.938904	539393595.938904
376		539393595.938904	539393595.938904
375		539393595.938904	539393595.938904
374		539393595.938904	539393595.938904
373		539393595.938904	539393595.938904
372		539393595.938904	539393595.938904
371		539393595.938904	539393595.938904
370		539393595.938904	539393595.938904
369		539393595.938904	539393595.938904
368		539393595.938904	539393595.938904
367		539393595.938904	539393595.938904
366		539393595.938904	539393595.938904
365		539393595.938904	539393595.938904
364		539393595.938904	539393595.938904
363		539393595.938904	539393595.938904
362		539393595.938904	539393595.938904
361		539393595.938904	539393595.938904
360		539393595.938904	539393595.938904
359		539393595.938904	539393595.938904
358		539393595.938904	539393595.938904
357		539393595.938904	539393595.938904
356		539393595.938904	539393595.938904
355		539393595.938904	539393595.938904
354		539393595.938904	539393595.938904
353		539393595.938904	539393595.938904
352		539393595.938904	539393595.938904
351		539393595.938904	539393595.938904
350		539393595.938904	539393595.938904
349		539393595.938904	539393595.938904
348		539393595.938904	539393595.938904
347		539393595.938904	539393595.938904
346		539393595.938904	539393595.938904
345		539393595.938904	539393595.938904
344		539393595.938904	539393595.938904
343		539393595.938904	539393595.938904
342		539393595.938904	539393595.938904
341		539393595.938904	539393595.938904
340		539393595.938904	539393595.938904
339		539393595.938904	539393595.938904
338		539393595.938904	539393595.938904
337		539393595.938904	539393595.938904
336		539393595.938904	539393595.938904
335		539393595.938904	539393595.938904
334		539393595.938904	539393595.938904
333		539393595.938904	539393595.938904
332		539393595.938904	539393595.938904
331		539393595.938904	539393595.938904
330		539393595.938904	539393595.938904
329		539393595.938904	539393595.938904
328		539393595.938904	539393595.938904
327		539393595.938904	539393595.938904
326		539393595.938904	539393595.938904
325		539393595.938904	539393595.938904
324		539393595.938904	539393595.938904
323		539393595.938904	539393595.938904
322		539393595.938904	539393595.938904
321		539393595.938904	539393595.938904
320		539393595.938904	539393595.938904
319		539393595.938904	539393595.938904
318		539393595.938904	539393595.938904
317		539393595.938904	539393595.938904
316		539393595.938904	539393595.938904
315		539393595.938904	539393595.938904
314		539393595.938904	539393595.938904
313		539393595.938904	539393595.938904
312		539393595.938904	539393595.938904
311		539393595.938904	539393595.938904
310	3	549953249.237443	549953255.724434
309		539393595.938904	539393595.938904
308		539393595.938904	539393595.938904
307		539393595.938904	539393595.938904
306		539393595.938904	539393595.938904
305		539393595.938904	539393595.938904
304		539393595.938904	539393595.938904
303		539393595.938904	539393595.938904
302		539393595.938904	539393595.938904
301		539393595.938904	539393595.938904
300		539393595.938904	539393595.938904
299		539393595.938904	539393595.938904
298		539393595.938904	539393595.938904
297		539393595.938904	539393595.938904
296		539393595.938904	539393595.938904
295		539393595.938904	539393595.938904
294		539393595.938904	539393595.938904
293		539393595.938904	539393595.938904
292		539393595.938904	539393595.938904
291		539393595.938904	539393595.938904
290		539393595.938904	539393595.938904
289		539393595.938904	539393595.938904
288		539393595.938904	539393595.938904
287		539393595.938904	539393595.938904
286		539393595.938904	539393595.938904
285		539393595.938904	539393595.938904
284		539393595.938904	539393595.938904
283		539393595.938904	539393595.938904
282		539393595.938904	539393595.938904
281		539393595.938904	539393595.938904
280		539393595.938904	539393595.938904
279		539393595.938904	539393595.938904
278		539393595.938904	539393595.938904
277		539393595.938904	539393595.938904
276		539393595.938904	539393595.938904
275		539393595.938904	539393595.938904
274		539393595.938904	539393595.938904
273		539393595.938904	539393595.938904
272		539393595.938904	539393595.938904
271		539393595.938904	539393595.938904
270		539393595.938904	539393595.938904
269		539393595.938904	539393595.938904
268		539393595.938904	539393595.938904
267		539393595.938904	539393595.938904
266		539393595.938904	539393595.938904
265		539393595.938904	539393595.938904
264		539393595.938904	539393595.938904
263		539393595.938904	539393595.938904
262		539393595.938904	539393595.938904
261		539393595.938904	539393595.938904
260	2	549953263.968968	549953272.447393
259		539393595.938904	539393595.938904
258		539393595.938904	539393595.938904
257		539393595.938904	539393595.938904
256		539393595.938904	539393595.938904
255		539393595.938904	539393595.938904
254		539393595.938904	539393595.938904
253		539393595.938904	539393595.938904
252		539393595.938904	539393595.938904
251		539393595.938904	539393595.938904
250		539393595.938904	539393595.938904
249		539393595.938904	539393595.938904
248		539393595.938904	539393595.938904
247		539393595.938904	539393595.938904
246		539393595.938904	539393595.938904
245		539393595.938904	539393595.938904
244		539393595.938904	539393595.938904
243		539393595.938904	539393595.938904
242		539393595.938904	539393595.938904
241		539393595.938904	539393595.938904
240		539393595.938904	539393595.938904
239		539393595.938904	539393595.938904
238		539393595.938904	539393595.938904
237		539393595.938904	539393595.938904
236		539393595.938904	539393595.938904
235		539393595.938904	539393595.938904
234		539393595.938904	539393595.938904
233		539393595.938904	539393595.938904
232		539393595.938904	539393595.938904
231		539393595.938904	539393595.938904
230		539393595.938904	539393595.938904
229		539393595.938904	539393595.938904
228		539393595.938904	539393595.938904
227		539393595.938904	539393595.938904
226		539393595.938904	539393595.938904
225		539393595.938904	539393595.938904
224		539393595.938904	539393595.938904
223		539393595.938904	539393595.938904
222		539393595.938904	539393595.938904
221		539393595.938904	539393595.938904
220		539393595.938904	539393595.938904
219		539393595.938904	539393595.938904
218		539393595.938904	539393595.938904
217		539393595.938904	539393595.938904
216		539393595.938904	539393595.938904
215		539393595.938904	539393595.938904
214		539393595.938904	539393595.938904
213		539393595.938904	539393595.938904
212		539393595.938904	539393595.938904
211		539393595.938904	539393595.938904
210		539393595.938904	539393595.938904
209		539393595.938904	539393595.938904
208		539393595.938904	539393595.938904
207		539393595.938904	539393595.938904
206		539393595.938904	539393595.938904
205		539393595.938904	539393595.938904
204		539393595.938904	539393595.938904
203		539393595.938904	539393595.938904
202		539393595.938904	539393595.938904
201		539393595.938904	539393595.938904
200		539393595.938904	539393595.938904
199		539393595.938904	539393595.938904
198		539393595.938904	539393595.938904
197	8	549953278.166108	549953290.450100
196		539393595.938904	539393595.938904
195		539393595.938904	539393595.938904
194		539393595.938904	539393595.938904
193		539393595.938904	539393595.938904
192		539393595.938904	539393595.938904
191		539393595.938904	539393595.938904
190		539393595.938904	539393595.938904
189		539393595.938904	539393595.938904
188		539393595.938904	539393595.938904
187		539393595.938904	539393595.938904
186		539393595.938904	539393595.938904
185		539393595.938904	539393595.938904
184		539393595.938904	539393595.938904
183		539393595.938904	539393595.938904
182		539393595.938904	539393595.938904
181		539393595.938904	539393595.938904
180		539393595.938904	539393595.938904
179		539393595.938904	539393595.938904
178		539393595.938904	539393595.938904
177		539393595.938904	539393595.938904
176		539393595.938904	539393595.938904
175		539393595.938904	539393595.938904
174		539393595.938904	539393595.938904
173		539393595.938904	539393595.938904
172		539393595.938904	539393595.938904
171		539393595.938904	539393595.938904
170		539393595.938904	539393595.938904
169		539393595.938904	539393595.938904
168		539393595.938904	539393595.938904
167		539393595.938904	539393595.938904
166		539393595.938904	539393595.938904
165		539393595.938904	539393595.938904
164		539393595.938904	539393595.938904
163		539393595.938904	539393595.938904
162		539393595.938904	539393595.938904
161		539393595.938904	539393595.938904
160		539393595.938904	539393595.938904
159		539393595.938904	539393595.938904
158		539393595.938904	539393595.938904
157		539393595.938904	539393595.938904
156		539393595.938904	539393595.938904
155		539393595.938904	539393595.938904
154		539393595.938904	539393595.938904
153		539393595.938904	539393595.938904
152		539393595.938904	539393595.938904
151		539393595.938904	539393595.938904
150		539393595.938904	539393595.938904
149		539393595.938904	539393595.938904
148		539393595.938904	539393595.938904
147	8	549953295.197857	549953309.321417
146		539393595.938904	539393595.938904
145		539393595.938904	539393595.938904
144		539393595.938904	539393595.938904
143		539393595.938904	539393595.938904
142		539393595.938904	539393595.938904
141		539393595.938904	539393595.938904
140		539393595.938904	539393595.938904
139	19	549953401.656728	549953541.737537
138		549953346.610028	549953399.388246
137		549953321.543576	549953326.630962
136		549953314.469234	549953320.895844
135		539393595.938904	539393595.938904
134		539393595.938904	539393595.938904
133		539393595.938904	539393595.938904
132		539393595.938904	539393595.938904
131		539393595.938904	539393595.938904
130		539393595.938904	539393595.938904
129		539393595.938904	539393595.938904
128		539393595.938904	539393595.938904
127		539393595.938904	539393595.938904
126		539393595.938904	539393595.938904
125		539393595.938904	539393595.938904
124		539393595.938904	539393595.938904
123		539393595.938904	539393595.938904
122		539393595.938904	539393595.938904
121		539393595.938904	539393595.938904
120		539393595.938904	539393595.938904
119		539393595.938904	539393595.938904
118		539393595.938904	539393595.938904
117		539393595.938904	539393595.938904
116		539393595.938904	539393595.938904
115		539393595.938904	539393595.938904
114		539393595.938904	539393595.938904
113		539393595.938904	539393595.938904
112		539393595.938904	539393595.938904
111		539393595.938904	539393595.938904
110		539393595.938904	539393595.938904
109		539393595.938904	539393595.938904
108		539393595.938904	539393595.938904
107		539393595.938904	539393595.938904
106		539393595.938904	539393595.938904
105		539393595.938904	539393595.938904
104		539393595.938904	539393595.938904
103		539393595.938904	539393595.938904
102		539393595.938904	539393595.938904
101		539393595.938904	539393595.938904
100		539393595.938904	539393595.938904
99		539393595.938904	539393595.938904
98		539393595.938904	539393595.938904
97		539393595.938904	539393595.938904
96		539393595.938904	539393595.938904
95		539393595.938904	539393595.938904
94		539393595.938904	539393595.938904
93		539393595.938904	539393595.938904
92		539393595.938904	539393595.938904
91		539393595.938904	539393595.938904
90		539393595.938904	539393595.938904
89		539393595.938904	539393595.938904
88		539393595.938904	539393595.938904
87		539393595.938904	539393595.938904
86		539393595.938904	539393595.938904
85		539393595.938904	539393595.938904
84		539393595.938904	539393595.938904
83		539393595.938904	539393595.938904
82		539393595.938904	539393595.938904
81		539393595.938904	539393595.938904
80		539393595.938904	539393595.938904
79		539393595.938904	539393595.938904
78		539393595.938904	539393595.938904
77		539393595.938904	539393595.938904
76		539393595.938904	539393595.938904
75		539393595.938904	539393595.938904
74		539393595.938904	539393595.938904
73		539393595.938904	539393595.938904
72		539393595.938904	539393595.938904
71		539393595.938904	539393595.938904
70		539393595.938904	539393595.938904
69		539393595.938904	539393595.938904
68		539393595.938904	539393595.938904
67		539393595.938904	539393595.938904
66		539393595.938904	539393595.938904
65		539393595.938904	539393595.938904
64		539393595.938904	539393595.938904
63		539393595.938904	539393595.938904
62		539393595.938904	539393595.938904
61		539393595.938904	539393595.938904
60		539393595.938904	539393595.938904
59		539393595.938904	539393595.938904
58		539393595.938904	539393595.938904
57		539393595.938904	539393595.938904
56		539393595.938904	539393595.938904
55		539393595.938904	539393595.938904
54		539393595.938904	539393595.938904
53		539393595.938904	539393595.938904
52		539393595.938904	539393595.938904
51		539393595.938904	539393595.938904
50		539393595.938904	539393595.938904
49		539393595.938904	539393595.938904
48		539393595.938904	539393595.938904
47		539393595.938904	539393595.938904
46		539393595.938904	539393595.938904
45		539393595.938904	539393595.938904
44		539393595.938904	539393595.938904
43		539393595.938904	539393595.938904
42		539393595.938904	539393595.938904
41		539393595.938904	539393595.938904
40		539393595.938904	539393595.938904
39		539393595.938904	539393595.938904
38		539393595.938904	539393595.938904
37		539393595.938904	539393595.938904
36		539393595.938904	539393595.938904
35		539393595.938904	539393595.938904
34		539393595.938904	539393595.938904
33		539393595.938904	539393595.938904
32		539393595.938904	539393595.938904
31		539393595.938904	539393595.938904
30		539393595.938904	539393595.938904
29		539393595.938904	539393595.938904
28		539393595.938904	539393595.938904
27		539393595.938904	539393595.938904
26		539393595.938904	539393595.938904
25		539393595.938904	539393595.938904
24		539393595.938904	539393595.938904
23		539393595.938904	539393595.938904
22		539393595.938904	539393595.938904
21		539393595.938904	539393595.938904
20		539393595.938904	539393595.938904
19		539393595.938904	539393595.938904
18		539393595.938904	539393595.938904
17		539393595.938904	539393595.938904
16		539393595.938904	539393595.938904
15		539393595.938904	539393595.938904
14		539393595.938904	539393595.938904
13		539393595.938904	539393595.938904
12		539393595.938904	539393595.938904
11		539393595.938904	539393595.938904
10		539393595.938904	539393595.938904
9		539393595.938904	539393595.938904
8		539393595.938904	539393595.938904
7		539393595.938904	539393595.938904
6		539393595.938904	539393595.938904
5		539393595.938904	539393595.938904
4		539393595.938904	539393595.938904
3		539393595.938904	539393595.938904
2		539393595.938904	539393595.938904
1		539393595.938904	539393595.938904
extra.one.-16		539393595.938904	539393595.938904
extra.one.-15		539393595.938904	539393595.938904
0		539393595.938904	539393595.938904
extra.one.-14		539393595.938904	539393595.938904
extra.one.-13		539393595.938904	539393595.938904
extra.one.-12		539393595.938904	539393595.938904
extra.one.-11		539393595.938904	539393595.938904
extra.one.-10		539393595.938904	539393595.938904
extra.one.-9		539393595.938904	539393595.938904
extra.one.-8		539393595.938904	539393595.938904
extra.one.-7		539393595.938904	539393595.938904
extra.one.-6		539393595.938904	539393595.938904
extra.one.-5		539393595.938904	539393595.938904
extra.one.-4		539393595.938904	539393595.938904
extra.one.-3		539393595.938904	539393595.938904
extra.one.-2		539393595.938904	539393595.938904
extra.one.		539393595.938904	539393595.938904
894		556348483.223443	556348564.694957
895		556348565.719438	556348637.430312
896		556348638.565378	556348738.134879
897		556348739.262466	556348870.607460
898		556348871.689498	556348938.344189
899		556348939.406011	556349052.807204
900		556349053.812337	556349154.886505
901		556349155.569957	556349276.022944
902		556349277.105163	556349472.271682
903		556349473.322502	556349729.547144
904		556349730.589336	556350037.564077
905		556350038.621053	556350276.579698
906		556350277.781374	556350560.385747
907		556350561.425730	556350714.889689
908		556350715.972321	556350995.875623
909		556350996.859407	556351128.998061
910		556351130.026477	556351231.916178
911		556351232.902938	556351336.857476
912		556351337.867709	556351422.841317
912.8		556351423.833821	556351431.119139
913		556351432.002964	556351526.379423
914	1	556351527.385115	556351530.398417
915	17	556811104.867392	556811728.396414
916	19	557414732.082146	557414842.799613
917	20	558532654.419769	558532838.519735
918	17	559144256.672737	559146525.759650
919	16	559830505.977862	559830731.102910
920	19	560351994.068585	560352186.142152
921	19	561645525.623372	561645789.434104
922	15	562246970.148958	562247097.948656
923	14	562852395.821120	562852501.015136
924	16	563460194.820350	563460356.109330
925	17	564892631.687765	564892901.695284
926	18	565277747.632045	565277984.595006
927	19	565917468.663892	565917573.711926
928	19	567003867.450934	567004069.961753
929	16	567870858.582552	567871029.209690
