1	567814015.100547
z01mangaeden	Uchuu Kyoudai	324	566888010.834659	L	http://www.mangaeden.com/en/en-manga/uchuu-kyoudai/	566888010.834659
303	1	566886293.636592	566886300.732908
302		566886305.571929	566886305.571929
301		566886305.571929	566886305.571929
300		566886305.571929	566886305.571929
299		566886305.571929	566886305.571929
298		566886305.571929	566886305.571929
297		566886305.571929	566886305.571929
296		566886305.571929	566886305.571929
295		566886305.571929	566886305.571929
294		566886305.571929	566886305.571929
293		566886305.571929	566886305.571929
292		566886305.571929	566886305.571929
291		566886305.571929	566886305.571929
290		566886305.571929	566886305.571929
289		566886305.571929	566886305.571929
288		566886305.571929	566886305.571929
287		566886305.571929	566886305.571929
286		566886305.571929	566886305.571929
285		566886305.571929	566886305.571929
284		566886305.571929	566886305.571929
283		566886305.571929	566886305.571929
282		566886305.571929	566886305.571929
281		566886305.571929	566886305.571929
280		566886305.571929	566886305.571929
279		566886305.571929	566886305.571929
278		566886305.571929	566886305.571929
277		566886305.571929	566886305.571929
276		566886305.571929	566886305.571929
275		566886305.571929	566886305.571929
274		566886305.571929	566886305.571929
273		566886305.571929	566886305.571929
272		566886305.571929	566886305.571929
271		566886305.571929	566886305.571929
270		566886305.571929	566886305.571929
269		566886305.571929	566886305.571929
268		566886305.571929	566886305.571929
267		566886305.571929	566886305.571929
266		566886305.571929	566886305.571929
265		566886305.571929	566886305.571929
264		566886305.571929	566886305.571929
263		566886305.571929	566886305.571929
262		566886305.571929	566886305.571929
261		566886305.571929	566886305.571929
260		566886305.571929	566886305.571929
259		566886305.571929	566886305.571929
258		566886305.571929	566886305.571929
257		566886305.571929	566886305.571929
256		566886305.571929	566886305.571929
255		566886305.571929	566886305.571929
254		566886305.571929	566886305.571929
253		566886305.571929	566886305.571929
252		566886305.571929	566886305.571929
251		566886305.571929	566886305.571929
250		566886305.571929	566886305.571929
249		566886305.571929	566886305.571929
248		566886305.571929	566886305.571929
247		566886305.571929	566886305.571929
246		566886305.571929	566886305.571929
245		566886305.571929	566886305.571929
244		566886305.571929	566886305.571929
243		566886305.571929	566886305.571929
242		566886305.571929	566886305.571929
241		566886305.571929	566886305.571929
240		566886305.571929	566886305.571929
239		566886305.571929	566886305.571929
238		566886305.571929	566886305.571929
237		566886305.571929	566886305.571929
236		566886305.571929	566886305.571929
235		566886305.571929	566886305.571929
234		566886305.571929	566886305.571929
233		566886305.571929	566886305.571929
232		566886305.571929	566886305.571929
231		566886305.571929	566886305.571929
230		566886305.571929	566886305.571929
229		566886305.571929	566886305.571929
228		566886305.571929	566886305.571929
227		566886305.571929	566886305.571929
226		566886305.571929	566886305.571929
225		566886305.571929	566886305.571929
224		566886305.571929	566886305.571929
223		566886305.571929	566886305.571929
222		566886305.571929	566886305.571929
221		566886305.571929	566886305.571929
220		566886305.571929	566886305.571929
219		566886305.571929	566886305.571929
218		566886305.571929	566886305.571929
217		566886305.571929	566886305.571929
216		566886305.571929	566886305.571929
215		566886305.571929	566886305.571929
214		566886305.571929	566886305.571929
213		566886305.571929	566886305.571929
212		566886305.571929	566886305.571929
211		566886305.571929	566886305.571929
210		566886305.571929	566886305.571929
209		566886305.571929	566886305.571929
208		566886305.571929	566886305.571929
207		566886305.571929	566886305.571929
206		566886305.571929	566886305.571929
205		566886305.571929	566886305.571929
204		566886305.571929	566886305.571929
203		566886305.571929	566886305.571929
202		566886305.571929	566886305.571929
201		566886305.571929	566886305.571929
200		566886305.571929	566886305.571929
199		566886305.571929	566886305.571929
198		566886305.571929	566886305.571929
197		566886305.571929	566886305.571929
196		566886305.571929	566886305.571929
195		566886305.571929	566886305.571929
194		566886305.571929	566886305.571929
193		566886305.571929	566886305.571929
192		566886305.571929	566886305.571929
191		566886305.571929	566886305.571929
190		566886305.571929	566886305.571929
189		566886305.571929	566886305.571929
188		566886305.571929	566886305.571929
187		566886305.571929	566886305.571929
186		566886305.571929	566886305.571929
185		566886305.571929	566886305.571929
184		566886305.571929	566886305.571929
183		566886305.571929	566886305.571929
182		566886305.571929	566886305.571929
181		566886305.571929	566886305.571929
180		566886305.571929	566886305.571929
179		566886305.571929	566886305.571929
178		566886305.571929	566886305.571929
177		566886305.571929	566886305.571929
176		566886305.571929	566886305.571929
175		566886305.571929	566886305.571929
174		566886305.571929	566886305.571929
173		566886305.571929	566886305.571929
172		566886305.571929	566886305.571929
171		566886305.571929	566886305.571929
170		566886305.571929	566886305.571929
169		566886305.571929	566886305.571929
168		566886305.571929	566886305.571929
167		566886305.571929	566886305.571929
166		566886305.571929	566886305.571929
165		566886305.571929	566886305.571929
164		566886305.571929	566886305.571929
163		566886305.571929	566886305.571929
162		566886305.571929	566886305.571929
161		566886305.571929	566886305.571929
160		566886305.571929	566886305.571929
159		566886305.571929	566886305.571929
158		566886305.571929	566886305.571929
157		566886305.571929	566886305.571929
156		566886305.571929	566886305.571929
155		566886305.571929	566886305.571929
154		566886305.571929	566886305.571929
153		566886305.571929	566886305.571929
152		566886305.571929	566886305.571929
151		566886305.571929	566886305.571929
150		566886305.571929	566886305.571929
149		566886305.571929	566886305.571929
148		566886305.571929	566886305.571929
147		566886305.571929	566886305.571929
146		566886305.571929	566886305.571929
145		566886305.571929	566886305.571929
144		566886305.571929	566886305.571929
143		566886305.571929	566886305.571929
142		566886305.571929	566886305.571929
141		566886305.571929	566886305.571929
140		566886305.571929	566886305.571929
139		566886305.571929	566886305.571929
138		566886305.571929	566886305.571929
137		566886305.571929	566886305.571929
136		566886305.571929	566886305.571929
135		566886305.571929	566886305.571929
134		566886305.571929	566886305.571929
133		566886305.571929	566886305.571929
132		566886305.571929	566886305.571929
131		566886305.571929	566886305.571929
130		566886305.571929	566886305.571929
129		566886305.571929	566886305.571929
128		566886305.571929	566886305.571929
127		566886305.571929	566886305.571929
126		566886305.571929	566886305.571929
125		566886305.571929	566886305.571929
124		566886305.571929	566886305.571929
123		566886305.571929	566886305.571929
122		566886305.571929	566886305.571929
121		566886305.571929	566886305.571929
120		566886305.571929	566886305.571929
119		566886305.571929	566886305.571929
118		566886305.571929	566886305.571929
117		566886305.571929	566886305.571929
116		566886305.571929	566886305.571929
115		566886305.571929	566886305.571929
114		566886305.571929	566886305.571929
113		566886305.571929	566886305.571929
112		566886305.571929	566886305.571929
111		566886305.571929	566886305.571929
110		566886305.571929	566886305.571929
109		566886305.571929	566886305.571929
108		566886305.571929	566886305.571929
107		566886305.571929	566886305.571929
106		566886305.571929	566886305.571929
105		566886305.571929	566886305.571929
104		566886305.571929	566886305.571929
103		566886305.571929	566886305.571929
102		566886305.571929	566886305.571929
101		566886305.571929	566886305.571929
100		566886305.571929	566886305.571929
99		566886305.571929	566886305.571929
98		566886305.571929	566886305.571929
97		566886305.571929	566886305.571929
96		566886305.571929	566886305.571929
95		566886305.571929	566886305.571929
94		566886305.571929	566886305.571929
93		566886305.571929	566886305.571929
92		566886305.571929	566886305.571929
91		566886305.571929	566886305.571929
90		566886305.571929	566886305.571929
89		566886305.571929	566886305.571929
88		566886305.571929	566886305.571929
87		566886305.571929	566886305.571929
86		566886305.571929	566886305.571929
85		566886305.571929	566886305.571929
84		566886305.571929	566886305.571929
83		566886305.571929	566886305.571929
82		566886305.571929	566886305.571929
81		566886305.571929	566886305.571929
80		566886305.571929	566886305.571929
79		566886305.571929	566886305.571929
78		566886305.571929	566886305.571929
77		566886305.571929	566886305.571929
76		566886305.571929	566886305.571929
75		566886305.571929	566886305.571929
74		566886305.571929	566886305.571929
73		566886305.571929	566886305.571929
72		566886305.571929	566886305.571929
71		566886305.571929	566886305.571929
70		566886305.571929	566886305.571929
69		566886305.571929	566886305.571929
68		566886305.571929	566886305.571929
67		566886305.571929	566886305.571929
66		566886305.571929	566886305.571929
65		566886305.571929	566886305.571929
64		566886305.571929	566886305.571929
63		566886305.571929	566886305.571929
62		566886305.571929	566886305.571929
61		566886305.571929	566886305.571929
60		566886305.571929	566886305.571929
59		566886305.571929	566886305.571929
58		566886305.571929	566886305.571929
57		566886305.571929	566886305.571929
56		566886305.571929	566886305.571929
55		566886305.571929	566886305.571929
54		566886305.571929	566886305.571929
53		566886305.571929	566886305.571929
52		566886305.571929	566886305.571929
51		566886305.571929	566886305.571929
50		566886305.571929	566886305.571929
49		566886305.571929	566886305.571929
48		566886305.571929	566886305.571929
47		566886305.571929	566886305.571929
46		566886305.571929	566886305.571929
45		566886305.571929	566886305.571929
44		566886305.571929	566886305.571929
43		566886305.571929	566886305.571929
42		566886305.571929	566886305.571929
41		566886305.571929	566886305.571929
40		566886305.571929	566886305.571929
39		566886305.571929	566886305.571929
38		566886305.571929	566886305.571929
37		566886305.571929	566886305.571929
36		566886305.571929	566886305.571929
35		566886305.571929	566886305.571929
34		566886305.571929	566886305.571929
33		566886305.571929	566886305.571929
32		566886305.571929	566886305.571929
31		566886305.571929	566886305.571929
30		566886305.571929	566886305.571929
29		566886305.571929	566886305.571929
28		566886305.571929	566886305.571929
27		566886305.571929	566886305.571929
26		566886305.571929	566886305.571929
25		566886305.571929	566886305.571929
24		566886305.571929	566886305.571929
23		566886305.571929	566886305.571929
22		566886305.571929	566886305.571929
21		566886305.571929	566886305.571929
20		566886305.571929	566886305.571929
19		566886305.571929	566886305.571929
18		566886305.571929	566886305.571929
17		566886305.571929	566886305.571929
16		566886305.571929	566886305.571929
15		566886305.571929	566886305.571929
14		566886305.571929	566886305.571929
13		566886305.571929	566886305.571929
12		566886305.571929	566886305.571929
11		566886305.571929	566886305.571929
10		566886305.571929	566886305.571929
9		566886305.571929	566886305.571929
8		566886305.571929	566886305.571929
7		566886305.571929	566886305.571929
6		566886305.571929	566886305.571929
5		566886305.571929	566886305.571929
4		566886305.571929	566886305.571929
3		566886305.571929	566886305.571929
2		566886305.571929	566886305.571929
1		566886305.571929	566886305.571929
308		566886313.373302	566886379.652619
309		566886380.358390	566886468.709431
310		566886469.578149	566886577.446698
311		566886578.441393	566886712.148486
312		566886713.044270	566886844.272133
313		566886845.113675	566886951.686849
314		566886952.543758	566887009.468993
315		566887010.067935	566887113.811246
316		566887114.735277	566887234.817032
317		566887235.703808	566887350.070317
318		566887350.991953	566887439.310572
319		566887440.151859	566887564.684655
320		566887565.469818	566887681.288006
321		566887682.134212	566887827.261799
322		566887839.048259	566887909.582484
323		566887910.488256	566888010.049488
324	20	566888010.834659	566888174.314239
