1	545058871.231397
z01mangaeden	Shingeki no Kyojin	104	545058651.098707	L	http://www.mangaeden.com/en/en-manga/shingeki-no-kyojin/	545058651.098707
104	44	545058651.098707	545058866.137703
103		545058870.579484	545058870.579484
102		545058870.579484	545058870.579484
101		545058870.579484	545058870.579484
100		545058870.579484	545058870.579484
99		545058870.579484	545058870.579484
98		545058870.579484	545058870.579484
97		545058870.579484	545058870.579484
96		545058870.579484	545058870.579484
95		545058870.579484	545058870.579484
94		545058870.579484	545058870.579484
93		545058870.579484	545058870.579484
92		545058870.579484	545058870.579484
91		545058870.579484	545058870.579484
90		545058870.579484	545058870.579484
89		545058870.579484	545058870.579484
88		545058870.579484	545058870.579484
87		545058870.579484	545058870.579484
86		545058870.579484	545058870.579484
85		545058870.579484	545058870.579484
84		545058870.579484	545058870.579484
83		545058870.579484	545058870.579484
82		545058870.579484	545058870.579484
81		545058870.579484	545058870.579484
80		545058870.579484	545058870.579484
79		545058870.579484	545058870.579484
78		545058870.579484	545058870.579484
77		545058870.579484	545058870.579484
76		545058870.579484	545058870.579484
75		545058870.579484	545058870.579484
74		545058870.579484	545058870.579484
73		545058870.579484	545058870.579484
72		545058870.579484	545058870.579484
71		545058870.579484	545058870.579484
70		545058870.579484	545058870.579484
69		545058870.579484	545058870.579484
68		545058870.579484	545058870.579484
67		545058870.579484	545058870.579484
66		545058870.579484	545058870.579484
65		545058870.579484	545058870.579484
64		545058870.579484	545058870.579484
63		545058870.579484	545058870.579484
62		545058870.579484	545058870.579484
61		545058870.579484	545058870.579484
60		545058870.579484	545058870.579484
59		545058870.579484	545058870.579484
58		545058870.579484	545058870.579484
57		545058870.579484	545058870.579484
56		545058870.579484	545058870.579484
55		545058870.579484	545058870.579484
54		545058870.579484	545058870.579484
53		545058870.579484	545058870.579484
52		545058870.579484	545058870.579484
51.1		545058870.579484	545058870.579484
51		545058870.579484	545058870.579484
50.1		545058870.579484	545058870.579484
50		545058870.579484	545058870.579484
49		545058870.579484	545058870.579484
48		545058870.579484	545058870.579484
47		545058870.579484	545058870.579484
46		545058870.579484	545058870.579484
45		545058870.579484	545058870.579484
44		545058870.579484	545058870.579484
43		545058870.579484	545058870.579484
42		545058870.579484	545058870.579484
41		545058870.579484	545058870.579484
40		545058870.579484	545058870.579484
39		545058870.579484	545058870.579484
38		545058870.579484	545058870.579484
37		545058870.579484	545058870.579484
36		545058870.579484	545058870.579484
35		545058870.579484	545058870.579484
34		545058870.579484	545058870.579484
33		545058870.579484	545058870.579484
32		545058870.579484	545058870.579484
31		545058870.579484	545058870.579484
30		545058870.579484	545058870.579484
29		545058870.579484	545058870.579484
28		545058870.579484	545058870.579484
27		545058870.579484	545058870.579484
26		545058870.579484	545058870.579484
25		545058870.579484	545058870.579484
24		545058870.579484	545058870.579484
23		545058870.579484	545058870.579484
22		545058870.579484	545058870.579484
21		545058870.579484	545058870.579484
20		545058870.579484	545058870.579484
19		545058870.579484	545058870.579484
18.5		545058870.579484	545058870.579484
18.005		545058870.579484	545058870.579484
18		545058870.579484	545058870.579484
17		545058870.579484	545058870.579484
16		545058870.579484	545058870.579484
15		545058870.579484	545058870.579484
14		545058870.579484	545058870.579484
13		545058870.579484	545058870.579484
12		545058870.579484	545058870.579484
11		545058870.579484	545058870.579484
10		545058870.579484	545058870.579484
9.5		545058870.579484	545058870.579484
9		545058870.579484	545058870.579484
8		545058870.579484	545058870.579484
7		545058870.579484	545058870.579484
6		545058870.579484	545058870.579484
5		545058870.579484	545058870.579484
4		545058870.579484	545058870.579484
3		545058870.579484	545058870.579484
2		545058870.579484	545058870.579484
1.5		545058870.579484	545058870.579484
1		545058870.579484	545058870.579484
0		545058870.579484	545058870.579484
