1	555550388.023526
z09mangatown	Teen Mom	31	549548500.510536	B	http://m.mangatown.com/manga/teen_mom	549548500.510536
1		541522123.587538	541522191.483555
2		541522191.987078	541522265.692019
3		541522265.991947	541522544.781383
4		541522545.303188	541522656.354641
5		541522656.875404	541523911.905785
6		541523912.538950	541523995.626685
7		541523996.141221	541524081.278540
8		541524081.734907	541524287.576329
9		541524299.108209	541524445.744503
10		541524447.500967	541524520.913987
11		541524521.662975	541524618.418422
12		541524619.091110	541524694.005300
13		541524694.623583	541524948.766402
14		541524949.477693	541525232.040686
15		541525232.588120	541525354.343898
16		541525354.964422	541525553.738896
17		541525554.248021	541525766.070046
18		541525766.731948	541525986.725721
19		541525987.478835	541526110.247509
20		541526121.370344	541526251.062403
21		541526252.451883	541526573.854293
22		541526587.019199	541526695.809761
23		541526696.517546	541526853.220811
24		541526853.579612	541526979.791659
25		541526980.137852	541527096.432722
26		541527097.100027	541527202.899706
27		541527203.232241	541527493.472919
27.1		541527493.931357	541527601.595157
28	45	541527602.304862	541528089.406774
29	47	542551202.793515	542551307.143054
30	54	547995560.402861	547995668.300614
31	53	549548500.510536	549548624.752366
