1	556730286.914437
z09mangatown	Gozen 0-ji, Kiss Shi ni Kite yo			L	http://m.mangatown.com/manga/gozen_0_ji_kiss_shi_ni_kite_yo	0.000000
19		556662971.368853	556662971.368853
15		556662971.368853	556662971.368853
11		556662971.368853	556662971.368853
6		556662971.368853	556662971.368853
5.5		556662971.368853	556662971.368853
5		556662971.368853	556662971.368853
4		556662971.368853	556662971.368853
3		556662971.368853	556662971.368853
2		556662971.368853	556662971.368853
1.2		556662971.368853	556662971.368853
1.1		556662971.368853	556662971.368853
