1	567528810.061346
z09mangatown	Happiness (OSHIMI Shuzo)	47	567528714.063507	L	http://m.mangatown.com/manga/happiness_oshimi_shuzo	567528714.063507
43		556663090.571004	556663090.571004
42		556663090.571004	556663090.571004
41		556663090.571004	556663090.571004
40		556663090.571004	556663090.571004
39		556663090.571004	556663090.571004
38		556663090.571004	556663090.571004
37		556663090.571004	556663090.571004
36		556663090.571004	556663090.571004
35		556663090.571004	556663090.571004
34		556663090.571004	556663090.571004
33		556663090.571004	556663090.571004
32		556663090.571004	556663090.571004
31		556663090.571004	556663090.571004
30		556663090.571004	556663090.571004
29		556663090.571004	556663090.571004
28		556663090.571004	556663090.571004
27		556663090.571004	556663090.571004
26		556663090.571004	556663090.571004
25		556663090.571004	556663090.571004
24		556663090.571004	556663090.571004
23		556663090.571004	556663090.571004
22		556663090.571004	556663090.571004
21		556663090.571004	556663090.571004
20		556663090.571004	556663090.571004
19		556663090.571004	556663090.571004
18		556663090.571004	556663090.571004
17		556663090.571004	556663090.571004
16		556663090.571004	556663090.571004
15		556663090.571004	556663090.571004
14		556663090.571004	556663090.571004
13		556663090.571004	556663090.571004
12		556663090.571004	556663090.571004
11		556663090.571004	556663090.571004
10		556663090.571004	556663090.571004
9		556663090.571004	556663090.571004
8		556663090.571004	556663090.571004
7		556663090.571004	556663090.571004
6		556663090.571004	556663090.571004
5		556663090.571004	556663090.571004
4		556663090.571004	556663090.571004
3		556663090.571004	556663090.571004
2		556663090.571004	556663090.571004
1		556663090.571004	556663090.571004
44	34	559494212.947855	559494264.764882
45	37	563287634.050010	563287710.569619
46	34	564326623.265878	564326678.177185
47	36	567528714.063507	567528810.060748
