1	558977334.835571
z09mangatown	Seshiji o Pin! to - Shikakou Kyougi Dance-bu e Youkoso	86	554924527.544222	L	http://m.mangatown.com/manga/seshiji_o_pin_to_shikakou_kyougi_dance_bu_e_youkoso	554924527.544222
1		554909526.934598	554909672.722006
2		554909673.315809	554910095.821721
3		554910096.629887	554910647.699037
4		554910648.201593	554910903.693198
5		554910904.341875	554911281.115753
6		554911281.800896	554911376.019726
7		554911376.642252	554911668.723777
8		554911669.301824	554911853.091468
9		554911853.615408	554912606.638878
10		554912607.279715	554912673.825037
11		554912674.965675	554912732.646713
12		554912733.237873	554912793.799702
13		554912794.376802	554912863.631459
14		554912864.180263	554913361.915001
14.5		554913362.496071	554913410.479547
15		554913410.981684	554913478.087232
16		554913478.702730	554913987.626485
17		554913988.264109	554914061.114267
18		554914061.698153	554914195.806193
19		554914196.463933	554914243.658419
20		554914244.287683	554914309.944764
21		554914310.529395	554914395.565690
22		554914396.139026	554914454.599138
23		554914455.216202	554914558.876121
24		554914559.481817	554914683.748517
25		554914684.387713	554914762.718874
26		554914763.336659	554914846.072904
27		554914846.693678	554914928.093234
28		554914928.729126	554914982.658450
29		554914983.143994	554915066.116606
30		554915066.783764	554915126.333200
31		554915126.981294	554915192.753195
32		554915193.577437	554915264.504197
33		554915265.166172	554915344.462467
34		554915345.093577	554915458.315242
35		554915459.689516	554915514.487397
36		554916176.231608	554916181.665665
37		554916181.958531	554916370.800994
38		554916723.637010	554917102.543573
39		554917103.183927	554917536.673473
40		554917537.289553	554917782.845530
41		554917783.441839	554917887.349568
42		554918930.464622	554919349.937078
43		554919350.664985	554919489.565211
44		554919490.167601	554919727.083469
45		554919727.639323	554919850.050988
46		554919850.481552	554920078.414892
47		554920078.994744	554920128.511109
48		554920129.138763	554920205.331358
49		554920205.940460	554920347.759240
50		554920348.496965	554920397.794525
51		554920398.553070	554920560.720263
52		554920561.178748	554920631.175948
53		554920631.809986	554920779.328416
53.5		554920779.908805	554920902.853558
54		554920903.482655	554921084.340161
55		554921084.869557	554921285.836449
56		554921286.470760	554921529.069302
57		554921530.193877	554921561.885623
58		554921562.441043	554921743.409813
59		554921744.003857	554921800.695851
60		554921801.244162	554921832.480078
61		554921833.173799	554921877.781952
62		554921878.587595	554921956.797617
62.5		554921957.335372	554922020.916926
63		554922021.435820	554922079.723813
64		554922080.365856	554922122.005888
65		554922123.178456	554922187.395025
66		554922188.006636	554922400.034212
67		554922401.059633	554922438.764680
68		554922439.386218	554922526.373534
69		554922526.951791	554922579.187783
70		554922579.511817	554922621.794159
71		554922622.387421	554922663.445727
71.5		554922664.620675	554922667.929154
72		554922668.555753	554922837.266710
73		554922838.456062	554922910.220173
74		554922910.782516	554922985.489809
75		554922986.140512	554923210.046718
76		554923210.702100	554923356.385917
77		554923357.005343	554923906.989255
78		554923908.174453	554923996.210516
79		554923996.864765	554924035.995257
80		554924036.691282	554924078.113439
80.5		554924078.696288	554924138.516399
81		554924139.197386	554924266.767025
82		554924268.245011	554924324.924129
83		554924368.636069	554924377.792953
84		554924378.099854	554924461.080070
85		554924461.691536	554924527.027835
86	31	554924527.544222	554924647.224140
