1	562076735.477138
z09mangatown	My Giant Nerd Boyfriend	226	562076703.380422	B	http://m.mangatown.com/manga/my_giant_nerd_boyfriend	562076703.380422
1		553789721.608866	553789735.707921
2		553789736.481676	553789741.090256
3		553789741.495879	553789745.156879
4		553789745.505914	553789752.191495
5		553789752.552812	553789763.096759
6		553789763.430823	553789769.894087
7		553789770.885530	553789777.242137
8		553789777.580021	553789798.645115
9		553789799.297899	553789806.276504
10		553789806.915554	553789818.012959
11		553789818.916798	553789828.946603
12		553789829.420731	553789839.494776
13		553789840.319702	553789847.962326
14		553789848.289475	553789858.065736
15		553789858.443320	553789871.746971
17		553789875.118747	553789901.386006
18		553789902.157812	553789915.884129
19		553789916.631084	553789926.266164
20		553789926.773480	553789973.536908
21		553789974.276323	553789996.654752
22		553789999.218493	553790015.334354
23		553790016.180115	553790033.435327
24		553790034.251755	553790102.040147
25		553790103.011512	553790115.138318
26		553790115.886241	553790124.052974
27		553790125.145925	553790147.237409
28		553790148.355566	553790164.157400
29		553790164.901413	553790179.755506
30		553790180.476717	553790203.258892
31		553790203.913503	553790222.459760
32		553790223.199108	553790251.061150
33		553790251.784409	553790271.828924
34		553790272.560650	553790291.427301
35		553790380.030956	553790385.632663
36		553790385.991977	553790669.576842
37		553790670.529807	553790691.679246
38		553790693.114367	553790714.148110
39		553790715.319341	553790744.897028
40		553790745.947411	553790755.447468
41		553790755.877011	553790782.215199
42		553790783.036424	553790821.633560
43		553790822.609361	553790841.768454
44		553790843.240148	553790855.852755
45		553790856.275074	553790871.253127
46		553791389.862183	553791420.371696
47		553791421.192625	553791466.362378
48		553791467.428296	553791479.442506
49		553791480.000229	553791516.164898
50		553791517.124826	553791561.283015
51		553791562.288074	553791591.801308
52		553791592.805835	553791610.385459
53		553791611.298896	553791636.632428
54		553791637.518129	553791700.702889
55		553791701.187621	553791726.057499
56		553791727.443801	553791741.791731
57		553791743.448388	553791801.495041
58		553791802.560954	553791827.044101
59		553791827.924904	553791850.863378
60		553791851.737189	553791861.461209
61		553791861.953990	553791946.154688
62		553791946.984309	553791971.285062
63		553791972.511555	553791990.920018
64		553791992.599940	553792012.236557
65		553792013.254340	553792041.875930
66		553792042.889680	553792055.905402
67		553792056.395827	553792076.579383
68		553792077.536019	553792114.616817
69		553792116.191982	553792140.987167
70		553792141.844679	553792157.352396
71		553792158.530813	553792195.573171
72		553792196.470856	553792265.957588
73		553792267.269255	553792282.028023
74		553792282.525013	553792380.529758
75		553792381.326983	553792415.698296
76		553792416.380283	553792424.900800
77		553792425.368463	553792443.152163
78		553792444.628631	553792478.751604
79		553792479.529419	553792518.006067
80		553792518.779608	553792537.923716
81		553792538.717660	553792576.553872
82		553792578.141596	553792610.606728
83		553792612.055214	553792636.940889
84		553792637.603958	553792663.774699
85		553792664.489933	553792692.214415
86		553792692.975201	553792727.065726
87		553792727.850430	553792799.519527
88		553792801.193856	553792837.470924
89		553792840.095194	553792861.088812
90		553792861.886764	553792906.519991
91		553792906.867698	553792936.226331
92		553792937.042750	553793083.779053
93		553793084.611346	553793104.996802
94		553793105.810933	553793151.049997
95		553793152.242948	553793175.233577
96		553793176.702254	553793197.432338
97		553793198.108415	553793213.981876
98		553793214.728228	553793230.786154
99		553793231.688902	553793319.340492
100		553793320.133317	553793378.143496
101		553793378.912380	553793395.258829
102		553793396.006992	553793415.728144
103		553793416.504497	553793437.563035
104		553793438.394131	553793472.898154
105		553793478.148874	553793497.763108
106		553793498.403991	553793511.049633
107		553793511.614376	553793539.150811
108		553793539.958764	553793574.852525
109		553793575.666852	553793913.222057
115		553793914.054824	553793937.073134
116		553793937.914094	553793954.205298
117		553793955.386520	553793990.626648
118		553793991.429565	553794008.409749
119		553794009.834237	553794030.377630
120		553794031.206884	553794050.078554
121		553794050.899424	553794069.946287
122		553794072.040059	553794096.247354
123		553794098.090009	553794117.495794
124		553794118.473315	553794177.602672
125		553794183.720206	553794195.337222
126		553794195.863818	553794206.704766
127		553794207.145230	553794240.454099
128		553794241.922564	553794257.440598
129		553794258.291360	553794276.272588
130		553794277.767466	553794305.393314
131		553794306.992861	553794319.174427
132		553794319.565811	553794337.174438
133		553794337.915701	553794348.511727
134		553794348.948425	553794359.595647
135		553794360.024597	553794382.046372
136		553794382.748017	553794397.197116
137		553794398.085313	553794436.149196
138		553794436.865276	553794459.000117
139		553794459.781471	553794477.382336
140		553794478.317925	553794501.314563
141		553794502.127766	553794564.138396
142		553794564.918070	553794604.403568
143		553794605.388482	553794628.589162
144		553794629.327333	553794665.891094
145		553794666.620106	553794686.960891
146		553794688.192636	553794722.212808
147		553794723.145788	553794783.146533
148		553794784.084884	553794803.900145
149		553794804.737242	553794869.151655
150		553794869.847586	553794919.087611
151		553794919.775357	553794948.624344
152		553794949.773330	553794965.691805
153		553794970.849417	553794996.977166
154		553794997.668921	553795005.440202
155		553795006.383286	553795023.556621
156		553795023.925985	553795036.157134
157		553795036.512764	553795057.629832
158		553795058.411008	553795079.864603
159		553795080.560789	553795091.709832
162		553795092.074558	553795107.582169
163		553795108.057809	553795148.850769
164		553795149.635916	553795179.418770
165		553795180.231527	553796118.921771
166		553796119.744129	553796152.123270
167		553796152.943846	553796179.308298
168		553796180.108685	553796927.349647
169		553796928.240305	553797186.944669
170		553797187.630743	553797211.481594
171		553797212.224548	553797238.520787
172		553797240.033988	553797257.624371
173		553797258.376537	553797282.406204
181		553797283.185800	553797312.890905
182		553797313.672572	553797437.599710
183		553797438.391303	553797453.582764
184		553797454.383154	553797478.530124
185		553797479.196900	553797513.330878
186		553797513.696843	553797529.915213
187		553797530.768394	553797543.727929
188		553797544.113088	553797567.547960
189	12	553797568.485555	553797606.435479
192		554386184.261116	554386227.598269
193		554386228.142927	554386247.584672
194		554386248.187513	554386272.683421
195	13	554386273.211945	554386323.444908
196		554904320.127331	554904350.637490
197	7	554904351.195624	554904380.311148
201	13	555595227.537129	555595280.160222
202	8	556044058.399872	556044083.593253
203		556634346.674548	556634366.473025
204	7	556634366.756262	556634389.682122
205		557151931.531613	557151944.381192
206	8	557151944.815695	557151968.855712
207	9	557242827.579014	557242853.935861
208		557849267.648664	557849316.310478
209	6	557849316.875332	557849339.748030
211		558275189.058103	558275234.086037
212	10	558275234.724275	558275258.542518
213	10	558447822.433316	558447857.036032
215		559657817.437117	559657853.086382
216	13	559657853.466037	559657890.696999
218		560694242.796337	560694281.473171
219	12	560694282.059682	560694324.823235
220	10	560871185.534203	560871220.418317
221	8	561561804.069018	561561837.332599
226	9	562076703.380422	562076733.853798
