1	557948011.816690
z09mangatown	Re:Monster	44	552525719.333686	L	http://m.mangatown.com/manga/re_monster	552525719.333686
1		542727335.683131	542727504.249785
2		542727510.430093	542727825.602390
3		542727826.238062	542729806.069366
4		542729822.794190	542730142.053508
5		542730158.758903	542730434.115786
6		542730434.953588	542734409.447189
7		542734426.550853	542742704.048716
8		542742704.643869	542742887.019051
9		542742887.589863	542742990.093233
10		542742990.808636	542743089.663770
11		542743090.585515	542743165.633543
12		542743166.392487	542743371.688227
13		542743372.490440	542743543.811781
14		542743544.334784	542743678.320764
15		542743679.017811	542743862.607023
16		542743862.944940	542744068.286449
17		542744068.956414	542745927.889505
18		542745928.525721	542746141.080456
19		542746141.435241	542746439.820849
20		542746441.408366	542746596.057799
21		542746596.849547	542746779.783469
22		542746780.474267	542746986.327681
23		542746987.099298	542747067.461850
24		542747068.005145	542747299.423662
25		542747300.032137	542747811.253753
26		542747811.871684	542748240.957366
27		542748241.334486	542748491.118197
28		542748499.937375	542748661.279187
28.1		542748661.915425	542748842.965182
28.2		542748843.333787	542749268.788743
29.1		542749269.551865	542749443.275580
29.2		542749446.579483	542749549.767920
30.1		542749550.382618	542749713.374922
30.2		542749714.037180	542749817.113056
31		542749817.863881	542750012.351431
32		542750013.259783	542750105.226535
33		542750105.877397	542750198.014857
34		542750198.817514	542750454.346946
35		542750455.023975	542750719.310357
36		542750719.916394	542750928.892166
37		542750929.588390	542751211.408788
38		542751212.150583	542751458.303275
39.1		542751460.105141	542751549.874105
39.2		542751550.782233	542751701.696787
40	17	542751705.185438	542751955.104145
41	11	544497594.655509	544497607.603307
42	23	547097968.283327	547098280.048933
43	21	549120526.039591	549120877.874603
44	23	552525719.333686	552525954.608240
