1	558979311.409351
z09mangatown	Summer Time Render	13	554649319.403051	L	http://m.mangatown.com/manga/summer_time_render	554649319.403051
1		549769249.052583	549774246.741818
2		549774247.465400	549774304.225278
3		549774304.807596	549774328.724601
4		549774329.327610	549774365.980236
5		549774366.632917	549774400.164617
6		549774400.743063	549774460.765941
7		549774461.453334	549774534.379440
8		549774535.239994	549774593.513773
9	13	549774594.032470	549774646.155416
10	21	550454182.738396	550454274.645075
11	12	551676507.411573	551676551.428472
12	16	552576791.771296	552576872.266502
13	18	554649319.403051	554649409.483266
