1	556730105.286215
z09mangatown	Game Yaru kara 100-en Kashite!	10	553476613.676460	L	http://m.mangatown.com/manga/game_yaru_kara_100_en_kashite	553476613.676460
1		553286446.628162	553286557.201080
2		553322487.626263	553322748.680384
3		553463260.451194	553463612.068811
4		553463612.898995	553464093.268956
5		553464094.774787	553464377.602904
6		553476009.855646	553476090.378852
7		553476090.970601	553476138.214387
8		553476138.791906	553476353.820073
9		553476354.583210	553476604.294286
10	24	553476613.676460	553476696.762980
