1	558976621.975587
z09mangatown	Rikudou	79	557813594.139932	L	http://m.mangatown.com/manga/rikudou	557813594.139932
1		553578198.065871	553578346.986463
2		553578347.637697	553578487.475647
3		553578488.118282	553578582.310533
4		553578583.012166	553578677.566872
5		553578678.337031	553578764.337052
6		553578764.990656	553578834.921184
7		553578835.648998	553578910.993497
8		553578911.642920	553579044.132423
9		553579044.762768	553579163.737166
10		553579164.342497	553579259.725232
11		553579260.331355	553579311.774564
12		553579312.406778	553579404.694954
13		553579406.040985	553579458.883114
14		553579460.175686	553579513.152059
15		553579513.831062	553579564.204233
16		553579564.832656	553579650.558585
17		553579651.187683	553579717.374893
18		553579718.364409	553579798.828210
19		553579799.464270	553579867.853984
20		553579868.651546	553579922.403618
21		553579923.032091	553579998.393324
22		553579999.014634	553580080.180319
23		553580080.788049	553580144.333056
24		553580145.037463	553580206.614994
25		553580207.208186	553580388.039332
26		553580388.623370	553580464.030861
27		553580464.645002	553580538.217763
28		553580538.882539	553580601.938579
29		553580602.509647	553580661.341078
30		553580662.077951	553580731.875087
31		553580732.538189	553580778.629907
32		553580779.221473	553580858.533902
33		553580859.675408	553580972.655713
34		553580973.311920	553581034.642635
35		553581035.224186	553581128.544885
36		553581129.241027	553581210.099102
37		553581211.187977	553581270.516950
38		553581271.083186	553581319.990250
39		553581898.331714	553581991.154296
40		553581992.324660	553582056.122788
41		553582056.774877	553582122.596674
42		553582123.246354	553582211.079857
43		553582212.112477	553582248.719434
44		553582249.396721	553582293.205032
45		553582293.848000	553582342.474239
46		553582343.097616	553582413.394455
47		553582414.061389	553582480.960964
48		553582481.637376	553582549.298860
49		553582550.167484	553582628.605139
50		553582629.326304	553582740.124936
51		553582740.837396	553582847.082639
52		553582847.838826	553582900.818173
53		553582901.583211	553582953.020744
54		553582953.709312	553583002.003048
55		553583002.665982	553583072.077512
56		553583073.239277	553583167.078687
57		553583167.632748	553583242.218002
58		553583242.891690	553584596.893360
59		553584597.516923	553584676.547262
60		553584677.173542	553584723.845051
61		553584724.371372	553584824.835612
63		553584825.440929	553584909.842776
64		553584910.512420	553584974.129396
65		553584974.740922	553585036.416119
66		553585037.081493	553585117.020046
67		553585117.678114	553585172.789487
69		553585173.408741	553585241.476724
70		553585242.095619	553585336.632642
73		553585337.326148	553585442.086784
74		553585443.510991	553585510.240531
75		553585510.895137	553585592.677715
76		553585593.951700	553585687.184053
77	18	553585688.238956	553585775.229000
78	18	557099927.301793	557099990.674442
79	19	557813594.139932	557813707.552163
