1	555004143.092349
z09mangatown	Sensei no Shiroi Uso	21	554945179.992586	L	http://m.mangatown.com/manga/sensei_no_shiroi_uso	554945179.992586
1		554942095.161673	554942188.473490
2		554942189.161224	554942423.752773
3		554942424.884429	554943087.151708
4		554943087.833821	554943184.275371
5		554943184.912672	554943274.792308
6		554943275.612281	554943369.031282
7		554943370.486132	554943534.224685
8		554943534.922291	554943804.334924
9		554943805.048079	554943872.522761
10		554943873.216181	554944479.895379
11		554944480.431236	554944546.719313
12		554944547.347053	554944624.787754
13		554944625.464012	554944718.424520
14		554944718.812968	554944815.150578
15		554944815.827993	554944896.685673
17		554944897.348626	554944971.442038
18		554944972.100493	554945049.825241
19		554945050.339252	554945107.732923
20		554945108.310527	554945179.334054
21	32	554945179.992586	554945277.066877
