1	554827080.093407
z09mangatown	Love Rush! (Yamamoto Ryohei)	13	554827040.815782	L	http://m.mangatown.com/manga/love_rush_yamamoto_ryohei	554827040.815782
1		554791005.235509	554791177.386865
2		554822456.669791	554822560.081216
3		554822613.154219	554823200.224484
4		554823200.912988	554823267.343981
5		554823268.138954	554823597.330426
6		554823598.444634	554825359.392487
7		554825359.938832	554825413.280204
8		554825413.947292	554825470.830564
9		554825471.701272	554826032.535621
10		554826033.187978	554826085.050663
11		554826085.602702	554826138.640194
12		554826977.369082	554827040.196497
13	19	554827040.815782	554827078.780537
