1	558977509.180425
z09mangatown	Shingan no Yuusha	12	556950289.818544	L	http://m.mangatown.com/manga/shingan_no_yuusha	556950289.818544
1		554540386.349519	554540523.663028
2		554540524.292827	554540705.736489
3		554540706.444331	554540797.022453
4		554577348.315121	554577495.616067
5		554577496.163452	554577672.007764
6		554577672.678082	554577803.614680
7	7	554577817.037623	554577819.069719
8	16	554578201.534561	554578894.278720
10		554578898.135539	554578898.135539
9		554578898.135539	554578898.135539
11	19	555080355.140299	555080443.639570
12	33	556950289.818544	556950437.220156
