1	562045110.762133
z09mangatown	The God Of High School	366	551624996.317947	B	http://m.mangatown.com/manga/the_god_of_high_school	551624996.317947
346	78	538668480.110545	538668598.092433
345		538668476.552787	538668476.552787
344		538668476.552787	538668476.552787
343		538668476.552787	538668476.552787
342		538668476.552787	538668476.552787
341		538668476.552787	538668476.552787
340		538668476.552787	538668476.552787
339		538668476.552787	538668476.552787
338		538668476.552787	538668476.552787
337		538668476.552787	538668476.552787
336		538668476.552787	538668476.552787
335		538668476.552787	538668476.552787
334		538668476.552787	538668476.552787
333		538668476.552787	538668476.552787
332		538668476.552787	538668476.552787
331		538668476.552787	538668476.552787
330		538668476.552787	538668476.552787
329		538668476.552787	538668476.552787
328		538668476.552787	538668476.552787
327		538668476.552787	538668476.552787
326		538668476.552787	538668476.552787
325		538668476.552787	538668476.552787
324		538668476.552787	538668476.552787
323		538668476.552787	538668476.552787
322		538668476.552787	538668476.552787
321		538668476.552787	538668476.552787
320		538668476.552787	538668476.552787
319		538668476.552787	538668476.552787
318		538668476.552787	538668476.552787
317		538668476.552787	538668476.552787
316		538668476.552787	538668476.552787
315		538668476.552787	538668476.552787
314		538668476.552787	538668476.552787
313		538668476.552787	538668476.552787
312		538668476.552787	538668476.552787
311		538668476.552787	538668476.552787
310		538668476.552787	538668476.552787
309		538668476.552787	538668476.552787
308		538668476.552787	538668476.552787
307.5		538668476.552787	538668476.552787
307		538668476.552787	538668476.552787
306		538668476.552787	538668476.552787
305		538668476.552787	538668476.552787
304		538668476.552787	538668476.552787
303		538668476.552787	538668476.552787
302		538668476.552787	538668476.552787
301		538668476.552787	538668476.552787
300		538668476.552787	538668476.552787
299		538668476.552787	538668476.552787
298		538668476.552787	538668476.552787
297		538668476.552787	538668476.552787
296		538668476.552787	538668476.552787
295		538668476.552787	538668476.552787
294		538668476.552787	538668476.552787
293		538668476.552787	538668476.552787
292		538668476.552787	538668476.552787
291		538668476.552787	538668476.552787
290		538668476.552787	538668476.552787
289		538668476.552787	538668476.552787
288		538668476.552787	538668476.552787
287		538668476.552787	538668476.552787
286		538668476.552787	538668476.552787
285		538668476.552787	538668476.552787
284		538668476.552787	538668476.552787
283		538668476.552787	538668476.552787
282		538668476.552787	538668476.552787
281		538668476.552787	538668476.552787
280		538668476.552787	538668476.552787
279		538668476.552787	538668476.552787
278		538668476.552787	538668476.552787
277		538668476.552787	538668476.552787
276		538668476.552787	538668476.552787
275		538668476.552787	538668476.552787
274		538668476.552787	538668476.552787
273		538668476.552787	538668476.552787
272		538668476.552787	538668476.552787
271		538668476.552787	538668476.552787
270		538668476.552787	538668476.552787
269		538668476.552787	538668476.552787
268		538668476.552787	538668476.552787
267		538668476.552787	538668476.552787
266		538668476.552787	538668476.552787
265		538668476.552787	538668476.552787
264		538668476.552787	538668476.552787
263		538668476.552787	538668476.552787
262		538668476.552787	538668476.552787
261		538668476.552787	538668476.552787
260		538668476.552787	538668476.552787
259		538668476.552787	538668476.552787
258		538668476.552787	538668476.552787
257		538668476.552787	538668476.552787
256		538668476.552787	538668476.552787
255		538668476.552787	538668476.552787
254		538668476.552787	538668476.552787
253		538668476.552787	538668476.552787
252		538668476.552787	538668476.552787
251		538668476.552787	538668476.552787
250		538668476.552787	538668476.552787
249		538668476.552787	538668476.552787
248		538668476.552787	538668476.552787
247		538668476.552787	538668476.552787
246		538668476.552787	538668476.552787
245		538668476.552787	538668476.552787
244		538668476.552787	538668476.552787
243		538668476.552787	538668476.552787
242		538668476.552787	538668476.552787
241		538668476.552787	538668476.552787
240		538668476.552787	538668476.552787
239		538668476.552787	538668476.552787
238		538668476.552787	538668476.552787
237		538668476.552787	538668476.552787
236		538668476.552787	538668476.552787
235		538668476.552787	538668476.552787
234		538668476.552787	538668476.552787
233		538668476.552787	538668476.552787
232		538668476.552787	538668476.552787
231		538668476.552787	538668476.552787
230		538668476.552787	538668476.552787
229		538668476.552787	538668476.552787
228		538668476.552787	538668476.552787
227		538668476.552787	538668476.552787
226		538668476.552787	538668476.552787
225		538668476.552787	538668476.552787
224		538668476.552787	538668476.552787
223		538668476.552787	538668476.552787
222		538668476.552787	538668476.552787
221		538668476.552787	538668476.552787
220		538668476.552787	538668476.552787
219		538668476.552787	538668476.552787
218		538668476.552787	538668476.552787
217		538668476.552787	538668476.552787
216		538668476.552787	538668476.552787
215		538668476.552787	538668476.552787
214		538668476.552787	538668476.552787
213		538668476.552787	538668476.552787
212		538668476.552787	538668476.552787
211		538668476.552787	538668476.552787
210		538668476.552787	538668476.552787
209		538668476.552787	538668476.552787
208		538668476.552787	538668476.552787
207		538668476.552787	538668476.552787
206		538668476.552787	538668476.552787
205		538668476.552787	538668476.552787
204		538668476.552787	538668476.552787
203.5		538668476.552787	538668476.552787
203		538668476.552787	538668476.552787
202		538668476.552787	538668476.552787
201		538668476.552787	538668476.552787
200		538668476.552787	538668476.552787
199		538668476.552787	538668476.552787
198		538668476.552787	538668476.552787
197		538668476.552787	538668476.552787
196		538668476.552787	538668476.552787
195		538668476.552787	538668476.552787
194		538668476.552787	538668476.552787
193		538668476.552787	538668476.552787
192		538668476.552787	538668476.552787
191		538668476.552787	538668476.552787
190		538668476.552787	538668476.552787
189		538668476.552787	538668476.552787
188		538668476.552787	538668476.552787
187		538668476.552787	538668476.552787
186		538668476.552787	538668476.552787
185		538668476.552787	538668476.552787
184		538668476.552787	538668476.552787
183		538668476.552787	538668476.552787
182		538668476.552787	538668476.552787
181		538668476.552787	538668476.552787
180		538668476.552787	538668476.552787
179		538668476.552787	538668476.552787
178		538668476.552787	538668476.552787
177		538668476.552787	538668476.552787
176		538668476.552787	538668476.552787
175		538668476.552787	538668476.552787
174		538668476.552787	538668476.552787
173		538668476.552787	538668476.552787
172		538668476.552787	538668476.552787
171		538668476.552787	538668476.552787
170		538668476.552787	538668476.552787
169		538668476.552787	538668476.552787
168		538668476.552787	538668476.552787
167		538668476.552787	538668476.552787
166		538668476.552787	538668476.552787
165		538668476.552787	538668476.552787
164		538668476.552787	538668476.552787
163		538668476.552787	538668476.552787
162		538668476.552787	538668476.552787
161		538668476.552787	538668476.552787
160		538668476.552787	538668476.552787
159		538668476.552787	538668476.552787
158		538668476.552787	538668476.552787
157		538668476.552787	538668476.552787
156		538668476.552787	538668476.552787
155		538668476.552787	538668476.552787
154		538668476.552787	538668476.552787
153		538668476.552787	538668476.552787
152		538668476.552787	538668476.552787
151		538668476.552787	538668476.552787
150		538668476.552787	538668476.552787
149		538668476.552787	538668476.552787
148		538668476.552787	538668476.552787
147		538668476.552787	538668476.552787
146		538668476.552787	538668476.552787
145		538668476.552787	538668476.552787
144		538668476.552787	538668476.552787
143		538668476.552787	538668476.552787
142		538668476.552787	538668476.552787
141		538668476.552787	538668476.552787
140		538668476.552787	538668476.552787
139		538668476.552787	538668476.552787
138		538668476.552787	538668476.552787
137		538668476.552787	538668476.552787
136		538668476.552787	538668476.552787
135		538668476.552787	538668476.552787
134		538668476.552787	538668476.552787
133		538668476.552787	538668476.552787
132		538668476.552787	538668476.552787
131		538668476.552787	538668476.552787
130		538668476.552787	538668476.552787
129		538668476.552787	538668476.552787
128		538668476.552787	538668476.552787
127		538668476.552787	538668476.552787
126		538668476.552787	538668476.552787
125		538668476.552787	538668476.552787
124		538668476.552787	538668476.552787
123		538668476.552787	538668476.552787
122		538668476.552787	538668476.552787
121		538668476.552787	538668476.552787
120		538668476.552787	538668476.552787
119		538668476.552787	538668476.552787
118		538668476.552787	538668476.552787
117		538668476.552787	538668476.552787
116		538668476.552787	538668476.552787
115		538668476.552787	538668476.552787
114		538668476.552787	538668476.552787
113		538668476.552787	538668476.552787
112		538668476.552787	538668476.552787
111		538668476.552787	538668476.552787
110		538668476.552787	538668476.552787
109		538668476.552787	538668476.552787
108		538668476.552787	538668476.552787
107		538668476.552787	538668476.552787
106		538668476.552787	538668476.552787
105		538668476.552787	538668476.552787
104		538668476.552787	538668476.552787
103		538668476.552787	538668476.552787
102		538668476.552787	538668476.552787
101		538668476.552787	538668476.552787
100		538668476.552787	538668476.552787
99		538668476.552787	538668476.552787
98		538668476.552787	538668476.552787
97		538668476.552787	538668476.552787
96		538668476.552787	538668476.552787
95		538668476.552787	538668476.552787
94		538668476.552787	538668476.552787
93		538668476.552787	538668476.552787
92		538668476.552787	538668476.552787
91		538668476.552787	538668476.552787
90		538668476.552787	538668476.552787
89		538668476.552787	538668476.552787
88		538668476.552787	538668476.552787
87		538668476.552787	538668476.552787
86		538668476.552787	538668476.552787
85		538668476.552787	538668476.552787
84		538668476.552787	538668476.552787
83		538668476.552787	538668476.552787
82		538668476.552787	538668476.552787
81		538668476.552787	538668476.552787
80		538668476.552787	538668476.552787
79		538668476.552787	538668476.552787
78		538668476.552787	538668476.552787
77		538668476.552787	538668476.552787
76		538668476.552787	538668476.552787
75		538668476.552787	538668476.552787
74		538668476.552787	538668476.552787
73		538668476.552787	538668476.552787
72		538668476.552787	538668476.552787
71		538668476.552787	538668476.552787
70		538668476.552787	538668476.552787
69		538668476.552787	538668476.552787
68		538668476.552787	538668476.552787
67		538668476.552787	538668476.552787
66		538668476.552787	538668476.552787
65		538668476.552787	538668476.552787
64		538668476.552787	538668476.552787
63		538668476.552787	538668476.552787
62		538668476.552787	538668476.552787
61		538668476.552787	538668476.552787
60		538668476.552787	538668476.552787
59		538668476.552787	538668476.552787
58		538668476.552787	538668476.552787
57		538668476.552787	538668476.552787
56		538668476.552787	538668476.552787
55		538668476.552787	538668476.552787
54		538668476.552787	538668476.552787
53		538668476.552787	538668476.552787
52		538668476.552787	538668476.552787
51		538668476.552787	538668476.552787
50		538668476.552787	538668476.552787
49		538668476.552787	538668476.552787
48		538668476.552787	538668476.552787
47		538668476.552787	538668476.552787
46		538668476.552787	538668476.552787
45		538668476.552787	538668476.552787
44		538668476.552787	538668476.552787
43		538668476.552787	538668476.552787
42		538668476.552787	538668476.552787
41		538668476.552787	538668476.552787
40		538668476.552787	538668476.552787
39		538668476.552787	538668476.552787
38		538668476.552787	538668476.552787
37		538668476.552787	538668476.552787
36		538668476.552787	538668476.552787
35		538668476.552787	538668476.552787
34		538668476.552787	538668476.552787
33		538668476.552787	538668476.552787
32		538668476.552787	538668476.552787
31		538668476.552787	538668476.552787
30		538668476.552787	538668476.552787
29		538668476.552787	538668476.552787
28		538668476.552787	538668476.552787
27		538668476.552787	538668476.552787
26		538668476.552787	538668476.552787
25		538668476.552787	538668476.552787
24		538668476.552787	538668476.552787
23		538668476.552787	538668476.552787
22		538668476.552787	538668476.552787
21		538668476.552787	538668476.552787
20		538668476.552787	538668476.552787
19		538668476.552787	538668476.552787
18		538668476.552787	538668476.552787
17		538668476.552787	538668476.552787
16		538668476.552787	538668476.552787
15		538668476.552787	538668476.552787
14		538668476.552787	538668476.552787
13		538668476.552787	538668476.552787
12		538668476.552787	538668476.552787
11		538668476.552787	538668476.552787
10		538668476.552787	538668476.552787
9		538668476.552787	538668476.552787
8		538668476.552787	538668476.552787
7		538668476.552787	538668476.552787
6		538668476.552787	538668476.552787
5		538668476.552787	538668476.552787
4		538668476.552787	538668476.552787
3		538668476.552787	538668476.552787
2		538668476.552787	538668476.552787
1		538668476.552787	538668476.552787
347	67	539359655.220203	539359826.749529
348	86	539887272.585301	539889023.194015
349	98	540491651.124470	540491915.759525
350	74	541088046.841944	541088184.933991
352	90	542297405.211074	542297545.188482
353	89	542898252.351554	542898416.193973
354	111	544712152.670555	544712319.151940
355	82	545316086.274915	545316237.591170
356	83	546183299.755961	546183658.808004
357	65	546710261.238586	546710396.015270
358	93	547222081.670183	547222096.261139
359	52	547779007.814080	547779118.367231
360	84	548357670.460823	548357995.345841
361	87	549375719.546116	549375896.124858
362	91	549979985.661851	549980141.736241
363	126	550340836.919458	550341307.405771
366	96	551624996.317947	551625121.840547
