1	556660955.558179
z09mangatown	Sweetness and Lightning			L	http://m.mangatown.com/manga/sweetness_and_lightning	0.000000
56		556660954.893331	556660954.893331
55		556660954.893331	556660954.893331
54		556660954.893331	556660954.893331
52		556660954.893331	556660954.893331
51		556660954.893331	556660954.893331
44		556660954.893331	556660954.893331
43		556660954.893331	556660954.893331
42		556660954.893331	556660954.893331
41		556660954.893331	556660954.893331
40		556660954.893331	556660954.893331
39		556660954.893331	556660954.893331
38		556660954.893331	556660954.893331
37		556660954.893331	556660954.893331
36		556660954.893331	556660954.893331
35		556660954.893331	556660954.893331
34.5		556660954.893331	556660954.893331
34		556660954.893331	556660954.893331
33		556660954.893331	556660954.893331
32		556660954.893331	556660954.893331
31		556660954.893331	556660954.893331
30		556660954.893331	556660954.893331
29		556660954.893331	556660954.893331
28		556660954.893331	556660954.893331
27		556660954.893331	556660954.893331
26		556660954.893331	556660954.893331
25		556660954.893331	556660954.893331
24		556660954.893331	556660954.893331
23		556660954.893331	556660954.893331
22		556660954.893331	556660954.893331
21		556660954.893331	556660954.893331
20		556660954.893331	556660954.893331
19		556660954.893331	556660954.893331
18		556660954.893331	556660954.893331
17		556660954.893331	556660954.893331
16		556660954.893331	556660954.893331
15		556660954.893331	556660954.893331
14		556660954.893331	556660954.893331
13		556660954.893331	556660954.893331
12		556660954.893331	556660954.893331
11		556660954.893331	556660954.893331
10		556660954.893331	556660954.893331
9		556660954.893331	556660954.893331
8		556660954.893331	556660954.893331
7		556660954.893331	556660954.893331
6		556660954.893331	556660954.893331
5.5		556660954.893331	556660954.893331
5		556660954.893331	556660954.893331
4		556660954.893331	556660954.893331
3		556660954.893331	556660954.893331
2		556660954.893331	556660954.893331
1		556660954.893331	556660954.893331
