1	553788595.935749
z09mangatown	Greatest Outcast	69	553788510.206081	B	http://m.mangatown.com/manga/greatest_outcast	553788510.206081
41	24	553782112.249775	553782114.224616
40		553782030.767745	553782030.767745
39		553782030.767745	553782030.767745
38		553782030.767745	553782030.767745
37		553782030.767745	553782030.767745
36		553782030.767745	553782030.767745
35		553782030.767745	553782030.767745
34		553782030.767745	553782030.767745
33		553782030.767745	553782030.767745
32		553782030.767745	553782030.767745
31		553782030.767745	553782030.767745
30		553782030.767745	553782030.767745
29		553782030.767745	553782030.767745
28		553782030.767745	553782030.767745
27		553782030.767745	553782030.767745
26		553782030.767745	553782030.767745
25		553782030.767745	553782030.767745
24		553782030.767745	553782030.767745
23		553782030.767745	553782030.767745
22		553782030.767745	553782030.767745
21		553782030.767745	553782030.767745
20		553782030.767745	553782030.767745
19		553782030.767745	553782030.767745
18		553782030.767745	553782030.767745
17		553782030.767745	553782030.767745
16		553782030.767745	553782030.767745
15		553782030.767745	553782030.767745
14		553782030.767745	553782030.767745
13		553782030.767745	553782030.767745
12		553782030.767745	553782030.767745
11		553782030.767745	553782030.767745
10		553782030.767745	553782030.767745
9		553782030.767745	553782030.767745
8		553782030.767745	553782030.767745
7		553782030.767745	553782030.767745
6		553782030.767745	553782030.767745
5		553782030.767745	553782030.767745
4		553782030.767745	553782030.767745
3		553782030.767745	553782030.767745
2		553782030.767745	553782030.767745
1		553782030.767745	553782030.767745
42		553782119.945448	553782247.943946
43		553782248.745873	553782322.046950
44		553782322.746283	553782409.683684
45		553782410.313822	553782756.074151
46		553782756.675272	553782823.081846
47		553782823.705019	553782908.819171
48		553782909.562660	553787977.343126
61		553787978.171392	553788035.698455
62		553788036.382529	553788092.251096
63		553788093.078902	553788146.003923
64		553788146.749071	553788207.338247
65		553788208.159393	553788288.408647
66		553788289.294620	553788432.283810
68		553788433.012793	553788509.485306
69	29	553788510.206081	553788595.935184
