1	555005522.344336
z09mangatown	Kyougaku Koukou no Genjitsu	13	552514559.282341	L	http://m.mangatown.com/manga/kyougaku_koukou_no_genjitsu	552514559.282341
1		552489617.992166	552489657.610503
2		552489658.307544	552489669.827614
3		552489671.239775	552489715.862518
4		552489716.578568	552489730.044157
5		552489730.618191	552489756.947649
6		552489757.449480	552489773.111019
7		552489773.809323	552489818.530802
8		552489819.175867	552489998.502378
9		552489999.199523	552490049.475334
10		552490051.038326	552496652.509463
11		552504293.158424	552504376.007547
12		552504376.788859	552514558.509624
13	9	552514559.282341	552515756.702211
