1	567958636.261035
z09mangatown	Shokugeki no Soma	294	567958565.337138	L	http://m.mangatown.com/manga/shokugeki_no_soma	567958565.337138
192		529990559.386450	529990652.056739
191		529990460.438514	529990558.768581
190		529990408.145201	529990459.882924
189		529989150.573422	529990407.565853
188		529988770.385489	529989150.016384
187		529988096.912465	529988769.809482
186		529988048.550366	529988096.330496
185.5		529987879.768676	529988048.165156
185		529987768.760777	529987879.103725
184.3		529987700.675564	529987767.121102
184.2		529987689.927144	529987700.329006
184.1		529987622.357631	529987688.378189
184		529987515.333930	529987621.692219
183		529987346.232711	529987514.701772
182		529987225.934277	529987345.412048
181.2		529987131.570952	529987225.384770
181.1		529987040.986823	529987131.233443
181		529986956.037783	529987040.230805
180.2		529986928.040461	529986947.821697
180.1		529986917.357108	529986927.677520
180		529986656.352329	529986916.711646
179		529986416.693904	529986655.696393
178.1		529986407.750042	529986415.968242
178		529986265.753812	529986406.999697
177.2		529986233.126968	529986265.362356
177.1		529986205.358064	529986232.776221
177		529986157.059747	529986204.976442
176		529986113.040042	529986156.558255
175.2		529986076.560592	529986100.986629
175.1		529985931.626069	529986075.921360
175		529985922.733478	529985930.375856
174.1		529985817.110231	529985922.167333
174		529985809.720812	529985816.756849
173.1		529985703.152064	529985809.078240
173		529985695.713655	529985702.618222
172.1		529984698.851422	529985695.091784
172		529984679.380370	529984698.511996
171.1		529984624.518825	529984678.780790
171		529984615.872707	529984623.822520
170.1		529984340.586993	529984615.193761
170		529984335.008488	529984340.252092
169.1		529984206.489615	529984334.320789
169		529984202.945334	529984205.948641
168.1		529984194.412979	529984202.613870
168		529984089.504928	529984193.715289
167.1		529984081.835818	529984089.175263
167		529984010.018873	529984081.308012
166.2		529983957.426326	529984009.656989
166.1		529980479.941076	529983956.573369
166		529980389.808197	529980479.205809
165.1		529980381.183997	529980389.454084
165		529980337.185753	529980380.818810
164.1		529980330.212597	529980336.682812
164		529980238.926277	529980328.750679
163.1		529980228.827256	529980238.583908
163		529980145.876915	529980228.382195
162.1		529980135.833892	529980145.495444
162		529980074.058962	529980135.226030
161		529980003.254148	529980072.423936
160		529979937.529226	529980002.648909
159		529979840.883267	529979936.768280
158		529979803.433419	529979840.479374
157.1		529979704.104993	529979802.779902
157		529979665.178210	529979703.726474
156		529979586.193215	529979664.508294
155		529979540.146211	529979585.821275
154		529979464.724960	529979539.370656
153		529979397.690489	529979464.132647
152		529976844.492277	529979397.130556
151		529976766.217121	529976843.861330
150		529976696.302789	529976765.488492
149.2		529976653.930756	529976688.473263
149.1		529976639.999570	529976646.725218
149		529976522.301313	529976639.479506
148.1		529976516.027790	529976521.793370
148		529976422.546546	529976515.359277
147.1		529976410.135171	529976422.210366
147		529976332.110641	529976409.490901
146		529976273.858114	529976331.418959
145		529976218.643592	529976273.332847
144		529976164.090081	529976218.163310
143		529976038.230735	529976163.394122
142		529975944.360809	529976037.698857
141		529975891.417477	529975943.949849
140		529975823.697208	529975890.797275
139.1		529975811.960146	529975816.377647
139		529975766.479599	529975811.576784
138.1		529975691.651352	529975765.973090
138		529975589.760485	529975690.987341
137		529975490.805007	529975589.098899
136		529974923.609521	529975490.094616
135		529974861.564884	529974922.850153
134.1		529974770.095709	529974852.346466
134		529974764.995158	529974769.771000
133.2		529974709.002639	529974764.342543
133.1		529974639.462770	529974708.319687
133		529974633.686046	529974638.932558
132.1		529974551.130418	529974633.086002
132		529974545.043180	529974550.796804
131.1		529974408.569019	529974544.381689
131		529974401.375675	529974408.225448
130.4		529974376.032432	529974400.741247
130.3		529974355.808453	529974375.673661
130.1		529974255.066429	529974355.200915
130		529974248.336227	529974254.734594
129.1		529974150.905979	529974247.700627
129		529974144.955364	529974150.590249
128.1		529974017.768863	529974144.245858
128		529974015.462778	529974017.448567
127.1		529973978.695401	529974015.076261
127		529973976.033368	529973978.212232
126.1		529973964.810999	529973975.470383
126		529973950.161991	529973964.456356
125.5	8	502051267.296127	502051381.472058
125.1	19	502050845.290317	502051263.857114
125		502050830.539227	502050832.724104
124.1		502050010.050795	502050830.048657
124	1	502050002.987398	502050003.322205
123.1		502049918.533078	502049995.618239
123	1	502049912.519768	502049915.046636
122.1		502049776.381726	502049911.977073
122	1	502049770.691819	502049772.459003
121.1		502049582.743800	502049770.246735
121	1	502049507.191319	502049510.170494
120.1		502049409.278532	502049506.586664
120		501094669.002418	501094669.002418
119.1	20	502049258.098695	502049406.252136
119		502049252.872470	502049255.872585
118.1		502049083.602675	502049252.405859
118		502049075.305644	502049083.196990
117.3		502049019.039519	502049074.780450
117.1		502048880.704981	502049013.224139
117		502048875.022795	502048880.389887
116.5		502048869.728316	502048874.648653
116.1		502048749.564655	502048869.081307
116		501094669.002418	501094669.002418
115		501094669.002418	501094669.002418
114		501094669.002418	501094669.002418
113		501094669.002418	501094669.002418
112		501094669.002418	501094669.002418
111		501094669.002418	501094669.002418
110		501094669.002418	501094669.002418
109	18	502048660.550012	502048736.868979
108		502048532.175882	502048660.101045
107.1		502048494.533953	502048510.158727
107		502048423.981523	502048494.040319
106		502048327.102072	502048423.584766
105		501094669.002418	501094669.002418
104.1		501094669.002418	501094669.002418
104		501094669.002418	501094669.002418
103		501094669.002418	501094669.002418
102		501094669.002418	501094669.002418
101		501094669.002418	501094669.002418
100		501094669.002418	501094669.002418
99		501094669.002418	501094669.002418
98.1		501094669.002418	501094669.002418
98		501094669.002418	501094669.002418
97.1		501094669.002418	501094669.002418
97		501094669.002418	501094669.002418
96.1		501094669.002418	501094669.002418
96		501094669.002418	501094669.002418
95		501094669.002418	501094669.002418
94		501094669.002418	501094669.002418
93		501094669.002418	501094669.002418
92		501094669.002418	501094669.002418
91		501094669.002418	501094669.002418
90		501094669.002418	501094669.002418
89		501094669.002418	501094669.002418
88		501094669.002418	501094669.002418
87		501094669.002418	501094669.002418
86		501094669.002418	501094669.002418
85.2		501094669.002418	501094669.002418
85.1		501094669.002418	501094669.002418
85		501094669.002418	501094669.002418
84		501094669.002418	501094669.002418
83		501094669.002418	501094669.002418
82		501094669.002418	501094669.002418
81	4	502048311.259037	502048322.696364
80		501094669.002418	501094669.002418
79		501094669.002418	501094669.002418
78		501094669.002418	501094669.002418
77		501094669.002418	501094669.002418
76		501094669.002418	501094669.002418
75		501094669.002418	501094669.002418
74		501094669.002418	501094669.002418
73		501094669.002418	501094669.002418
72		501094669.002418	501094669.002418
71		501094669.002418	501094669.002418
70		501094669.002418	501094669.002418
69		501094669.002418	501094669.002418
68		501094669.002418	501094669.002418
67		501094669.002418	501094669.002418
66		501094669.002418	501094669.002418
65		501094669.002418	501094669.002418
64		501094669.002418	501094669.002418
63		501094669.002418	501094669.002418
62		501094669.002418	501094669.002418
61		501094669.002418	501094669.002418
60		501094669.002418	501094669.002418
59		501094669.002418	501094669.002418
58		501094669.002418	501094669.002418
57		501094669.002418	501094669.002418
56.6		501094669.002418	501094669.002418
56.5		501094669.002418	501094669.002418
56		501094669.002418	501094669.002418
55		501094669.002418	501094669.002418
54		501094669.002418	501094669.002418
53		501094669.002418	501094669.002418
52.5		501094669.002418	501094669.002418
52		501094669.002418	501094669.002418
51		501094669.002418	501094669.002418
50		501094669.002418	501094669.002418
49		501094669.002418	501094669.002418
48		501094669.002418	501094669.002418
47		501094669.002418	501094669.002418
46		501094669.002418	501094669.002418
45	9	502048113.545635	502048304.014058
44		502047989.853763	502048113.081574
43		502047870.187937	502047989.339710
42		502047725.316280	502047869.698420
41		502047575.436957	502047724.839538
40		502047386.559520	502047574.913935
39		502047226.585265	502047386.070049
38		502044137.534797	502044252.362090
37		502044047.490089	502044136.973448
36		502043936.113169	502044046.986981
35.5		502043905.041940	502043935.743540
35		502043752.381546	502043904.475137
34		502043636.416399	502043751.853949
33		502043550.166831	502043635.879744
32		502043455.877263	502043549.757670
31		502043381.328829	502043455.300978
30		502043291.349408	502043380.929671
29		502043212.182406	502043290.806585
28		502042360.835008	502043211.671368
27		502042270.592533	502042360.301533
26		502042192.176787	502042270.062329
25		502042127.633729	502042191.671683
24		502041996.593980	502042127.110736
23		502041843.967182	502041996.069119
22		502041837.009124	502041843.621718
21		502039043.277629	502039194.775468
20		502013143.011257	502039042.728334
19		502013041.919820	502013142.564530
18		502012972.190087	502013041.390848
17		502012900.853866	502012971.657616
16.5		502012867.588086	502012900.366189
16		502012755.765072	502012867.180939
15		502012628.300287	502012755.189907
14.5		502012599.764848	502012627.831178
14		502012393.758879	502012599.300286
13		502012259.165520	502012393.299325
12		502012160.815211	502012258.757950
11		502012044.633278	502012160.417365
10		502011963.153543	502012044.022782
9		502011892.024827	502011962.771268
8		502011789.689555	502011891.683132
7		502011669.518612	502011789.159706
6		502011531.080985	502011669.071240
5		502011385.243107	502011530.542596
4.5		502011341.213911	502011384.849820
4		502011233.677687	502011340.749214
3		502011112.730451	502011233.156698
2		502010961.002745	502011112.193537
1		502010688.451423	502010960.350778
0		501094669.002418	501094669.002418
192.1		529990652.667425	529990662.927614
193		529990663.283172	529990867.637787
193.1		529990868.303640	529990882.790863
194		529990883.143715	529991016.694180
195		529991017.025737	529991177.401702
196		529991178.159708	530021474.289340
197		530021474.983519	530021572.354553
198		530021574.778333	530021642.907248
198.1		530021643.534120	530021692.777770
199		530021693.432701	530021831.297492
200		530021831.907031	530021978.322616
201		530021978.964619	530022054.458493
202		530022055.054951	530022114.660685
203		530022115.323455	530022353.517105
204		530022354.169520	530022455.168439
205		530022455.807267	530022575.083707
206		530022575.662447	530022904.170734
207		530022905.795707	530025550.843500
207.1		530025551.361005	530025593.208351
208		530025593.611951	530025701.712529
209		530025702.965451	530025861.986544
210		530025862.574253	530026006.625832
211		530026007.954057	530026094.574905
212		530026096.051386	530026178.701339
213		530026179.329657	530026287.404867
213.1		530026287.934962	530026328.920816
214		530026329.264141	530026433.663824
215		530026434.267093	530026504.629461
216		530026505.213081	530026620.716823
217		530026621.338573	530026753.518015
218		530026754.055252	530027232.694268
219		530027234.219135	530027359.249254
220		530027359.806832	530027487.008144
221		530027487.530888	530027552.757169
222		530027553.325325	530027668.378923
223.1		530027741.663425	530027789.048593
223		530027669.049491	530027741.096739
224		530027789.594549	530027863.999831
225		530027864.527811	530027969.308082
226		530027969.904781	530028014.608131
227		530028014.972073	530028066.777095
228		530028067.323776	530028207.296250
229		530028210.837035	530028365.528283
229.1		530028365.882360	530028423.689968
230		530028424.246250	530028510.745751
231		530028511.301065	530029253.500924
232		530029254.581244	530029341.156986
233		530029341.788318	530029413.024818
234		530029413.843409	530029458.524483
235	20	530029460.000168	530029519.196596
236	22	530202360.675966	530202596.770021
237	19	530891638.263326	530891832.094382
238	24	531370888.276574	531371291.309229
239	18	532074886.978503	532074974.474143
240	18	532846125.821946	532846315.405496
241	19	533199600.832258	533199714.775447
242	17	533827756.841372	533827862.417348
243	18	534430952.452413	534430952.452413
244	20	535678195.374909	535681887.464607
245	19	536254162.228586	536254239.924923
246	20	537547563.311544	537547681.583447
247	19	538287414.027666	538287652.845650
248	19	538801446.396155	538801594.231781
249	19	539362580.261145	539362792.174507
250		540569742.380805	540569745.679391
251	-	540680783.864994	540680786.301127
252	14	541144568.010208	541144630.073241
253	22	541715981.006420	541716116.628570
254	19	542345505.259971	542345603.520820
255	19	542947023.922272	542947115.818003
256	18	543589647.285871	543589779.854716
257		544536805.219396	544536805.219396
258	18	544798630.261594	544798764.481031
259	19	545402943.588576	545403070.502171
260	19	546100221.431962	546100387.465459
261	19	546794988.678084	546795115.242473
262	17	547755477.472078	547755587.711970
263	19	548357171.622947	548357334.950548
264	22	549031374.336717	549031652.185003
265	20	549573957.179446	549574729.268998
266	20	550186213.701842	550186366.179886
267	20	550795994.776218	550796099.392496
268	20	551423854.676704	551423971.156083
269	20	551995722.799898	551995867.432215
270	20	552630371.569535	552630550.736603
272	20	553840584.736282	553840723.351666
273	21	554396513.271546	554396727.515810
274	19	555000473.677455	555002062.435082
275	20	556217015.316727	556217085.010447
276	20	556857420.352134	556857577.666676
277	20	557416271.518433	557416383.763697
279	19	558625291.211626	558625391.055839
280	20	559197310.905490	559197631.642961
282	19	560434845.335712	560435097.848951
283	19	561060266.423686	561060387.100754
284	20	561705764.224939	561705852.240432
285	22	562287617.526598	562287778.177976
286	20	562973089.055962	562973169.936717
287	23	563636727.288540	563640575.977214
281		563893129.491699	563893129.491699
278		563893129.491699	563893129.491699
271		563893129.491699	563893129.491699
288	19	564098902.163355	564098985.936298
289	19	564695692.001769	564695851.300674
290	19	565540888.195169	565540959.871142
291	20	565919228.586087	565919270.371053
292	19	566496518.728113	566496592.130602
293	19	567033511.844773	567033573.497294
294	20	567958565.337138	567958634.562400
