1	558987352.669758
z09mangatown	Wortenia Senki	17	554010751.836579	L	http://m.mangatown.com/manga/wortenia_senki	554010751.836579
1		545065236.061279	545065463.553752
2		545065464.185149	545065673.445951
3		545065675.141136	545065945.291598
4		545065945.919746	545066093.362317
5		545066098.552206	545068421.248366
6		545068421.960929	545068682.009820
7		545068682.779527	545069019.671383
8		545069020.335288	545069386.435702
9		545069387.331604	545069519.686991
10		545069520.155757	545069659.056747
11		545069659.701905	545074915.456371
12		545074916.011808	545075143.492746
13		545075143.980863	545075323.818143
14		545075324.413597	545075790.232656
15	36	545075790.846646	545075934.682482
16	31	548461144.903388	548461243.316859
17	35	554010751.836579	554010840.631469
