1	558658176.747207
z09mangatown	Sun-ken Rock	171	558658062.801116	L	http://m.mangatown.com/manga/sun_ken_rock	558658062.801116
135		558655239.549370	558655333.527379
136		558655334.213225	558655416.798052
137		558655417.464948	558655519.952876
138		558655520.586992	558655591.037321
139		558655591.678812	558655711.162052
140		558655711.693267	558655807.216704
141		558655807.873950	558655897.402648
142		558655898.040301	558655980.072111
143		558655980.771398	558656055.825663
144		558656056.460243	558656141.296487
145		558656142.051952	558656195.151423
146		558656195.812593	558656255.599145
147		558656256.331149	558656300.770736
148		558656301.358279	558656342.905851
149		558656343.503660	558656373.859722
150		558656374.321911	558656453.450856
151		558656454.163530	558656536.604545
152		558656537.222851	558656585.687571
153		558656586.293590	558656653.193151
154		558656653.862612	558656715.762706
155		558656716.410630	558656747.694974
156		558656748.571769	558656782.510626
157		558656783.173232	558656918.870570
158		558656919.520010	558656976.157654
159		558656976.816953	558657093.994236
160		558657094.635364	558657162.366270
161		558657163.081996	558657252.901495
162		558657253.653503	558657326.288339
163		558657327.029898	558657484.793290
164		558657485.301238	558657546.298034
165		558657546.938782	558657610.034404
166		558657610.698209	558657709.590251
167		558657710.848947	558657771.408469
168		558657772.063591	558657852.714485
169		558657853.299159	558657961.200452
170		558657961.821581	558658062.324172
171	31	558658062.801116	558658176.746408
