1	566566768.915617
z09mangatown	UQ Holder!	155	566566576.575365	L	http://m.mangatown.com/manga/uq_holder	566566576.575365
151		556685095.645534	556685095.645534
150		556685095.645534	556685095.645534
149		556685095.645534	556685095.645534
148		556685095.645534	556685095.645534
147		556685095.645534	556685095.645534
146		556685095.645534	556685095.645534
145		556685095.645534	556685095.645534
144		556685095.645534	556685095.645534
143		556685095.645534	556685095.645534
142		556685095.645534	556685095.645534
141		556685095.645534	556685095.645534
140		556685095.645534	556685095.645534
139		556685095.645534	556685095.645534
138		556685095.645534	556685095.645534
137		556685095.645534	556685095.645534
136		556685095.645534	556685095.645534
135		556685095.645534	556685095.645534
134		556685095.645534	556685095.645534
133		556685095.645534	556685095.645534
132		556685095.645534	556685095.645534
131		556685095.645534	556685095.645534
130		556685095.645534	556685095.645534
129		556685095.645534	556685095.645534
128		556685095.645534	556685095.645534
127		556685095.645534	556685095.645534
126		556685095.645534	556685095.645534
125		556685095.645534	556685095.645534
124		556685095.645534	556685095.645534
123		556685095.645534	556685095.645534
122		556685095.645534	556685095.645534
121		556685095.645534	556685095.645534
120		556685095.645534	556685095.645534
119		556685095.645534	556685095.645534
118		556685095.645534	556685095.645534
117		556685095.645534	556685095.645534
116		556685095.645534	556685095.645534
115		556685095.645534	556685095.645534
114		556685095.645534	556685095.645534
113		556685095.645534	556685095.645534
112		556685095.645534	556685095.645534
111		556685095.645534	556685095.645534
110		556685095.645534	556685095.645534
109		556685095.645534	556685095.645534
108		556685095.645534	556685095.645534
107		556685095.645534	556685095.645534
106		556685095.645534	556685095.645534
105		556685095.645534	556685095.645534
104		556685095.645534	556685095.645534
103		556685095.645534	556685095.645534
102		556685095.645534	556685095.645534
101		556685095.645534	556685095.645534
100		556685095.645534	556685095.645534
99		556685095.645534	556685095.645534
98		556685095.645534	556685095.645534
97		556685095.645534	556685095.645534
96		556685095.645534	556685095.645534
95		556685095.645534	556685095.645534
94		556685095.645534	556685095.645534
93		556685095.645534	556685095.645534
92		556685095.645534	556685095.645534
91		556685095.645534	556685095.645534
90		556685095.645534	556685095.645534
89		556685095.645534	556685095.645534
88		556685095.645534	556685095.645534
87		556685095.645534	556685095.645534
86		556685095.645534	556685095.645534
85		556685095.645534	556685095.645534
84		556685095.645534	556685095.645534
83		556685095.645534	556685095.645534
82		556685095.645534	556685095.645534
81		556685095.645534	556685095.645534
80		556685095.645534	556685095.645534
79		556685095.645534	556685095.645534
78		556685095.645534	556685095.645534
77		556685095.645534	556685095.645534
76		556685095.645534	556685095.645534
75		556685095.645534	556685095.645534
74		556685095.645534	556685095.645534
73		556685095.645534	556685095.645534
72		556685095.645534	556685095.645534
71		556685095.645534	556685095.645534
70		556685095.645534	556685095.645534
69		556685095.645534	556685095.645534
68		556685095.645534	556685095.645534
67		556685095.645534	556685095.645534
66		556685095.645534	556685095.645534
65		556685095.645534	556685095.645534
64		556685095.645534	556685095.645534
63		556685095.645534	556685095.645534
62		556685095.645534	556685095.645534
61		556685095.645534	556685095.645534
60		556685095.645534	556685095.645534
59		556685095.645534	556685095.645534
58		556685095.645534	556685095.645534
57		556685095.645534	556685095.645534
56		556685095.645534	556685095.645534
55		556685095.645534	556685095.645534
54		556685095.645534	556685095.645534
53		556685095.645534	556685095.645534
52		556685095.645534	556685095.645534
51		556685095.645534	556685095.645534
50		556685095.645534	556685095.645534
49		556685095.645534	556685095.645534
48		556685095.645534	556685095.645534
47		556685095.645534	556685095.645534
46		556685095.645534	556685095.645534
45		556685095.645534	556685095.645534
44		556685095.645534	556685095.645534
43		556685095.645534	556685095.645534
42		556685095.645534	556685095.645534
41		556685095.645534	556685095.645534
40		556685095.645534	556685095.645534
39		556685095.645534	556685095.645534
38		556685095.645534	556685095.645534
37		556685095.645534	556685095.645534
36		556685095.645534	556685095.645534
35		556685095.645534	556685095.645534
34		556685095.645534	556685095.645534
33		556685095.645534	556685095.645534
32		556685095.645534	556685095.645534
31		556685095.645534	556685095.645534
30		556685095.645534	556685095.645534
29		556685095.645534	556685095.645534
28		556685095.645534	556685095.645534
27		556685095.645534	556685095.645534
26		556685095.645534	556685095.645534
25		556685095.645534	556685095.645534
24		556685095.645534	556685095.645534
23		556685095.645534	556685095.645534
22		556685095.645534	556685095.645534
21		556685095.645534	556685095.645534
20		556685095.645534	556685095.645534
19		556685095.645534	556685095.645534
18		556685095.645534	556685095.645534
17		556685095.645534	556685095.645534
16		556685095.645534	556685095.645534
15		556685095.645534	556685095.645534
14		556685095.645534	556685095.645534
13		556685095.645534	556685095.645534
12		556685095.645534	556685095.645534
11		556685095.645534	556685095.645534
10		556685095.645534	556685095.645534
9		556685095.645534	556685095.645534
8		556685095.645534	556685095.645534
7		556685095.645534	556685095.645534
6		556685095.645534	556685095.645534
5		556685095.645534	556685095.645534
4		556685095.645534	556685095.645534
3		556685095.645534	556685095.645534
2		556685095.645534	556685095.645534
1		556685095.645534	556685095.645534
153	41	560901688.415665	560901800.333545
152		563906279.389935	563906279.389935
154		566541863.650827	566566575.533653
155	41	566566576.575365	566566768.915063
