1	542660144.512620
z09mangatown	Koharu no Hibi	24	542660003.889574	L	http://m.mangatown.com/manga/koharu_no_hibi	542660003.889574
1		542609147.856965	542609258.437185
2		542609258.983163	542609349.041271
3		542609349.608893	542609727.542342
4		542643006.405316	542643716.594165
5		542643717.242023	542643939.589651
6		542643940.305201	542644037.913708
7		542644038.724757	542644185.749473
8		542644186.423652	542644312.337532
9		542644312.998798	542644968.990261
10		542644969.659412	542645486.687650
11		542645494.013814	542645683.439230
12		542645684.417016	542650251.198948
13		542650251.910245	542650358.984054
14		542650359.679220	542650993.616694
15		542655735.724914	542655809.504428
16		542655810.195913	542655934.812564
17		542655935.225530	542658523.661156
18		542658524.847078	542658646.396822
19		542658656.463335	542658727.846352
20		542658728.592638	542658787.549643
21		542658788.439066	542659813.465438
22		542659814.057865	542659898.521548
23		542659899.265115	542659996.723850
24	39	542660003.889574	542660142.836538
