1	556686311.157585
z09mangatown	Boruto: Naruto Next Generations	25	552612035.200944	L	http://m.mangatown.com/manga/boruto_naruto_next_generations	552612035.200944
20	42	538327061.263395	538327197.024058
19		538327200.984746	538327200.984746
18		538327200.984746	538327200.984746
17		538327200.984746	538327200.984746
16		538327200.984746	538327200.984746
15		538327200.984746	538327200.984746
14		538327200.984746	538327200.984746
13		538327200.984746	538327200.984746
12		538327200.984746	538327200.984746
11		538327200.984746	538327200.984746
10		538327200.984746	538327200.984746
9		538327200.984746	538327200.984746
8		538327200.984746	538327200.984746
7		538327200.984746	538327200.984746
6		538327200.984746	538327200.984746
5		538327200.984746	538327200.984746
4		538327200.984746	538327200.984746
3		538327200.984746	538327200.984746
2		538327200.984746	538327200.984746
1		538327200.984746	538327200.984746
21	42	541265526.175854	541265771.582180
22	42	543654082.077844	543654253.359798
23	42	546750649.902324	546753928.302285
24	42	549809624.854724	549811884.070391
25	42	552612035.200944	552612147.899332
