1	556685985.510456
z09mangatown	Cross account	28	554529659.490760	L	http://m.mangatown.com/manga/cross_account	554529659.490760
1		545193517.339227	545203784.676560
2		545229206.988480	545229327.913697
3		545229328.367630	545229434.870030
4		545229435.404355	545229653.625603
5		545229654.301004	545232104.795325
6		545232105.227932	545232547.072447
7		545232547.608258	545232986.233267
8		545232998.941611	545233589.545240
9		545233590.104051	545234257.114419
10		545234257.871551	545238790.734777
11		545238793.728761	545238939.520211
12		545238941.114639	545239038.440833
13		545239038.868550	545239222.448334
14	19	545239223.192728	545239277.373426
15	20	546529028.756935	546529105.269914
16	19	547050318.296395	547050438.797819
17	20	547170337.297005	547191589.776282
18	19	547700175.192816	547700417.588779
19	19	549216733.148614	549216834.108865
20	20	549835763.401067	549835862.478084
21	21	550330103.697480	550330219.725555
23	19	551672096.872514	551672218.462696
24	20	552977166.871995	552977263.166082
25	19	553609557.741358	553609674.442918
26	18	554046253.482103	554046361.029559
27	21	554059864.315534	554059950.372017
28	19	554529659.490760	554529758.927545
