1	555005472.117499
z09mangatown	World Trigger	109	505643475.589148	L	http://m.mangatown.com/manga/world_trigger	505643475.589148
109	4	505643475.589148	505643481.017969
108		505643485.988963	505643485.988963
107		505643485.988963	505643485.988963
106		505643485.988963	505643485.988963
105		505643485.988963	505643485.988963
104		505643485.988963	505643485.988963
103		505643485.988963	505643485.988963
102		505643485.988963	505643485.988963
101		505643485.988963	505643485.988963
100		505643485.988963	505643485.988963
99		505643485.988963	505643485.988963
98		505643485.988963	505643485.988963
97		505643485.988963	505643485.988963
96		505643485.988963	505643485.988963
95		505643485.988963	505643485.988963
94		505643485.988963	505643485.988963
93		505643485.988963	505643485.988963
92		505643485.988963	505643485.988963
91		505643485.988963	505643485.988963
90		505643485.988963	505643485.988963
89		505643485.988963	505643485.988963
88		505643485.988963	505643485.988963
87		505643485.988963	505643485.988963
86		505643485.988963	505643485.988963
85		505643485.988963	505643485.988963
84		505643485.988963	505643485.988963
83		505643485.988963	505643485.988963
82		505643485.988963	505643485.988963
81		505643485.988963	505643485.988963
80		505643485.988963	505643485.988963
79		505643485.988963	505643485.988963
78		505643485.988963	505643485.988963
77		505643485.988963	505643485.988963
76		505643485.988963	505643485.988963
75		505643485.988963	505643485.988963
74		505643485.988963	505643485.988963
73		505643485.988963	505643485.988963
72		505643485.988963	505643485.988963
71		505643485.988963	505643485.988963
70		505643485.988963	505643485.988963
69		505643485.988963	505643485.988963
68		505643485.988963	505643485.988963
67		505643485.988963	505643485.988963
66		505643485.988963	505643485.988963
65		505643485.988963	505643485.988963
64		505643485.988963	505643485.988963
63		505643485.988963	505643485.988963
62		505643485.988963	505643485.988963
61		505643485.988963	505643485.988963
60		505643485.988963	505643485.988963
59		505643485.988963	505643485.988963
58		505643485.988963	505643485.988963
57		505643485.988963	505643485.988963
56		505643485.988963	505643485.988963
55		505643485.988963	505643485.988963
54		505643485.988963	505643485.988963
53		505643485.988963	505643485.988963
52		505643485.988963	505643485.988963
51		505643485.988963	505643485.988963
50		505643485.988963	505643485.988963
49		505643485.988963	505643485.988963
48		505643485.988963	505643485.988963
47		505643485.988963	505643485.988963
46		505643485.988963	505643485.988963
45.5		505643485.988963	505643485.988963
45		505643485.988963	505643485.988963
44		505643485.988963	505643485.988963
43		505643485.988963	505643485.988963
42		505643485.988963	505643485.988963
41		505643485.988963	505643485.988963
40		505643485.988963	505643485.988963
39.5		505643485.988963	505643485.988963
39		505643485.988963	505643485.988963
38		505643485.988963	505643485.988963
37		505643485.988963	505643485.988963
36		505643485.988963	505643485.988963
35		505643485.988963	505643485.988963
34		505643485.988963	505643485.988963
33		505643485.988963	505643485.988963
32		505643485.988963	505643485.988963
31		505643485.988963	505643485.988963
30		505643485.988963	505643485.988963
29		505643485.988963	505643485.988963
28		505643485.988963	505643485.988963
27		505643485.988963	505643485.988963
26		505643485.988963	505643485.988963
25		505643485.988963	505643485.988963
24		505643485.988963	505643485.988963
23		505643485.988963	505643485.988963
22		505643485.988963	505643485.988963
21		505643485.988963	505643485.988963
20		505643485.988963	505643485.988963
19		505643485.988963	505643485.988963
18		505643485.988963	505643485.988963
17		505643485.988963	505643485.988963
16		505643485.988963	505643485.988963
15		505643485.988963	505643485.988963
14		505643485.988963	505643485.988963
13		505643485.988963	505643485.988963
12		505643485.988963	505643485.988963
11		505643485.988963	505643485.988963
10		505643485.988963	505643485.988963
9		505643485.988963	505643485.988963
8		505643485.988963	505643485.988963
7		505643485.988963	505643485.988963
6		505643485.988963	505643485.988963
5		505643485.988963	505643485.988963
4		505643485.988963	505643485.988963
3		505643485.988963	505643485.988963
2		505643485.988963	505643485.988963
1		505643485.988963	505643485.988963
