1	505716028.731220
z09mangatown	The Sensual M	14	505715854.773921	B	http://m.mangatown.com/manga/the_sensual_m	505715854.773921
0		505678543.881895	505678593.455429
1		505678593.830774	505678685.831119
2		505678686.194286	505678807.706337
3		505678808.283258	505678948.183613
4		505678948.651698	505679737.897189
5		505679738.419478	505681509.318525
6		505681509.782949	505693730.068271
7		505693825.938920	505694872.424063
8		505694872.901337	505696276.498834
9		505696276.925018	505714017.089492
10		505714017.749097	505714168.803931
11	-	505715514.295045	505715518.281575
12		505715523.664890	505715703.284138
13		505715704.041381	505715854.010800
14	50	505715854.773921	505716028.721309
