1	556685832.411127
z09mangatown	Darwin's Game	37	554751504.929394	L	http://m.mangatown.com/manga/darwin_s_game	554751504.929394
1		554652631.039774	554653215.899736
2		554653216.429042	554653638.453742
3		554653639.139620	554653775.491262
4		554654258.903374	554654265.732796
4.5		554654266.077973	554654277.976140
5		554654278.286218	554654542.125858
6		554654543.349618	554655167.061075
7		554655167.436273	554655349.273005
8		554655658.113869	554655908.273152
8.5		554655968.753998	554655970.921469
9		554655972.069456	554656587.773017
10		554656628.360564	554657123.083676
11		554657123.905455	554657302.172418
12		554657302.933100	554657407.027062
12.5		554657407.918810	554657417.391702
13		554657417.719657	554657741.736327
14		554657742.274322	554657853.476187
15		554657854.008713	554657947.446992
16		554657948.196044	554658116.002360
16.5		554658116.635438	554658121.564630
17		554658121.947199	554658249.317352
18		554658250.034832	554658661.780631
19		554658662.700527	554658753.167796
20		554658845.984110	554659142.960003
20.5		554659143.620577	554659147.789210
21		554659148.108982	554659269.332427
22		554659269.959450	554671999.409747
23		554672001.040555	554672294.164937
24		554672294.833862	554672801.247446
25		554672801.863131	554673149.573492
26		554673150.920206	554675159.357065
27		554744389.801516	554744970.191078
28		554744970.922802	554745046.074024
29		554745046.666082	554745449.717586
30		554745450.965513	554745571.706242
31		554745572.146393	554745681.111010
32		554750252.605626	554750355.091230
33		554750355.580522	554750660.118152
34		554750660.992439	554750903.677098
35		554750904.335036	554751375.540203
36		554751376.365877	554751504.296264
37	49	554751504.929394	554766115.375887
