1	556804869.219896
z09mangatown	Fureru to Kikoeru	29	553447912.061403	L	http://m.mangatown.com/manga/fureru_to_kikoeru	553447912.061403
1		540492713.118018	540493037.319458
2		540493037.824322	540493324.591734
3		540493325.399531	540493457.415805
4		540493458.209380	540493559.802442
5		540493560.792155	540493682.956536
6		540493683.761995	540493777.562384
7		540493778.395026	540493935.216743
8		540493943.951666	540494871.441995
9		540494872.234661	540505472.444616
10		540505473.986524	540505595.063537
11		540505596.021862	540505952.612818
12		540505954.452856	540506065.616993
13		540506066.250644	540506140.164013
14		540506140.824215	540506252.934596
15		540506253.667989	540506555.880948
16		540506556.564621	540506626.813964
17		540506627.527981	540506685.197717
17.5		540506685.502469	540506705.065527
18		540506705.943166	540506791.970514
19		540506792.659819	540506863.959083
20		540506864.573828	540506936.879213
21	19	540506937.684741	540507033.319731
22	19	544997309.635219	544997443.613055
23	19	546175656.494644	546175759.889397
24	19	547043977.470079	547044073.244678
25	19	547645440.799423	547645568.262965
26	22	548395360.281013	548395477.586357
27	24	549518334.364773	549518457.505207
29	15	553447912.061403	553447976.055011
