1	568566294.473860
z09mangatown	Wind Breaker	211	568566002.352927	B	http://m.mangatown.com/manga/wind_breaker	568566002.352927
161	59	538325267.623135	538325423.630443
160		538325264.228085	538325264.228085
159		538325264.228085	538325264.228085
158		538325264.228085	538325264.228085
157		538325264.228085	538325264.228085
156		538325264.228085	538325264.228085
155		538325264.228085	538325264.228085
154		538325264.228085	538325264.228085
153		538325264.228085	538325264.228085
152		538325264.228085	538325264.228085
151		538325264.228085	538325264.228085
150		538325264.228085	538325264.228085
149		538325264.228085	538325264.228085
148		538325264.228085	538325264.228085
147		538325264.228085	538325264.228085
146		538325264.228085	538325264.228085
145		538325264.228085	538325264.228085
144		538325264.228085	538325264.228085
143		538325264.228085	538325264.228085
142		538325264.228085	538325264.228085
141		538325264.228085	538325264.228085
140		538325264.228085	538325264.228085
139		538325264.228085	538325264.228085
138		538325264.228085	538325264.228085
137		538325264.228085	538325264.228085
136		538325264.228085	538325264.228085
135		538325264.228085	538325264.228085
134		538325264.228085	538325264.228085
133		538325264.228085	538325264.228085
132		538325264.228085	538325264.228085
131		538325264.228085	538325264.228085
130		538325264.228085	538325264.228085
129		538325264.228085	538325264.228085
128		538325264.228085	538325264.228085
127		538325264.228085	538325264.228085
126		538325264.228085	538325264.228085
125		538325264.228085	538325264.228085
124		538325264.228085	538325264.228085
123		538325264.228085	538325264.228085
122		538325264.228085	538325264.228085
121		538325264.228085	538325264.228085
120		538325264.228085	538325264.228085
119		538325264.228085	538325264.228085
118		538325264.228085	538325264.228085
117		538325264.228085	538325264.228085
116		538325264.228085	538325264.228085
115		538325264.228085	538325264.228085
114		538325264.228085	538325264.228085
113		538325264.228085	538325264.228085
112		538325264.228085	538325264.228085
111		538325264.228085	538325264.228085
110		538325264.228085	538325264.228085
109		538325264.228085	538325264.228085
108		538325264.228085	538325264.228085
107		538325264.228085	538325264.228085
106		538325264.228085	538325264.228085
105		538325264.228085	538325264.228085
104		538325264.228085	538325264.228085
103		538325264.228085	538325264.228085
102		538325264.228085	538325264.228085
101		538325264.228085	538325264.228085
100		538325264.228085	538325264.228085
99		538325264.228085	538325264.228085
98		538325264.228085	538325264.228085
95		538325264.228085	538325264.228085
94		538325264.228085	538325264.228085
93		538325264.228085	538325264.228085
92		538325264.228085	538325264.228085
91		538325264.228085	538325264.228085
90		538325264.228085	538325264.228085
89		538325264.228085	538325264.228085
88		538325264.228085	538325264.228085
87		538325264.228085	538325264.228085
86		538325264.228085	538325264.228085
85		538325264.228085	538325264.228085
84		538325264.228085	538325264.228085
83		538325264.228085	538325264.228085
82		538325264.228085	538325264.228085
81		538325264.228085	538325264.228085
80		538325264.228085	538325264.228085
79		538325264.228085	538325264.228085
78		538325264.228085	538325264.228085
77		538325264.228085	538325264.228085
76		538325264.228085	538325264.228085
75		538325264.228085	538325264.228085
74		538325264.228085	538325264.228085
73		538325264.228085	538325264.228085
72		538325264.228085	538325264.228085
71		538325264.228085	538325264.228085
70		538325264.228085	538325264.228085
69		538325264.228085	538325264.228085
68		538325264.228085	538325264.228085
67		538325264.228085	538325264.228085
66		538325264.228085	538325264.228085
65.5		538325264.228085	538325264.228085
65		538325264.228085	538325264.228085
64		538325264.228085	538325264.228085
63		538325264.228085	538325264.228085
62		538325264.228085	538325264.228085
61		538325264.228085	538325264.228085
60		538325264.228085	538325264.228085
59		538325264.228085	538325264.228085
58		538325264.228085	538325264.228085
57		538325264.228085	538325264.228085
56		538325264.228085	538325264.228085
55		538325264.228085	538325264.228085
54		538325264.228085	538325264.228085
53		538325264.228085	538325264.228085
52		538325264.228085	538325264.228085
51		538325264.228085	538325264.228085
50		538325264.228085	538325264.228085
49		538325264.228085	538325264.228085
48		538325264.228085	538325264.228085
47		538325264.228085	538325264.228085
46		538325264.228085	538325264.228085
45		538325264.228085	538325264.228085
44		538325264.228085	538325264.228085
43		538325264.228085	538325264.228085
42		538325264.228085	538325264.228085
41		538325264.228085	538325264.228085
40		538325264.228085	538325264.228085
39		538325264.228085	538325264.228085
38		538325264.228085	538325264.228085
37		538325264.228085	538325264.228085
36		538325264.228085	538325264.228085
35		538325264.228085	538325264.228085
34		538325264.228085	538325264.228085
33		538325264.228085	538325264.228085
32		538325264.228085	538325264.228085
31		538325264.228085	538325264.228085
30		538325264.228085	538325264.228085
29		538325264.228085	538325264.228085
28		538325264.228085	538325264.228085
27		538325264.228085	538325264.228085
26		538325264.228085	538325264.228085
25		538325264.228085	538325264.228085
24		538325264.228085	538325264.228085
23		538325264.228085	538325264.228085
22		538325264.228085	538325264.228085
21		538325264.228085	538325264.228085
20		538325264.228085	538325264.228085
19		538325264.228085	538325264.228085
18		538325264.228085	538325264.228085
17		538325264.228085	538325264.228085
16		538325264.228085	538325264.228085
15		538325264.228085	538325264.228085
14		538325264.228085	538325264.228085
13		538325264.228085	538325264.228085
12		538325264.228085	538325264.228085
11		538325264.228085	538325264.228085
10		538325264.228085	538325264.228085
9		538325264.228085	538325264.228085
8		538325264.228085	538325264.228085
7		538325264.228085	538325264.228085
6		538325264.228085	538325264.228085
5		538325264.228085	538325264.228085
4		538325264.228085	538325264.228085
3		538325264.228085	538325264.228085
2		538325264.228085	538325264.228085
1		538325264.228085	538325264.228085
0		538325264.228085	538325264.228085
162	58	538940158.620959	538940460.988463
163	57	539530750.130524	539530862.679749
164	62	540222178.753606	540222287.080350
165	65	540740375.227733	540740465.271967
166	65	541369950.604367	541370088.232056
167	58	541949097.186260	541949456.314917
168	60	542551321.763528	542551561.067318
169	63	543160037.481699	543160191.539833
170		552411195.604794	552411292.010309
175	60	552411292.671014	552411401.010879
187	68	554130743.002832	554130958.646721
196	73	559571171.771328	559571317.347527
197	71	560176612.366893	560176948.164433
198	67	560780671.276526	560780783.729012
206		567438952.067084	567439678.484705
207		567439679.317264	567439803.076107
208		567439803.798358	567439920.814240
209	77	567439921.442678	567440055.547584
210		568565882.139485	568566001.748692
211	100	568566002.352927	568566292.983453
