1	556685439.385900
z09mangatown	Back Street Girls - Washira Idol Hajimemashita.	40	555388857.130348	L	http://m.mangatown.com/manga/back_street_girls_washira_idol_hajimemashita	555388857.130348
1		549414719.144274	549414848.057739
2		549414848.718295	549414923.777284
3		549414924.210873	549417893.220215
4		549417893.908491	549423161.915198
5		549474970.458374	549475060.011567
6		549475060.780991	549475118.914897
7		549475119.565864	549475187.434655
8		549475188.075959	549475551.268917
9		549475551.880872	549475610.925550
10		549475611.708521	549475846.443732
11		549475847.129884	549475913.780155
12		549475914.495295	549475986.967190
13		549475987.614210	549476138.720578
14		549476139.375543	549495909.645758
15		549495910.363944	549495989.668678
16		549495990.308446	549496055.052029
17		549496055.640125	549496134.624055
18		549551067.773060	549556902.227845
19		549557849.406694	549558541.768661
20		549558542.626308	549560866.871321
21		549560867.601450	549560911.869233
22		549560912.505772	549561148.191141
23		549561149.380118	549561347.486317
24		549561348.387103	549561400.905269
25		549561401.768110	549561620.475676
26		549562471.236379	549562570.531590
27		549562571.351838	549562709.832035
28		549562711.120868	549562779.732521
29	8	549562780.219822	549573747.067751
30	13	549574737.253030	549574828.615471
31	13	549776045.428259	549776204.574724
32	14	550466306.030186	550466443.403650
33	13	550725345.644760	550726184.686572
34	14	551333237.946586	551333345.383776
35	13	551728713.013016	551728822.991300
36	16	551821589.980108	551828665.836863
37	16	553493453.505894	553494388.991637
38	14	554154374.679861	554154500.011256
39	13	554735745.191374	554735820.048166
40	14	555388857.130348	555388951.191593
