1	568346352.242535
z09mangatown	Hinomaru Zumou	219	568343843.817015	L	http://m.mangatown.com/manga/hinomaru_zumou/	568343843.817015
1		568163047.511186	568163274.749290
2		568163275.456100	568163360.702718
3		568163361.357469	568163458.470907
4		568163459.146788	568163552.658197
5		568163553.265362	568164214.783491
6		568164215.373456	568164330.673877
7		568164331.371911	568164430.390819
8		568164430.846156	568164521.787358
9		568164522.293082	568164598.423573
10		568164599.091174	568164657.426230
11		568164657.804209	568164737.179709
12		568164737.753949	568164809.232583
13		568164809.922083	568178093.796018
14		568178094.279401	568178237.202434
15		568178237.636287	568178395.911815
16		568178396.683844	568178561.617955
17		568178562.113848	568178663.138580
18		568178663.688706	568179004.218735
19		568179005.000964	568179123.403740
20		568179123.974647	568179193.775592
21		568179194.321271	568179276.728828
22		568179277.670511	568179624.425179
23		568179625.102129	568179712.261817
24		568179712.865906	568179808.632141
25		568179809.419247	568179912.716697
26		568179913.238256	568180019.356674
27		568180020.445258	568180128.126282
28		568180129.055218	568180221.496658
29		568180222.305111	568180312.517076
30		568180313.142130	568180452.953671
31		568180453.628803	568180498.491136
32		568180499.009253	568180598.577260
33		568180599.050682	568180735.583960
34		568180736.173176	568180890.904538
35		568180891.286047	568181126.400765
36		568181127.883739	568181195.402493
37		568181196.048554	568181300.238707
38		568181300.795755	568181408.727811
39		568181409.351244	568181540.630576
40		568181541.129789	568181620.736309
41		568185656.764866	568185808.362931
42		568185809.007755	568185931.452414
43		568185931.906635	568186050.608045
44		568186051.204516	568186204.665655
45		568186205.211783	568186282.103142
46		568186282.713099	568186465.195234
47		568186466.869502	568186527.432027
48		568186527.976935	568186588.918410
49		568186589.349003	568186667.422214
50		568186668.055595	568186727.450664
51		568186727.852569	568186788.235565
52		568186788.660578	568186851.472110
53		568186852.136845	568186911.058119
54		568186911.640806	568186978.178080
55		568186978.721901	568187019.596548
56		568187019.982416	568187084.606778
57			568187085.047894
58		568187085.517693	568187150.869469
59		568187151.465203	568187207.804392
60		568187208.237907	568187246.604671
61		568187246.948800	568187322.744776
62		568187323.294826	568187377.913991
63		568187378.390369	568187427.332962
64		568187427.951872	568187494.802829
65		568187495.224913	568187559.405925
66		568187559.839378	568187626.775779
67		568187627.407699	568187677.294959
68		568187677.804750	568187800.350544
69		568187800.892256	568187866.436989
70		568187867.046699	568187936.940540
71		568187937.390670	568187991.041689
72		568187991.561424	568188090.064305
72.5		568188090.583890	568188211.403461
73		568188211.924284	568188311.191569
74		568188311.815923	568188384.877180
75		568188385.494028	568188526.368404
76		568188526.908229	568188688.308231
77		568188688.763744	568188794.512567
78		568188795.596490	568188880.551070
79		568188881.206954	568188945.670652
80		568264922.147748	568265109.289107
81		568265109.946545	568265188.326810
82		568265189.063911	568265299.297741
83		568265299.996407	568265428.069235
84		568265428.819305	568265555.740820
85		568265556.655328	568265645.677757
86		568265646.385886	568265812.300581
87		568265813.126645	568265933.885227
88		568265934.578462	568266012.671527
89		568266283.216757	568266323.300065
90		568266323.878850	568266391.886369
91		568266391.920512	568266486.690955
92		568266486.718932	568266585.309558
93		568266585.336856	568266682.298237
94		568266682.328201	568266743.280541
95		568266743.297743	568266797.716023
96		568266797.735765	568266849.088303
97		568266849.117210	568266982.658821
98		568266982.687198	568267034.845390
99		568267034.881831	568268073.985284
100		568268074.025057	568268133.187693
101		568268133.218223	568268184.939901
102		568268184.975675	568268244.038059
103		568268244.100021	568268277.493797
104		568268277.524267	568268320.312228
105		568268320.344556	568268388.115171
106		568268388.146536	568268468.199795
107		568268468.230404	568268538.521414
108		568336899.125762	568336928.066716
109		568336928.101113	568336980.985717
110		568336981.023734	568337011.400993
111		568337011.435727	568337058.150937
112		568337058.177561	568337088.490150
113		568337088.532810	568337131.858684
114		568337131.902057	568337158.376684
115		568337158.414087	568337185.491022
116		568337185.514169	568337211.946098
117		568337211.981484	568337260.479445
118		568337260.511829	568337328.633639
119		568337328.668559	568337366.202233
120		568337366.238464	568337416.654281
121		568337416.692265	568337445.355596
122		568337445.393401	568337486.407096
123		568337486.443923	568337528.675601
124		568337528.715089	568337578.758053
125		568337578.789890	568337638.663413
126		568337638.696491	568337682.015576
127		568337682.052727	568337737.467659
128		568337737.505974	568337765.862511
129		568337765.886237	568337847.339091
130		568337847.376892	568337873.823253
131		568337873.864161	568337918.742398
132		568337918.782715	568338001.278458
133		568338001.316385	568338034.978401
134		568338035.014085	568338095.198989
135		568338095.238179	568338175.035598
136		568338175.069398	568338217.703941
137		568338217.742925	568338264.189169
138		568338264.229954	568338309.547012
139		568338309.585364	568338355.257879
140		568338355.300419	568338380.904426
141		568338380.929864	568338419.311310
142		568338419.350631	568338456.378555
142.5		568338456.414765	568338473.313689
143		568338473.351597	568338572.077588
144		568338572.093221	568338600.903103
145		568338600.942513	568338629.037261
146		568338629.074878	568338678.906258
147		568338678.945884	568338768.893433
148		568338768.928918	568338821.879242
149		568338821.917379	568338888.065548
150		568338888.104220	568338932.117814
151		568338932.157308	568338962.952435
152		568338962.988403	568339012.004334
153		568339012.045007	568339080.968915
154		568339080.997648	568339194.789618
155		568339194.814784	568339236.097727
156		568339236.132812	568339278.279876
158		568339278.317133	568339328.001991
159		568339328.040786	568339364.896180
160		568339364.916660	568339413.838929
161		568339413.877310	568339472.891540
162		568339472.931101	568339507.990066
163		568339508.036470	568339565.312694
164		568339565.352425	568339607.925791
165		568339607.950651	568339678.717497
166		568339678.758263	568339698.235048
167		568339698.275406	568339728.468928
168		568339728.504801	568339774.602398
169		568339774.643113	568339902.327292
170		568339902.368928	568340001.281744
171		568340001.324415	568340070.765177
172		568340070.804855	568340163.300353
173		568340163.338771	568340230.069666
174		568340230.105325	568340382.827172
175		568340391.967991	568340657.889886
176		568340657.932194	568340721.904825
177		568340721.929808	568340770.244664
178		568340770.285665	568340827.347787
179		568340827.383903	568340902.734014
180		568340902.773928	568340935.352032
181		568340935.393492	568340998.288025
182		568340998.329504	568341622.035870
183		568341622.077573	568342033.191739
184		568342156.100340	568342157.339875
187		568342182.219585	568342199.031534
188		568342199.071431	568342222.749284
189		568342222.786691	568342297.764942
190		568342297.788990	568342360.356768
191		568342360.397277	568342414.457803
192		568342414.499918	568342445.426697
193		568342445.466140	568342458.469763
194		568342458.492826	568342496.778226
195		568342496.820860	568342531.373628
196		568342531.400617	568342567.964372
197		568342568.003117	568342626.093466
198		568342626.116218	568342714.139430
199		568342714.181759	568342765.656390
200		568342765.695056	568342831.471727
201		568342831.502496	568342887.029476
202		568342887.068468	568342927.714174
203		568342927.757016	568342997.595628
204		568342997.621036	568343091.140969
205		568343091.186081	568343167.275019
206		568343167.318192	568343233.261815
207		568343233.303541	568343280.012309
208		568343280.050934	568343333.199337
209		568343333.236513	568343382.629462
210		568343382.660397	568343403.018627
211		568343403.062266	568343455.621615
212		568343455.661844	568343520.407446
213		568343520.446543	568343603.383672
214		568343603.429242	568343629.982076
215		568343630.011675	568343679.999284
216		568343680.026740	568343710.272380
217		568343710.316366	568343743.523423
218		568343743.562488	568343843.778215
219	18	568343843.817015	568346350.278099
