1	557942578.194344
z09mangatown	Nijiiro Days (MIZUNO Minami)	54	554938929.455144	L	http://m.mangatown.com/manga/nijiiro_days_mizuno_minami	554938929.455144
14		513526595.380513	513527396.830801
14.5	23	513527643.416909	513527657.970644
15		513527812.439061	513527922.665116
13		513527625.314174	513527625.314174
12		513527625.314174	513527625.314174
11		513527625.314174	513527625.314174
10		513527625.314174	513527625.314174
9.5		513527625.314174	513527625.314174
9.1		513527625.314174	513527625.314174
9		513527625.314174	513527625.314174
8		513527625.314174	513527625.314174
7		513527625.314174	513527625.314174
6		513527625.314174	513527625.314174
5.7		513527625.314174	513527625.314174
5.6		513527625.314174	513527625.314174
5.5		513527625.314174	513527625.314174
5		513527625.314174	513527625.314174
4.1		513527625.314174	513527625.314174
4		513527625.314174	513527625.314174
3		513527625.314174	513527625.314174
2		513527625.314174	513527625.314174
1		513527625.314174	513527625.314174
0		513527625.314174	513527625.314174
16		513527923.197391	513529643.321938
17		513529643.699814	513530303.672255
18		513530304.208289	513530660.512346
18.1		513530661.113370	513530690.528674
18.2		513530690.681737	513530715.136796
18.3		513530715.605099	513530800.053495
19		513530800.480911	513530932.978918
20		513530933.518691	513531744.063567
21		513531744.663952	513531967.764042
22		513531968.279990	513532294.168068
23		513532315.458489	513532509.863898
24		513532510.366810	513532930.077769
25		513532930.530194	513533138.812366
26		513533139.242014	513533337.192756
26.5		513533337.583504	513533357.863573
27		513533358.296890	513533557.525170
28		513533558.097797	513533843.976061
29		513533844.494642	513542730.822065
30		513542732.335370	513543052.846978
31		513543053.311024	513544497.395797
32		513544497.997109	513544709.524159
32.5		513544710.176573	513544873.218025
33		513544873.770264	513545078.266412
34		513545078.963776	513545498.859089
35		513545499.358458	513547453.601361
36		513547454.271587	513547659.598245
37		513547660.282413	513548108.394376
38		513548109.042762	513548292.423072
39		513548292.937384	513548573.525006
40		513548574.020408	513548848.693970
41		513548849.365823	513549223.830687
41.5		513549224.229022	513549998.086192
42		513549998.550736	513550107.893943
43	43	513550108.437854	513550238.745078
44	43	513863993.563293	513864235.446769
45	53	517963059.341063	517963318.520111
46	46	524379938.191062	524380465.360190
47	45	529257552.902027	529257731.866187
48	44	530421840.855180	530422105.810343
49	43	536339967.695521	536340228.763521
50	45	539472277.070920	539472516.094297
51	44	544250972.843697	544257380.878128
52	43	547351867.456527	547352707.901955
53	44	550294644.219904	550294774.427416
54	45	554938929.455144	554939110.871649
