1	568061475.356652
z09mangatown	Nisekoi (KOMI Naoshi)	229.5	553269102.155553	L	http://m.mangatown.com/manga/nisekoi_komi_naoshi	553269102.155553
229.5	1	553269102.155553	553269105.386991
229		553268950.768252	553269101.517997
228		553268946.929137	553268946.929137
227		553268946.929137	553268946.929137
226		553268946.929137	553268946.929137
225		553268946.929137	553268946.929137
224		553268946.929137	553268946.929137
223		553268946.929137	553268946.929137
222		553268946.929137	553268946.929137
221		553268946.929137	553268946.929137
220		553268946.929137	553268946.929137
219		553268946.929137	553268946.929137
218		553268946.929137	553268946.929137
217		553268946.929137	553268946.929137
216		553268946.929137	553268946.929137
215		553268946.929137	553268946.929137
214		553268946.929137	553268946.929137
213		553268946.929137	553268946.929137
212		553268946.929137	553268946.929137
211		553268946.929137	553268946.929137
210		553268946.929137	553268946.929137
209		553268946.929137	553268946.929137
208		553268946.929137	553268946.929137
207		553268946.929137	553268946.929137
206		553268946.929137	553268946.929137
205		553268946.929137	553268946.929137
204		553268946.929137	553268946.929137
203		553268946.929137	553268946.929137
202		553268946.929137	553268946.929137
201		553268946.929137	553268946.929137
200		553268946.929137	553268946.929137
199		553268946.929137	553268946.929137
198		553268946.929137	553268946.929137
197		553268946.929137	553268946.929137
196		553268946.929137	553268946.929137
195		553268946.929137	553268946.929137
194		553268946.929137	553268946.929137
193		553268946.929137	553268946.929137
192		553268946.929137	553268946.929137
191		553268946.929137	553268946.929137
190		553268946.929137	553268946.929137
189		553268946.929137	553268946.929137
188.1		553268946.929137	553268946.929137
188		553268946.929137	553268946.929137
187		553268946.929137	553268946.929137
186		553268946.929137	553268946.929137
185		553268946.929137	553268946.929137
184		553268946.929137	553268946.929137
183		553268946.929137	553268946.929137
182		553268946.929137	553268946.929137
181		553268946.929137	553268946.929137
180		553268946.929137	553268946.929137
179		553268946.929137	553268946.929137
178		553268946.929137	553268946.929137
177		553268946.929137	553268946.929137
176		553268946.929137	553268946.929137
175		553268946.929137	553268946.929137
174		553268946.929137	553268946.929137
173		553268946.929137	553268946.929137
172		553268946.929137	553268946.929137
171		553268946.929137	553268946.929137
170		553268946.929137	553268946.929137
169		553268946.929137	553268946.929137
168		553268946.929137	553268946.929137
167		553268946.929137	553268946.929137
166		553268946.929137	553268946.929137
165.1		553268946.929137	553268946.929137
165		553268946.929137	553268946.929137
164		553268946.929137	553268946.929137
163		553268946.929137	553268946.929137
162		553268946.929137	553268946.929137
161		553268946.929137	553268946.929137
160		553268946.929137	553268946.929137
159		553268946.929137	553268946.929137
158		553268946.929137	553268946.929137
157		553268946.929137	553268946.929137
156		553268946.929137	553268946.929137
155		553268946.929137	553268946.929137
154		553268946.929137	553268946.929137
153		553268946.929137	553268946.929137
152		553268946.929137	553268946.929137
151		553268946.929137	553268946.929137
150		553268946.929137	553268946.929137
149		553268946.929137	553268946.929137
148		553268946.929137	553268946.929137
147		553268946.929137	553268946.929137
146		553268946.929137	553268946.929137
145		553268946.929137	553268946.929137
144		553268946.929137	553268946.929137
143		553268946.929137	553268946.929137
142		553268946.929137	553268946.929137
141		553268946.929137	553268946.929137
140		553268946.929137	553268946.929137
139		553268946.929137	553268946.929137
138		553268946.929137	553268946.929137
137		553268946.929137	553268946.929137
136		553268946.929137	553268946.929137
135		553268946.929137	553268946.929137
134		553268946.929137	553268946.929137
133.1		553268946.929137	553268946.929137
133		553268946.929137	553268946.929137
132		553268946.929137	553268946.929137
131		553268946.929137	553268946.929137
130		553268946.929137	553268946.929137
129		553268946.929137	553268946.929137
128		553268946.929137	553268946.929137
127		553268946.929137	553268946.929137
126		553268946.929137	553268946.929137
125		553268946.929137	553268946.929137
124		553268946.929137	553268946.929137
123		553268946.929137	553268946.929137
122.1		553268946.929137	553268946.929137
122		553268946.929137	553268946.929137
121		553268946.929137	553268946.929137
120		553268946.929137	553268946.929137
119		553268946.929137	553268946.929137
118		553268946.929137	553268946.929137
117		553268946.929137	553268946.929137
116		553268946.929137	553268946.929137
115		553268946.929137	553268946.929137
114		553268946.929137	553268946.929137
113		553268946.929137	553268946.929137
112		553268946.929137	553268946.929137
111		553268946.929137	553268946.929137
110		553268946.929137	553268946.929137
109		553268946.929137	553268946.929137
108		553268946.929137	553268946.929137
107		553268946.929137	553268946.929137
106		553268946.929137	553268946.929137
105.5		553268946.929137	553268946.929137
105		553268946.929137	553268946.929137
104		553268946.929137	553268946.929137
103		553268946.929137	553268946.929137
102		553268946.929137	553268946.929137
101		553268946.929137	553268946.929137
100		553268946.929137	553268946.929137
99		553268946.929137	553268946.929137
98		553268946.929137	553268946.929137
97		553268946.929137	553268946.929137
96		553268946.929137	553268946.929137
95		553268946.929137	553268946.929137
94		553268946.929137	553268946.929137
93		553268946.929137	553268946.929137
92		553268946.929137	553268946.929137
91		553268946.929137	553268946.929137
90.5		553268946.929137	553268946.929137
90		553268946.929137	553268946.929137
89		553268946.929137	553268946.929137
88.5		553268946.929137	553268946.929137
88		553268946.929137	553268946.929137
87		553268946.929137	553268946.929137
86		553268946.929137	553268946.929137
85		553268946.929137	553268946.929137
84		553268946.929137	553268946.929137
83		553268946.929137	553268946.929137
82		553268946.929137	553268946.929137
81		553268946.929137	553268946.929137
80		553268946.929137	553268946.929137
79		553268946.929137	553268946.929137
78		553268946.929137	553268946.929137
77		553268946.929137	553268946.929137
76		553268946.929137	553268946.929137
75		553268946.929137	553268946.929137
74		553268946.929137	553268946.929137
73		553268946.929137	553268946.929137
72.5		553268946.929137	553268946.929137
72		553268946.929137	553268946.929137
71		553268946.929137	553268946.929137
70		553268946.929137	553268946.929137
69		553268946.929137	553268946.929137
68		553268946.929137	553268946.929137
67		553268946.929137	553268946.929137
66		553268946.929137	553268946.929137
65		553268946.929137	553268946.929137
64		553268946.929137	553268946.929137
63		553268946.929137	553268946.929137
62		553268946.929137	553268946.929137
61		553268946.929137	553268946.929137
60		553268946.929137	553268946.929137
59		553268946.929137	553268946.929137
58		553268946.929137	553268946.929137
57		553268946.929137	553268946.929137
56		553268946.929137	553268946.929137
55.5		553268946.929137	553268946.929137
55		553268946.929137	553268946.929137
54		553268946.929137	553268946.929137
53		553268946.929137	553268946.929137
52		553268946.929137	553268946.929137
51		553268946.929137	553268946.929137
50		553268946.929137	553268946.929137
49		553268946.929137	553268946.929137
48		553268946.929137	553268946.929137
47		553268946.929137	553268946.929137
46		553268946.929137	553268946.929137
45		553268946.929137	553268946.929137
44		553268946.929137	553268946.929137
43		553268946.929137	553268946.929137
42		553268946.929137	553268946.929137
41.5		553268946.929137	553268946.929137
41		553268946.929137	553268946.929137
40		553268946.929137	553268946.929137
39		553268946.929137	553268946.929137
38		553268946.929137	553268946.929137
37		553268946.929137	553268946.929137
36		553268946.929137	553268946.929137
35		553268946.929137	553268946.929137
34		553268946.929137	553268946.929137
33		553268946.929137	553268946.929137
32		553268946.929137	553268946.929137
31		553268946.929137	553268946.929137
30		553268946.929137	553268946.929137
29		553268946.929137	553268946.929137
28		553268946.929137	553268946.929137
27		553268946.929137	553268946.929137
26		553268946.929137	553268946.929137
25		553268946.929137	553268946.929137
24		553268946.929137	553268946.929137
23		553268946.929137	553268946.929137
22		553268946.929137	553268946.929137
21		553268946.929137	553268946.929137
20		553268946.929137	553268946.929137
19		553268946.929137	553268946.929137
18		553268946.929137	553268946.929137
17		553268946.929137	553268946.929137
16		553268946.929137	553268946.929137
15		553268946.929137	553268946.929137
14		553268946.929137	553268946.929137
13		553268946.929137	553268946.929137
12		553268946.929137	553268946.929137
11		553268946.929137	553268946.929137
10.5		553268946.929137	553268946.929137
10		553268946.929137	553268946.929137
9		553268946.929137	553268946.929137
8		553268946.929137	553268946.929137
7		553268946.929137	553268946.929137
6		553268946.929137	553268946.929137
5		553268946.929137	553268946.929137
4		553268946.929137	553268946.929137
3		553268946.929137	553268946.929137
2		553268946.929137	553268946.929137
1		553268946.929137	553268946.929137
0		553268946.929137	553268946.929137
