1	555950652.863630
z09mangatown	Kannou Sensei	12	553178103.958358	L	http://m.mangatown.com/manga/kannou_sensei	553178103.958358
0		542238295.971504	542238734.692321
1		542238735.276952	542238854.033127
2		542238871.781109	542239046.891365
3		542239047.948078	542239248.401440
4		542239729.135646	542239849.108790
4.5		542239850.795425	542239916.494956
5		542239917.221857	542240036.199908
6	3	542240167.284836	542240171.302800
7		542261543.105848	542261610.887175
8	25	542261617.330532	542261811.311710
9	19	542515356.907294	542516226.235814
10	19	548549474.543165	548549546.622151
10.5		552410903.039714	552410904.180259
11	28	552410904.662670	552410991.415426
12	22	553178103.958358	553178220.534312
