1	547875385.940163
z09mangatown	Kanojo, Okarishimasu	18	547873483.793911	L	http://m.mangatown.com/manga/kanojo_okarishimasu	547873483.793911
1		547864089.733147	547864336.871198
2		547864338.116105	547865355.633572
3		547865356.347404	547871098.969435
4		547871099.453912	547872243.856837
5		547872253.068477	547872427.501829
6		547872428.217904	547872567.138642
7		547872567.919612	547872679.279929
8		547872679.911254	547872771.296684
9		547872771.915205	547872838.119004
10		547872838.916158	547872917.018949
11		547872917.821834	547872964.954501
12		547872965.787583	547873018.856744
13		547873019.496638	547873151.379025
14		547873152.288215	547873217.649438
15		547873218.439761	547873395.437225
16		547873396.196174	547873465.456948
17		547873466.265013	547873483.295190
18	2	547873483.793911	547873518.586571
