1	541644766.828282
z09mangatown	Roppongi Black Cross	70	541644684.746234	L	http://m.mangatown.com/manga/roppongi_black_cross	541644684.746234
1		541608396.551334	541608470.374388
2		541608470.925550	541616750.791578
3		541616751.530312	541616816.377473
4		541616817.087757	541618144.616361
5		541618146.000875	541618324.938931
6		541618325.640648	541618361.623396
7		541618362.276615	541625275.754706
8		541625276.332582	541625341.539620
9		541625341.898067	541625382.146510
10		541625382.703475	541625394.026135
11		541625394.345989	541625451.032301
12		541625451.721090	541630122.088728
13		541630122.708172	541630312.648317
14		541630312.994246	541630365.803029
15		541630367.148351	541633496.177976
16		541633496.833258	541633700.156487
17		541633701.602242	541633777.189097
18		541633777.763349	541633841.843773
19		541633842.181495	541633939.917447
20		541633940.653830	541634009.620646
21		541634010.310050	541634079.540282
22		541634080.311584	541634167.561069
23		541634168.201245	541634372.318244
24		541634381.151705	541634458.124435
25		541634458.510755	541634675.018783
26		541634675.704544	541634717.286479
27		541634717.804158	541634782.620689
28		541634783.384100	541634818.870933
29		541634819.874972	541636297.683551
30		541636315.367274	541636411.792926
31		541636412.327643	541636467.126449
32		541636467.699825	541636541.948319
33		541636542.595377	541636582.946620
34		541636584.109550	541636748.458469
35		541636749.014041	541636829.965814
36		541636830.554002	541636918.121004
37		541636918.451263	541636970.035966
38		541636970.644260	541642546.523861
39	-	541642586.822679	541642591.163599
40		541643526.761595	541643575.252991
41		541643575.282114	541643631.741443
42		541643640.380896	541643679.890732
43		541643680.217022	541643736.923034
44		541643736.939465	541643782.807716
45		541643782.826133	541643812.343876
46		541643812.375784	541643837.647095
47		541643839.334597	541643873.044046
48		541643873.065819	541643905.996401
49		541643906.029419	541643942.201811
50		541643942.234721	541643994.499131
51		541643994.530790	541644030.669017
52		541644030.701315	541644074.103752
53		541644074.139401	541644098.752030
54		541644098.772917	541644149.656639
55		541644149.690114	541644179.706648
56		541644179.742381	541644218.340900
57		541644218.374320	541644250.224956
58		541644250.258377	541644288.509771
59		541644290.066056	541644325.540500
60		541644325.570609	541644354.461062
61		541644354.498266	541644399.827059
62		541644399.861651	541644435.630095
63		541644435.667035	541644468.331069
64		541644468.362685	541644504.363069
65		541644504.398116	541644543.116663
66		541644543.692143	541644570.250664
67		541644570.883700	541644599.500116
68		541644604.108004	541644627.270610
69		541644627.987741	541644684.704756
70	18	541644684.746234	541644764.539582
