1	548045182.352421
z09mangatown	Sumomomo Momomo	92	541745011.644271	L	http://m.mangatown.com/manga/sumomomo_momomo	541745011.644271
0		541655011.604086	541658189.174433
1		541690187.852152	541690431.680473
2		541690432.073199	541691164.703625
3		541691165.353973	541691317.291973
4		541691318.248655	541691400.094580
5		541691400.619477	541691503.926789
6		541691504.505263	541691720.872645
7		541691721.493559	541695231.614516
8		541695241.026934	541695387.388552
9		541695387.885795	541695511.431710
10		541695511.766089	541695599.048982
11		541700896.971797	541701049.270354
12		541701050.046647	541701417.964013
13		541701418.911254	541701711.091929
14		541701711.844709	541701826.145835
15		541701826.905220	541701941.200493
16		541701941.979783	541702036.504434
17		541702037.297818	541702305.396491
18		541702306.206876	541702447.472142
19		541702448.805422	541702635.295924
20		541702636.655900	541702783.682014
21		541702784.524633	541702869.119505
22		541702876.170920	541703064.430222
23		541703065.198477	541703177.682379
24		541703178.617183	541703307.621023
25		541703308.485369	541703446.120205
26		541703446.791485	541703604.226799
27		541703605.456129	541703949.602742
28		541703957.840282	541704709.396841
29		541704710.119471	541704864.697243
30		541704865.491334	541705404.788264
31		541705405.581177	541712197.820079
32		541712198.423646	541712328.242653
33		541712328.594513	541712421.876822
34		541712422.485808	541712511.665419
35		541712512.341163	541712584.421913
36		541712584.812460	541714133.033708
37		541714140.960540	541714236.106006
38		541714236.712787	541714372.794768
39		541714373.432701	541714496.667811
40		541714497.240955	541714657.856224
41		541714658.732297	541714731.258506
42		541714731.913989	541714830.775053
43		541714831.151856	541714956.965816
44		541714957.602902	541715119.472586
45		541715120.044505	541715277.213275
46		541715277.834130	541715418.381690
47		541715418.961731	541715973.843034
48		541717966.128001	541718132.784581
49		541718133.434591	541718262.189898
50		541718262.522976	541718388.744956
51		541718389.336389	541718539.051282
52		541718539.882835	541718660.172816
53		541718660.811639	541718898.846422
54		541718899.233109	541719498.842213
55		541719499.455034	541720017.331176
56		541720017.681178	541720093.751160
57		541740870.578201	541741020.931594
58		541741021.677860	541741122.251999
59		541741122.894157	541741198.488651
60	22	541741199.332622	541741543.493152
61		541741553.734236	541741835.633929
62		541741835.673370	541741868.352656
63		541741868.383080	541741938.990127
64		541741939.025618	541742005.457662
65		541742005.491969	541742037.583104
66		541742038.216679	541742146.294086
67		541742146.892600	541742251.034900
68		541742251.595130	541742369.756439
69		541742370.371687	541742724.026488
70		541742724.077445	541742785.073368
71		541742785.087502	541742878.083727
72		541742878.617002	541743483.696784
73		541743483.758410	541743571.363757
74		541743571.395020	541743642.137211
75		541743642.166530	541743714.541946
76		541743714.578562	541743851.279035
77		541743851.317726	541743873.180234
78		541743873.218900	541743989.787526
79		541743989.823463	541744042.774331
80		541744042.808898	541744125.349368
81		541744125.385623	541744211.299510
82		541744211.336623	541744266.752075
83		541744266.792556	541744363.287993
83.5		541744363.319165	541744366.957947
84		541744366.970527	541744436.177149
85		541744436.215739	541744496.344522
86		541744496.382396	541744549.365950
87		541744549.405384	541744642.354200
88		541744642.391394	541744720.824801
89		541744721.730276	541744841.275368
90		541744841.302624	541744912.233916
91		541744912.272575	541745011.606454
92	38	541745011.644271	541745240.389010
