1	567991182.067651
z09mangatown	Haikyu!!	333	567991113.937381	L	http://m.mangatown.com/manga/haikyu	567991113.937381
287		546981818.939506	546981944.553805
286		546981716.002378	546981804.236017
285		546981587.548756	546981715.247415
284		546981492.440548	546981586.993853
283		546981358.590032	546981491.889795
282		546981206.610091	546981357.898143
281		546981071.469998	546981206.108478
280		546972323.124246	546981071.051931
279		546972145.911930	546972320.489030
278		546972019.873602	546972145.173165
277		546968688.970399	546972019.152165
276		546968609.237926	546968688.574968
275		546968521.714568	546968595.987411
274		546968467.021017	546968521.015338
273		546968380.004514	546968466.613225
272		546968255.926638	546968379.542765
271		546968199.540564	546968255.460509
270		546968117.772518	546968198.587915
269		546968114.643336	546968117.434534
268		546968112.371618	546968114.298347
267		546968109.678195	546968112.031641
266		546968106.043556	546968109.271651
265		546968061.032647	546968105.568047
264		546967874.077930	546968060.529910
263		546967757.086065	546967873.440747
262		546967650.700646	546967756.679666
261		546967539.086234	546967650.178930
260		546967422.096006	546967538.544249
259		546962797.213666	546967420.522698
258		546962571.597014	546962796.573840
257		546962266.331221	546962570.936960
256		546962135.916763	546962265.520763
255.5		546962049.835938	546962135.327231
255		546961922.830322	546962049.082371
254		546961707.258161	546961922.173877
253		546961479.162540	546961706.466397
252		546961365.792898	546961478.506150
251.5		546961280.697030	546961365.200802
251		546961215.000931	546961280.310579
250		546960823.298727	546961033.378974
249		546960610.545384	546960822.603931
248		546960310.006758	546960609.777698
247		546960134.845473	546960309.441711
246		546957638.894842	546960134.234361
245		546957527.198042	546957628.587321
244		546957436.683286	546957526.501003
243		546957308.687655	546957436.096768
242		546957220.977766	546957307.957171
241		546957137.647037	546957220.219516
240		546957061.676467	546957137.049398
239		546955629.247915	546957061.030177
238		546954581.733243	546955628.676103
237		546954485.074532	546954581.180696
236		546954398.867716	546954484.326498
235		546954256.424227	546954398.256208
234		546954160.760347	546954255.867830
233		546954074.249403	546954160.062000
232		546953977.241009	546954073.560307
231		546953881.928877	546953976.539794
230		546953727.902822	546953881.236210
229		546953600.001761	546953727.213394
228		546953461.906849	546953599.309653
227		546953281.561914	546953461.484004
226		546953186.452254	546953280.912430
225		546953052.578338	546953185.775586
224		546952884.332712	546953051.920082
223		546952769.750908	546952883.644998
222		546952664.412300	546952769.043796
221		546952538.226540	546952663.849956
220		546929782.975737	546952537.500153
219		546929674.424684	546929782.242710
218		546929599.865436	546929673.914118
217		546929434.108925	546929599.199780
216		546929337.025643	546929433.459253
215		546929200.420600	546929336.502481
214		546929057.809614	546929199.880164
213		546928695.788527	546929057.259239
212		546928591.255091	546928695.125844
211		546928486.920128	546928590.721183
210		546928318.433127	546928486.266279
209		546928199.532461	546928317.885519
208		546927893.648724	546928198.777891
207		546927646.388962	546927861.679500
206		546927582.127021	546927645.872079
205		546927571.286825	546927581.656451
204		546927563.520125	546927570.783299
203		546927556.063657	546927563.050565
202		546927552.390320	546927555.599349
201		538712586.437887	538712586.437887
200		538712586.437887	538712586.437887
199		538712586.437887	538712586.437887
198		538712586.437887	538712586.437887
197	16	546927508.666045	546927544.915581
196		538712586.437887	538712586.437887
195		538712586.437887	538712586.437887
194		538712586.437887	538712586.437887
193		538712586.437887	538712586.437887
192	21	546927460.030699	546927503.583770
191		546927341.439617	546927459.615054
190	22	566635896.538626	566635930.311936
189		566635715.255707	566635895.884112
188		566635658.564366	566635714.509711
187		566635541.351896	566635657.790740
186		566635476.858102	566635540.652645
185		566635415.984054	566635476.097094
184		566635338.964572	566635415.295971
183		566635247.952181	566635338.476856
182		566635121.387257	566635247.357771
181		566635011.636056	566635120.785983
180		566634884.094046	566635010.895270
179		566634786.940607	566634883.276214
178		566634698.868037	566634786.322047
177		566634631.190228	566634698.268486
176		566634527.568702	566634630.532274
175		566634422.554393	566634526.761564
174		566634285.683797	566634421.774263
173		566634200.545800	566634285.082090
172.5		566634187.548292	566634199.872774
172		566634105.517906	566634186.796297
171.5		566634096.011982	566634104.878456
171		566634011.052945	566634095.125298
170		566633821.944673	566634010.407222
169		566633704.607478	566633821.199337
168		566633643.570042	566633703.843046
167		566633458.828156	566633642.971733
166		566633365.210390	566633457.968094
165		566633308.284119	566633364.548021
164		566633174.161675	566633307.678741
163		566633020.810109	566633173.523160
162		566632896.107725	566633020.084153
161		566632770.988695	566632895.195599
160		566632675.706141	566632770.338252
159		566632569.056785	566632675.166673
158		566632458.510086	566632568.514992
157		566632368.871795	566632457.977232
156		566632278.742125	566632368.219850
155		566632277.149011	566632278.322869
154		566632243.181934	566632266.359358
153		566632131.818754	566632242.618440
152		566632101.751495	566632131.180736
151		566632091.939252	566632101.235800
150		566631988.056353	566632091.029078
149		546922254.333578	546922409.084651
148		546921888.964938	546922253.727619
147		546921609.613496	546921888.342410
146		546920203.307735	546921609.028962
145		546920117.662675	546920202.766294
144		546920049.493600	546920116.962720
143	5	566631971.467177	566631983.588487
142		546919915.216932	546919967.733846
141		546919832.578320	546919914.520769
140		546919745.667447	546919831.831727
139		546919657.311744	546919745.094533
138		546919557.959842	546919647.859304
137		546919470.204649	546919557.420094
136		546919368.448945	546919469.634928
135		546919302.680568	546919368.059210
134		546919146.527471	546919302.137022
133		546918287.885944	546919146.037987
132		546918162.236251	546918287.422099
131		546918066.091272	546918161.666959
130		546917957.072856	546918065.640714
129		546917786.326441	546917942.808170
128		546917651.363639	546917785.753050
127		546917561.549807	546917650.813405
126		546917399.055250	546917561.007643
125		546917274.438151	546917398.553645
124		546917137.608976	546917273.931562
123		546916890.126830	546917136.876297
122		546914979.741494	546916889.447541
121		546912494.687088	546914979.311739
120		546912407.429382	546912494.158419
119		546912254.046848	546912406.905006
118		546901707.021062	546912253.516042
117		546901603.249877	546901706.473723
116		546900098.346858	546901602.835861
115		546900029.438050	546900088.319515
114		546899947.770108	546900028.683398
113		546899838.480835	546899947.263797
112		546899717.728116	546899837.941543
111		546899630.705496	546899717.067340
110		546899510.921305	546899618.498519
109		546899129.343464	546899507.844046
108		546898928.865528	546899128.767267
107		546898816.924015	546898928.293189
106		546898729.456485	546898816.434850
105		546898581.410931	546898728.764493
104		546898413.136712	546898580.788938
103		546898293.453228	546898412.383245
102		546898199.648635	546898292.594387
101		546898148.970050	546898199.156498
100		546898063.059776	546898148.404494
99		546897991.145368	546898062.531846
98		546897896.756228	546897987.426723
97		546897726.122593	546897896.176221
96		546897629.849613	546897725.329278
95		546897564.458127	546897628.857899
94		546897422.639457	546897563.937347
93		546897346.834273	546897422.079837
92		546897188.241554	546897346.092921
91		546897052.434988	546897187.687965
90		546896922.319017	546897051.765373
89		546896754.246722	546896921.740141
88		546896659.039226	546896753.599076
87		546896517.610940	546896658.397269
86		546896266.947814	546896517.135228
85		546896105.598336	546896266.445255
84		546895898.306875	546896104.939641
83		546895759.869101	546895897.761827
82		546895645.669676	546895759.138442
81		546895399.486128	546895644.999852
80		546895331.316108	546895398.755078
79		546895161.739292	546895330.452789
78		546894960.249808	546895151.264333
77		546894637.239334	546894957.141321
76		546894542.476117	546894636.659969
75		546894082.322022	546894541.602912
74		546893881.912936	546894081.773466
73		546893714.503658	546893881.414927
72		546893564.687091	546893714.026085
71		546893475.683850	546893564.134118
70		546893408.529429	546893475.029920
69		546893271.373663	546893407.993641
68		546893198.683025	546893270.621189
67		546893095.077538	546893198.004178
66		546893002.586891	546893094.582644
65		546892892.427492	546893001.926926
64		546892770.367243	546892891.875452
63		546892621.869364	546892760.602215
62		546892521.470604	546892621.166757
61		546892443.349829	546892520.886918
60		546892266.697607	546892442.951934
59		546892135.316235	546892266.079742
58		546892003.088056	546892134.937794
57		546891864.555275	546892002.454575
56		546891724.128036	546891863.832221
55		546891476.781842	546891723.176020
54		546891286.224497	546891466.791979
53		546878556.813348	546891285.758080
52		546878444.067095	546878556.352744
51		546877250.760001	546878443.500295
50		546877110.982630	546877250.049858
49		546876871.682263	546877110.293440
48		546876043.892621	546876870.985197
47		546875899.762423	546876043.318499
46		546875812.822026	546875899.229131
45		546875692.625160	546875812.327678
44		546875583.545976	546875692.103509
43		546875469.151082	546875582.982120
42		546875352.449162	546875468.544340
41		546875235.094266	546875351.922929
40		546875077.875025	546875234.518174
39		546874941.914373	546875077.229109
38		546874809.085829	546874941.322395
37		546874616.122490	546874808.469705
36		546873464.064790	546874615.545542
35		546872939.846523	546873131.088067
34.5		546872792.442317	546872939.461591
34		546872546.067460	546872791.957281
33		546872431.970608	546872545.566958
32		546872297.049087	546872431.243685
31		546872198.423373	546872296.557204
30		546872006.313372	546872197.903301
29		546871874.925106	546872005.695998
28		546842784.642214	546871874.075174
27		546842546.544679	546842783.428475
26		546842360.141524	546842545.701336
25		546842197.155274	546842358.640181
24		546842008.648471	546842196.501850
23		546841847.362784	546842008.274810
22.5		546841825.763374	546841846.869280
22		546841686.637116	546841825.268458
21		546841603.456861	546841686.112893
20		546841451.207640	546841602.881478
19		546841249.132989	546841450.741271
18		546841010.010150	546841248.565573
17		546840656.132924	546840993.703660
16		546840316.586579	546840655.354102
15		546840192.429588	546840315.981063
14		546840076.145210	546840191.777139
13		546839886.934136	546840075.339007
12		546839727.872886	546839885.096826
11.5		546839694.687383	546839727.383282
11		546839536.294283	546839693.965098
10		546837035.101644	546839535.856898
9		546816080.511392	546816764.851699
8		546815935.027543	546816079.909202
7		546815726.431671	546815934.567201
6		546815568.888932	546815725.957639
5		546815375.278158	546815568.119812
4		546815214.709082	546815374.592074
3		546814972.330306	546815214.135714
2		546814806.651946	546814971.817529
1		546814543.428551	546814806.062298
0		538712586.437887	538712586.437887
288		546981945.232456	546982057.137328
289		546982057.674453	546982210.711547
290		546982219.858240	546982317.928185
291		546982318.458533	546982492.909368
292		546982493.394854	546982749.665162
293		546982750.228068	546982953.961211
294		546982954.519494	546983094.067502
295		546983094.844942	546983233.240793
296		546983242.994746	546983361.776510
297		546983362.543524	546983500.862179
298		546983501.263956	546983607.239763
299		546983618.113792	546983710.160691
300	14	546983710.742837	546983817.735608
301	19	547755593.501998	547755758.991819
302	18	548356278.832070	548356579.109569
303	-	548961887.974529	548961891.491986
304	19	549548630.214252	549548778.702702
305	18	550152872.117175	550153053.763225
306	18	550796106.226852	550796245.579355
307	19	551423979.486729	551424116.623780
308	17	551988599.234654	551995609.791632
309	18	552576883.245745	552576972.356687
312	18	554420021.426915	554423630.089973
313	7	555606131.699974	555606155.338000
314	15	556207666.428133	556208018.442046
316	19	557421091.294924	557421188.093862
318	20	558625849.034484	558625993.335471
319	18	559197222.066101	559197303.012300
321	17	560394792.274642	560394889.581071
322	27	561045059.721980	561045243.364060
323	17	561653028.138082	561654322.796416
324	17	562287534.424461	562287608.603842
326	19	564893399.528414	564893408.085068
310		564893257.403132	564893257.403132
328		564893396.890232	564893398.638763
325	-	564897068.393370	564897070.833682
311	19	564930011.885731	564930058.651839
320		564930064.712151	564930064.712151
317		564930064.712151	564930064.712151
315		564930064.712151	564930064.712151
330	18	566111904.370770	566111907.465237
327	-	566106794.289518	566106795.865862
329	-	566111849.876041	566111853.195604
331	1	566485277.835673	566485286.291998
332	2	567005227.324407	567005231.251102
333	19	567991113.937381	567991180.452607
