1	563823673.640613
z09mangatown	Natsu no Zenjitsu	35.2	542345430.018738	L	http://m.mangatown.com/manga/natsu_no_zenjitsu	542345430.018738
1		542301450.903972	542301922.563060
2		542301923.198828	542302248.761390
3		542302249.523578	542303316.490607
4		542303320.237304	542303761.111180
5		542303761.700852	542304580.616610
6		542304581.235924	542304740.325024
7		542304741.074785	542306127.407535
7.5		542306128.164900	542306164.809886
8		542306168.615331	542306394.783439
5.5		542306395.546328	542306441.952175
9		542306450.606324	542307506.471656
10		542307507.222963	542307611.243696
11		542307617.190154	542307830.916140
12		542307831.543606	542308273.819263
13		542308275.613650	542318297.680606
14		542318298.355402	542318447.414289
15		542318447.938722	542318625.554762
16		542318627.140767	542318762.327900
17		542318770.171730	542319063.203678
18		542319063.848055	542319487.502844
18.5		542319488.128168	542319539.773712
19		542321126.840057	542321128.684630
20		542321130.091197	542321272.524373
21		542321272.861931	542321396.281480
22		542321396.850837	542321970.330024
23		542321971.008381	542322051.782850
24		542322065.086186	542322523.684072
25		542322524.312115	542322633.340378
26		542322765.140636	542322769.666802
26.5		542322770.181859	542322835.418541
26.6		542322843.159878	542322876.504748
27		542322876.877886	542344454.409092
28		542344455.012172	542344584.977947
29		542344585.596124	542344703.982836
30		542344705.482837	542344820.218820
31		542344820.561162	542344905.305235
32		542344905.717371	542345061.923771
33		542345062.562291	542345138.792521
34		542345139.183746	542345244.144591
35		542345249.231479	542345394.945592
35.1		542345395.351849	542345429.664717
35.2	16	542345430.018738	542345492.926526
