1	534430804.434068
z09mangatown	Bleach	686	520641675.178627	L	http://m.mangatown.com/manga/bleach	520641675.178627
686	26	520641675.178627	520641896.239663
685		520641585.645349	520641674.603774
684		501102806.724726	501102806.724726
683		501102806.724726	501102806.724726
682		501102806.724726	501102806.724726
681		501102806.724726	501102806.724726
680		501102806.724726	501102806.724726
679		501102806.724726	501102806.724726
678		501102806.724726	501102806.724726
677		501102806.724726	501102806.724726
676		501102806.724726	501102806.724726
675		501102806.724726	501102806.724726
674		501102806.724726	501102806.724726
673		501102806.724726	501102806.724726
672		501102806.724726	501102806.724726
671		501102806.724726	501102806.724726
670		501102806.724726	501102806.724726
669		501102806.724726	501102806.724726
668		501102806.724726	501102806.724726
667		501102806.724726	501102806.724726
666		501102806.724726	501102806.724726
665		501102806.724726	501102806.724726
664.5		501102806.724726	501102806.724726
664		501102806.724726	501102806.724726
663		501102806.724726	501102806.724726
662		501102806.724726	501102806.724726
661		501102806.724726	501102806.724726
660		501102806.724726	501102806.724726
659		501102806.724726	501102806.724726
658		501102806.724726	501102806.724726
657		501102806.724726	501102806.724726
656		501102806.724726	501102806.724726
655		501102806.724726	501102806.724726
654		501102806.724726	501102806.724726
653		501102806.724726	501102806.724726
652		501102806.724726	501102806.724726
651		501102806.724726	501102806.724726
650		501102806.724726	501102806.724726
649		501102806.724726	501102806.724726
648		501102806.724726	501102806.724726
647		501102806.724726	501102806.724726
646		501102806.724726	501102806.724726
645		501102806.724726	501102806.724726
644		501102806.724726	501102806.724726
643		501102806.724726	501102806.724726
642		501102806.724726	501102806.724726
641		501102806.724726	501102806.724726
640		501102806.724726	501102806.724726
639		501102806.724726	501102806.724726
638		501102806.724726	501102806.724726
637		501102806.724726	501102806.724726
636		501102806.724726	501102806.724726
635		501102806.724726	501102806.724726
634		501102806.724726	501102806.724726
633		501102806.724726	501102806.724726
632		501102806.724726	501102806.724726
631		501102806.724726	501102806.724726
630		501102806.724726	501102806.724726
629		501102806.724726	501102806.724726
628		501102806.724726	501102806.724726
627		501102806.724726	501102806.724726
626		501102806.724726	501102806.724726
625		501102806.724726	501102806.724726
624		501102806.724726	501102806.724726
623		501102806.724726	501102806.724726
622		501102806.724726	501102806.724726
621		501102806.724726	501102806.724726
620		501102806.724726	501102806.724726
619		501102806.724726	501102806.724726
618		501102806.724726	501102806.724726
617		501102806.724726	501102806.724726
616		501102806.724726	501102806.724726
615		501102806.724726	501102806.724726
614		501102806.724726	501102806.724726
613		501102806.724726	501102806.724726
612		501102806.724726	501102806.724726
611		501102806.724726	501102806.724726
610		501102806.724726	501102806.724726
609		501102806.724726	501102806.724726
608		501102806.724726	501102806.724726
607		501102806.724726	501102806.724726
606		501102806.724726	501102806.724726
605		501102806.724726	501102806.724726
604		501102806.724726	501102806.724726
603		501102806.724726	501102806.724726
602		501102806.724726	501102806.724726
601		501102806.724726	501102806.724726
600		501102806.724726	501102806.724726
599		501102806.724726	501102806.724726
598		501102806.724726	501102806.724726
597		501102806.724726	501102806.724726
596		501102806.724726	501102806.724726
595		501102806.724726	501102806.724726
594		501102806.724726	501102806.724726
593		501102806.724726	501102806.724726
592		501102806.724726	501102806.724726
591		501102806.724726	501102806.724726
590		501102806.724726	501102806.724726
589		501102806.724726	501102806.724726
588		501102806.724726	501102806.724726
587		501102806.724726	501102806.724726
586		501102806.724726	501102806.724726
585		501102806.724726	501102806.724726
584		501102806.724726	501102806.724726
583		501102806.724726	501102806.724726
582		501102806.724726	501102806.724726
581		501102806.724726	501102806.724726
580		501102806.724726	501102806.724726
579		501102806.724726	501102806.724726
578		501102806.724726	501102806.724726
577		501102806.724726	501102806.724726
576		501102806.724726	501102806.724726
575		501102806.724726	501102806.724726
574		501102806.724726	501102806.724726
573		501102806.724726	501102806.724726
572		501102806.724726	501102806.724726
571		501102806.724726	501102806.724726
570		501102806.724726	501102806.724726
569		501102806.724726	501102806.724726
568		501102806.724726	501102806.724726
567		501102806.724726	501102806.724726
566		501102806.724726	501102806.724726
565		501102806.724726	501102806.724726
564		501102806.724726	501102806.724726
563		501102806.724726	501102806.724726
562		501102806.724726	501102806.724726
561		501102806.724726	501102806.724726
560		501102806.724726	501102806.724726
559		501102806.724726	501102806.724726
558		501102806.724726	501102806.724726
557		501102806.724726	501102806.724726
556		501102806.724726	501102806.724726
555		501102806.724726	501102806.724726
554		501102806.724726	501102806.724726
553		501102806.724726	501102806.724726
552		501102806.724726	501102806.724726
551		501102806.724726	501102806.724726
550		501102806.724726	501102806.724726
549		501102806.724726	501102806.724726
548		501102806.724726	501102806.724726
547		501102806.724726	501102806.724726
546		501102806.724726	501102806.724726
545		501102806.724726	501102806.724726
544		501102806.724726	501102806.724726
543		501102806.724726	501102806.724726
542		501102806.724726	501102806.724726
541		501102806.724726	501102806.724726
540		501102806.724726	501102806.724726
539		501102806.724726	501102806.724726
538		501102806.724726	501102806.724726
537		501102806.724726	501102806.724726
536		501102806.724726	501102806.724726
535		501102806.724726	501102806.724726
534		501102806.724726	501102806.724726
533		501102806.724726	501102806.724726
532		501102806.724726	501102806.724726
531		501102806.724726	501102806.724726
530		501102806.724726	501102806.724726
529		501102806.724726	501102806.724726
528		501102806.724726	501102806.724726
527		501102806.724726	501102806.724726
526		501102806.724726	501102806.724726
525		501102806.724726	501102806.724726
524		501102806.724726	501102806.724726
523		501102806.724726	501102806.724726
522		501102806.724726	501102806.724726
521		501102806.724726	501102806.724726
520		501102806.724726	501102806.724726
519		501102806.724726	501102806.724726
518		501102806.724726	501102806.724726
517		501102806.724726	501102806.724726
516		501102806.724726	501102806.724726
515		501102806.724726	501102806.724726
514		501102806.724726	501102806.724726
513		501102806.724726	501102806.724726
512		501102806.724726	501102806.724726
511		501102806.724726	501102806.724726
510		501102806.724726	501102806.724726
509		501102806.724726	501102806.724726
508		501102806.724726	501102806.724726
507		501102806.724726	501102806.724726
506		501102806.724726	501102806.724726
505		501102806.724726	501102806.724726
504		501102806.724726	501102806.724726
503		501102806.724726	501102806.724726
502		501102806.724726	501102806.724726
501		501102806.724726	501102806.724726
500		501102806.724726	501102806.724726
499		501102806.724726	501102806.724726
498		501102806.724726	501102806.724726
497		501102806.724726	501102806.724726
496		501102806.724726	501102806.724726
495		501102806.724726	501102806.724726
494		501102806.724726	501102806.724726
493		501102806.724726	501102806.724726
492		501102806.724726	501102806.724726
491		501102806.724726	501102806.724726
490		501102806.724726	501102806.724726
489		501102806.724726	501102806.724726
488		501102806.724726	501102806.724726
487		501102806.724726	501102806.724726
486		501102806.724726	501102806.724726
485		501102806.724726	501102806.724726
484		501102806.724726	501102806.724726
483		501102806.724726	501102806.724726
482		501102806.724726	501102806.724726
481		501102806.724726	501102806.724726
480		501102806.724726	501102806.724726
479		501102806.724726	501102806.724726
478		501102806.724726	501102806.724726
477		501102806.724726	501102806.724726
476		501102806.724726	501102806.724726
475		501102806.724726	501102806.724726
474		501102806.724726	501102806.724726
473		501102806.724726	501102806.724726
472		501102806.724726	501102806.724726
471		501102806.724726	501102806.724726
470		501102806.724726	501102806.724726
469		501102806.724726	501102806.724726
468		501102806.724726	501102806.724726
467		501102806.724726	501102806.724726
466		501102806.724726	501102806.724726
465		501102806.724726	501102806.724726
464		501102806.724726	501102806.724726
463		501102806.724726	501102806.724726
462		501102806.724726	501102806.724726
461		501102806.724726	501102806.724726
460		501102806.724726	501102806.724726
459		501102806.724726	501102806.724726
458		501102806.724726	501102806.724726
457		501102806.724726	501102806.724726
456		501102806.724726	501102806.724726
455		501102806.724726	501102806.724726
454		501102806.724726	501102806.724726
453		501102806.724726	501102806.724726
452		501102806.724726	501102806.724726
451		501102806.724726	501102806.724726
450		501102806.724726	501102806.724726
449		501102806.724726	501102806.724726
448		501102806.724726	501102806.724726
447		501102806.724726	501102806.724726
446		501102806.724726	501102806.724726
445		501102806.724726	501102806.724726
444		501102806.724726	501102806.724726
443		501102806.724726	501102806.724726
442		501102806.724726	501102806.724726
441		501102806.724726	501102806.724726
440		501102806.724726	501102806.724726
439		501102806.724726	501102806.724726
438		501102806.724726	501102806.724726
437		501102806.724726	501102806.724726
436		501102806.724726	501102806.724726
435		501102806.724726	501102806.724726
434		501102806.724726	501102806.724726
433		501102806.724726	501102806.724726
432		501102806.724726	501102806.724726
431		501102806.724726	501102806.724726
430		501102806.724726	501102806.724726
429		501102806.724726	501102806.724726
428.1		501102806.724726	501102806.724726
428		501102806.724726	501102806.724726
427		501102806.724726	501102806.724726
426		501102806.724726	501102806.724726
425		501102806.724726	501102806.724726
424		501102806.724726	501102806.724726
423		501102806.724726	501102806.724726
422		501102806.724726	501102806.724726
421		501102806.724726	501102806.724726
420		501102806.724726	501102806.724726
419		501102806.724726	501102806.724726
418		501102806.724726	501102806.724726
417		501102806.724726	501102806.724726
416		501102806.724726	501102806.724726
415		501102806.724726	501102806.724726
414		501102806.724726	501102806.724726
413		501102806.724726	501102806.724726
412		501102806.724726	501102806.724726
411		501102806.724726	501102806.724726
410		501102806.724726	501102806.724726
409		501102806.724726	501102806.724726
408		501102806.724726	501102806.724726
407		501102806.724726	501102806.724726
406		501102806.724726	501102806.724726
405		501102806.724726	501102806.724726
404		501102806.724726	501102806.724726
403		501102806.724726	501102806.724726
402		501102806.724726	501102806.724726
401		501102806.724726	501102806.724726
400		501102806.724726	501102806.724726
399		501102806.724726	501102806.724726
398		501102806.724726	501102806.724726
397		501102806.724726	501102806.724726
396		501102806.724726	501102806.724726
395		501102806.724726	501102806.724726
394		501102806.724726	501102806.724726
393		501102806.724726	501102806.724726
392		501102806.724726	501102806.724726
391		501102806.724726	501102806.724726
390		501102806.724726	501102806.724726
389		501102806.724726	501102806.724726
388		501102806.724726	501102806.724726
387		501102806.724726	501102806.724726
386		501102806.724726	501102806.724726
385		501102806.724726	501102806.724726
384		501102806.724726	501102806.724726
383		501102806.724726	501102806.724726
382		501102806.724726	501102806.724726
381		501102806.724726	501102806.724726
380		501102806.724726	501102806.724726
379		501102806.724726	501102806.724726
378		501102806.724726	501102806.724726
377		501102806.724726	501102806.724726
376		501102806.724726	501102806.724726
375		501102806.724726	501102806.724726
374		501102806.724726	501102806.724726
373		501102806.724726	501102806.724726
372		501102806.724726	501102806.724726
371		501102806.724726	501102806.724726
370		501102806.724726	501102806.724726
369		501102806.724726	501102806.724726
368		501102806.724726	501102806.724726
367		501102806.724726	501102806.724726
366		501102806.724726	501102806.724726
365		501102806.724726	501102806.724726
364		501102806.724726	501102806.724726
363		501102806.724726	501102806.724726
362		501102806.724726	501102806.724726
361		501102806.724726	501102806.724726
360		501102806.724726	501102806.724726
359		501102806.724726	501102806.724726
358		501102806.724726	501102806.724726
357		501102806.724726	501102806.724726
356		501102806.724726	501102806.724726
355		501102806.724726	501102806.724726
354		501102806.724726	501102806.724726
353		501102806.724726	501102806.724726
352		501102806.724726	501102806.724726
351		501102806.724726	501102806.724726
350		501102806.724726	501102806.724726
349		501102806.724726	501102806.724726
348		501102806.724726	501102806.724726
347		501102806.724726	501102806.724726
346		501102806.724726	501102806.724726
345		501102806.724726	501102806.724726
344		501102806.724726	501102806.724726
343		501102806.724726	501102806.724726
342		501102806.724726	501102806.724726
341		501102806.724726	501102806.724726
340		501102806.724726	501102806.724726
339		501102806.724726	501102806.724726
338		501102806.724726	501102806.724726
337		501102806.724726	501102806.724726
336		501102806.724726	501102806.724726
335		501102806.724726	501102806.724726
334		501102806.724726	501102806.724726
333		501102806.724726	501102806.724726
332		501102806.724726	501102806.724726
331		501102806.724726	501102806.724726
330		501102806.724726	501102806.724726
329		501102806.724726	501102806.724726
328		501102806.724726	501102806.724726
327		501102806.724726	501102806.724726
326		501102806.724726	501102806.724726
325		501102806.724726	501102806.724726
324		501102806.724726	501102806.724726
323		501102806.724726	501102806.724726
322		501102806.724726	501102806.724726
321		501102806.724726	501102806.724726
320		501102806.724726	501102806.724726
319		501102806.724726	501102806.724726
318		501102806.724726	501102806.724726
317.2		501102806.724726	501102806.724726
317.1		501102806.724726	501102806.724726
316.3		501102806.724726	501102806.724726
316.2		501102806.724726	501102806.724726
316.1		501102806.724726	501102806.724726
315.9		501102806.724726	501102806.724726
315.8		501102806.724726	501102806.724726
315.7		501102806.724726	501102806.724726
315.6		501102806.724726	501102806.724726
315.5		501102806.724726	501102806.724726
315.4		501102806.724726	501102806.724726
315.3		501102806.724726	501102806.724726
315.2		501102806.724726	501102806.724726
315.1		501102806.724726	501102806.724726
315		501102806.724726	501102806.724726
314		501102806.724726	501102806.724726
313		501102806.724726	501102806.724726
312		501102806.724726	501102806.724726
311		501102806.724726	501102806.724726
310		501102806.724726	501102806.724726
309		501102806.724726	501102806.724726
308		501102806.724726	501102806.724726
307		501102806.724726	501102806.724726
306		501102806.724726	501102806.724726
305		501102806.724726	501102806.724726
304		501102806.724726	501102806.724726
303		501102806.724726	501102806.724726
302		501102806.724726	501102806.724726
301		501102806.724726	501102806.724726
300		501102806.724726	501102806.724726
299		501102806.724726	501102806.724726
298		501102806.724726	501102806.724726
297		501102806.724726	501102806.724726
296		501102806.724726	501102806.724726
295		501102806.724726	501102806.724726
294		501102806.724726	501102806.724726
293		501102806.724726	501102806.724726
292		501102806.724726	501102806.724726
291		501102806.724726	501102806.724726
290		501102806.724726	501102806.724726
289		501102806.724726	501102806.724726
288		501102806.724726	501102806.724726
287		501102806.724726	501102806.724726
286.5		501102806.724726	501102806.724726
286		501102806.724726	501102806.724726
285		501102806.724726	501102806.724726
284		501102806.724726	501102806.724726
283		501102806.724726	501102806.724726
282		501102806.724726	501102806.724726
281		501102806.724726	501102806.724726
280		501102806.724726	501102806.724726
279		501102806.724726	501102806.724726
278		501102806.724726	501102806.724726
277		501102806.724726	501102806.724726
276		501102806.724726	501102806.724726
275		501102806.724726	501102806.724726
274		501102806.724726	501102806.724726
273		501102806.724726	501102806.724726
272		501102806.724726	501102806.724726
271		501102806.724726	501102806.724726
270		501102806.724726	501102806.724726
269		501102806.724726	501102806.724726
268		501102806.724726	501102806.724726
267		501102806.724726	501102806.724726
266		501102806.724726	501102806.724726
265		501102806.724726	501102806.724726
264		501102806.724726	501102806.724726
263		501102806.724726	501102806.724726
262		501102806.724726	501102806.724726
261		501102806.724726	501102806.724726
260.5		501102806.724726	501102806.724726
260		501102806.724726	501102806.724726
259		501102806.724726	501102806.724726
258		501102806.724726	501102806.724726
257		501102806.724726	501102806.724726
256		501102806.724726	501102806.724726
255		501102806.724726	501102806.724726
254		501102806.724726	501102806.724726
253		501102806.724726	501102806.724726
252		501102806.724726	501102806.724726
251		501102806.724726	501102806.724726
250		501102806.724726	501102806.724726
249		501102806.724726	501102806.724726
248		501102806.724726	501102806.724726
247		501102806.724726	501102806.724726
246		501102806.724726	501102806.724726
245		501102806.724726	501102806.724726
244		501102806.724726	501102806.724726
243		501102806.724726	501102806.724726
242		501102806.724726	501102806.724726
241		501102806.724726	501102806.724726
240		501102806.724726	501102806.724726
239		501102806.724726	501102806.724726
238		501102806.724726	501102806.724726
237		501102806.724726	501102806.724726
236		501102806.724726	501102806.724726
235		501102806.724726	501102806.724726
234		501102806.724726	501102806.724726
233		501102806.724726	501102806.724726
232		501102806.724726	501102806.724726
231		501102806.724726	501102806.724726
230		501102806.724726	501102806.724726
229		501102806.724726	501102806.724726
228		501102806.724726	501102806.724726
227		501102806.724726	501102806.724726
226		501102806.724726	501102806.724726
225		501102806.724726	501102806.724726
224		501102806.724726	501102806.724726
223		501102806.724726	501102806.724726
222		501102806.724726	501102806.724726
221		501102806.724726	501102806.724726
220		501102806.724726	501102806.724726
219		501102806.724726	501102806.724726
218		501102806.724726	501102806.724726
217		501102806.724726	501102806.724726
216		501102806.724726	501102806.724726
215		501102806.724726	501102806.724726
214		501102806.724726	501102806.724726
213		501102806.724726	501102806.724726
212		501102806.724726	501102806.724726
211		501102806.724726	501102806.724726
210		501102806.724726	501102806.724726
209		501102806.724726	501102806.724726
208		501102806.724726	501102806.724726
207		501102806.724726	501102806.724726
206		501102806.724726	501102806.724726
205.2		501102806.724726	501102806.724726
205.1		501102806.724726	501102806.724726
205		501102806.724726	501102806.724726
204		501102806.724726	501102806.724726
203		501102806.724726	501102806.724726
202		501102806.724726	501102806.724726
201		501102806.724726	501102806.724726
200		501102806.724726	501102806.724726
199		501102806.724726	501102806.724726
198		501102806.724726	501102806.724726
197		501102806.724726	501102806.724726
196		501102806.724726	501102806.724726
195		501102806.724726	501102806.724726
194		501102806.724726	501102806.724726
193		501102806.724726	501102806.724726
192		501102806.724726	501102806.724726
191		501102806.724726	501102806.724726
190		501102806.724726	501102806.724726
189		501102806.724726	501102806.724726
188		501102806.724726	501102806.724726
187		501102806.724726	501102806.724726
186		501102806.724726	501102806.724726
185		501102806.724726	501102806.724726
184		501102806.724726	501102806.724726
183		501102806.724726	501102806.724726
182		501102806.724726	501102806.724726
181		501102806.724726	501102806.724726
180		501102806.724726	501102806.724726
179		501102806.724726	501102806.724726
178		501102806.724726	501102806.724726
177		501102806.724726	501102806.724726
176		501102806.724726	501102806.724726
175		501102806.724726	501102806.724726
174		501102806.724726	501102806.724726
173		501102806.724726	501102806.724726
172		501102806.724726	501102806.724726
171		501102806.724726	501102806.724726
170		501102806.724726	501102806.724726
169		501102806.724726	501102806.724726
168.5		501102806.724726	501102806.724726
168		501102806.724726	501102806.724726
167		501102806.724726	501102806.724726
166		501102806.724726	501102806.724726
165		501102806.724726	501102806.724726
164		501102806.724726	501102806.724726
163		501102806.724726	501102806.724726
162		501102806.724726	501102806.724726
161		501102806.724726	501102806.724726
160		501102806.724726	501102806.724726
159		501102806.724726	501102806.724726
158		501102806.724726	501102806.724726
157		501102806.724726	501102806.724726
156		501102806.724726	501102806.724726
155		501102806.724726	501102806.724726
154		501102806.724726	501102806.724726
153		501102806.724726	501102806.724726
152		501102806.724726	501102806.724726
151		501102806.724726	501102806.724726
150		501102806.724726	501102806.724726
149		501102806.724726	501102806.724726
148		501102806.724726	501102806.724726
147		501102806.724726	501102806.724726
146		501102806.724726	501102806.724726
145		501102806.724726	501102806.724726
144		501102806.724726	501102806.724726
143		501102806.724726	501102806.724726
142		501102806.724726	501102806.724726
141		501102806.724726	501102806.724726
140		501102806.724726	501102806.724726
139		501102806.724726	501102806.724726
138		501102806.724726	501102806.724726
137		501102806.724726	501102806.724726
136		501102806.724726	501102806.724726
135		501102806.724726	501102806.724726
134		501102806.724726	501102806.724726
133		501102806.724726	501102806.724726
132		501102806.724726	501102806.724726
131		501102806.724726	501102806.724726
130.5		501102806.724726	501102806.724726
130		501102806.724726	501102806.724726
129		501102806.724726	501102806.724726
128		501102806.724726	501102806.724726
127		501102806.724726	501102806.724726
126		501102806.724726	501102806.724726
125		501102806.724726	501102806.724726
124		501102806.724726	501102806.724726
123		501102806.724726	501102806.724726
122		501102806.724726	501102806.724726
121		501102806.724726	501102806.724726
120		501102806.724726	501102806.724726
119		501102806.724726	501102806.724726
118		501102806.724726	501102806.724726
117		501102806.724726	501102806.724726
116		501102806.724726	501102806.724726
115		501102806.724726	501102806.724726
114		501102806.724726	501102806.724726
113		501102806.724726	501102806.724726
112		501102806.724726	501102806.724726
111		501102806.724726	501102806.724726
110		501102806.724726	501102806.724726
109		501102806.724726	501102806.724726
108		501102806.724726	501102806.724726
107.5		501102806.724726	501102806.724726
107		501102806.724726	501102806.724726
106		501102806.724726	501102806.724726
105		501102806.724726	501102806.724726
104		501102806.724726	501102806.724726
103		501102806.724726	501102806.724726
102		501102806.724726	501102806.724726
101		501102806.724726	501102806.724726
100		501102806.724726	501102806.724726
99		501102806.724726	501102806.724726
98		501102806.724726	501102806.724726
97		501102806.724726	501102806.724726
96		501102806.724726	501102806.724726
95		501102806.724726	501102806.724726
94		501102806.724726	501102806.724726
93		501102806.724726	501102806.724726
92		501102806.724726	501102806.724726
91		501102806.724726	501102806.724726
90		501102806.724726	501102806.724726
89		501102806.724726	501102806.724726
88.2		501102806.724726	501102806.724726
88.1		501102806.724726	501102806.724726
87		501102806.724726	501102806.724726
86		501102806.724726	501102806.724726
85		501102806.724726	501102806.724726
84		501102806.724726	501102806.724726
83		501102806.724726	501102806.724726
82		501102806.724726	501102806.724726
81		501102806.724726	501102806.724726
80		501102806.724726	501102806.724726
79		501102806.724726	501102806.724726
78		501102806.724726	501102806.724726
77		501102806.724726	501102806.724726
76		501102806.724726	501102806.724726
75		501102806.724726	501102806.724726
74		501102806.724726	501102806.724726
73		501102806.724726	501102806.724726
72		501102806.724726	501102806.724726
71		501102806.724726	501102806.724726
70		501102806.724726	501102806.724726
69		501102806.724726	501102806.724726
68		501102806.724726	501102806.724726
67		501102806.724726	501102806.724726
66		501102806.724726	501102806.724726
65		501102806.724726	501102806.724726
64		501102806.724726	501102806.724726
63		501102806.724726	501102806.724726
62		501102806.724726	501102806.724726
61		501102806.724726	501102806.724726
60		501102806.724726	501102806.724726
59		501102806.724726	501102806.724726
58		501102806.724726	501102806.724726
57		501102806.724726	501102806.724726
56		501102806.724726	501102806.724726
55		501102806.724726	501102806.724726
54		501102806.724726	501102806.724726
53		501102806.724726	501102806.724726
52		501102806.724726	501102806.724726
51		501102806.724726	501102806.724726
50		501102806.724726	501102806.724726
49		501102806.724726	501102806.724726
48		501102806.724726	501102806.724726
47		501102806.724726	501102806.724726
46		501102806.724726	501102806.724726
45		501102806.724726	501102806.724726
44		501102806.724726	501102806.724726
43		501102806.724726	501102806.724726
42		501102806.724726	501102806.724726
41		501102806.724726	501102806.724726
40		501102806.724726	501102806.724726
39		501102806.724726	501102806.724726
38		501102806.724726	501102806.724726
37		501102806.724726	501102806.724726
36		501102806.724726	501102806.724726
35		501102806.724726	501102806.724726
34		501102806.724726	501102806.724726
33		501102806.724726	501102806.724726
32		501102806.724726	501102806.724726
31		501102806.724726	501102806.724726
30		501102806.724726	501102806.724726
29		501102806.724726	501102806.724726
28		501102806.724726	501102806.724726
27		501102806.724726	501102806.724726
26		501102806.724726	501102806.724726
25.2		501102806.724726	501102806.724726
25		501102806.724726	501102806.724726
24		501102806.724726	501102806.724726
23		501102806.724726	501102806.724726
22		501102806.724726	501102806.724726
21		501102806.724726	501102806.724726
20		501102806.724726	501102806.724726
19		501102806.724726	501102806.724726
18		501102806.724726	501102806.724726
17		501102806.724726	501102806.724726
16		501102806.724726	501102806.724726
15		501102806.724726	501102806.724726
14		501102806.724726	501102806.724726
13		501102806.724726	501102806.724726
12		501102806.724726	501102806.724726
11		501102806.724726	501102806.724726
10		501102806.724726	501102806.724726
9		501102806.724726	501102806.724726
8		501102806.724726	501102806.724726
7		501102806.724726	501102806.724726
6		501102806.724726	501102806.724726
5		501102806.724726	501102806.724726
4		501102806.724726	501102806.724726
3		501102806.724726	501102806.724726
2		501102806.724726	501102806.724726
1		501102806.724726	501102806.724726
0		501102806.724726	501102806.724726
