1	559492952.997885
z09mangatown	Nineteen, Twenty-One	21	559492322.303726	B	http://m.mangatown.com/manga/nineteen_twenty_one	559492322.303726
9		559191934.166497	559197005.509139
10		559238743.920702	559255706.413081
8		559197016.226534	559197016.226534
7		559197016.226534	559197016.226534
6		559197016.226534	559197016.226534
5		559197016.226534	559197016.226534
4		559197016.226534	559197016.226534
3		559197016.226534	559197016.226534
2		559197016.226534	559197016.226534
1		559197016.226534	559197016.226534
11		559255707.041832	559255771.815589
12		559255772.457860	559255833.350963
13		559485305.612889	559489420.772081
14		559489422.350534	559489851.107037
15		559489851.811359	559490495.986990
16		559490496.691231	559490683.312140
17		559490683.976397	559490729.180561
18		559490729.833018	559490792.614681
19		559490793.188117	559491003.977575
20		559491004.402877	559492321.890594
21	35	559492322.303726	559492951.549301
