1	565038702.106334
z09mangatown	Goblin Slayer	30	565038184.718276	L	http://m.mangatown.com/manga/goblin_slayer	565038184.718276
1		548983354.406714	548983606.857427
2		548983607.528357	548983847.967385
3		548983848.607396	548984083.473651
4		548984084.106659	548984186.531425
4.1		548984187.204115	548984191.461489
5		548984191.855101	548984388.020868
6		548984388.724548	548984531.610344
7		548984531.959227	548984664.332591
8	4	564193942.229719	564193951.354218
9		548984768.027694	548984884.475418
9.1		548984885.188229	548984890.824081
10		548984891.416658	548985086.900323
11		564193955.598102	564194129.068345
12		564194129.726154	564194189.319852
13		564194189.717385	564194448.506984
14		564194449.208857	564194518.025871
15		564194518.651340	564194702.384616
16	11	564194702.978878	564194725.199503
17		548985862.401742	548986119.977001
18		548986120.663002	548986272.483100
19		548986273.139671	548986469.924213
20		548986470.556678	548986623.447665
21		548986670.241807	548986759.124629
22		548986759.708462	548986856.662054
23		548986857.307875	548986973.613190
24	-	549033220.863715	549033222.872115
25		564194760.523407	564194927.677838
26	11	564194928.154668	564194957.020496
27		564194730.856811	564194732.867819
28	14	564194733.210432	564194756.788426
29	38	562271361.483925	562271574.322595
30	40	565038184.718276	565038702.105951
