1	540421876.691090
z09mangatown	Gantz	383	540421717.393143	L	http://m.mangatown.com/manga/gantz/	540421717.393143
354		540368917.185286	540368992.227130
355		540368992.829691	540369050.150664
356		540369050.784981	540369099.272510
357		540369099.653668	540369162.791239
358		540369163.187592	540369199.157589
359		540369199.724094	540369244.595171
360		540369245.160752	540369308.398136
361		540369309.134859	540369356.900815
362		540369357.390916	540369416.186614
363		540369416.860676	540369476.789190
364		540369477.201266	540369537.136523
365		540369542.536195	540369611.496178
366		540369612.149897	540369659.847865
367		540369660.230644	540369741.618539
368		540369742.288784	540369843.150495
369		540369844.438772	540369980.391096
370		540369981.048565	540370045.365733
371		540370046.080649	540370108.432956
372		540370109.105681	540370179.384884
373		540370179.932495	540370234.139611
374		540370234.647920	540370294.677651
375		540370295.354641	540370365.697459
376		540370366.339101	540370417.783351
377		540370418.161180	540370492.484636
378		540370493.193179	540370538.455685
379		540370538.838059	540370591.174714
380		540370591.637381	540370647.361150
381		540370647.847540	540370692.279303
382		540370692.695075	540370752.965587
383	31	540421717.393143	540421876.690238
