1	555003860.206711
z09mangatown	Hero? I Quit A Long Time Ago	26	554704591.264122	B	http://m.mangatown.com/manga/hero_i_quit_a_long_time_ago	554704591.264122
1		552979356.535300	552979594.083505
2		552980529.784313	552980706.438654
3		552980706.869980	552980848.781919
4		552980944.394694	552980947.084620
5		552980947.581525	552980988.620422
6		552980990.161447	552981054.662462
7		552981055.139210	552981136.716275
8		552981137.157941	552981228.119422
9		552981228.598879	552981301.909023
10		552981302.998743	552981509.864930
11		552981510.352150	552981574.922667
12		552981575.694469	552981629.654792
13		552981630.009410	552981676.157467
14		552981683.648984	553009030.092409
15		553009031.163427	553009122.133408
16		553009122.833096	553009255.555417
17		553009256.389790	553010067.070472
18		553010067.824891	553010129.837215
19		553010130.470366	553010229.741167
20		553010230.394272	553010308.230135
21		553010308.827384	553010413.448358
22		553010414.100932	553010504.637908
23		553010505.341051	553010924.056196
24	18	553010924.690304	553011004.766257
25	15	553664413.196989	553664469.995285
26	18	554704591.264122	554704690.515406
