1	556733645.749976
z09mangatown	Konjiki no Moji Tsukai - Yuusha Yonin ni Makikomareta Unique Cheat	43	554788778.278124	L	http://m.mangatown.com/manga/konjiki_no_moji_tsukai_yuusha_yonin_ni_makikomareta_unique_cheat	554788778.278124
1		553406373.332765	553406525.486203
2		553406526.161227	553406609.141261
3		553406609.808991	553406668.441914
4		553406669.074633	553406825.736502
5		553406826.385890	553407130.112676
6		553407130.968414	553407280.873201
7		553407281.756757	553407364.293492
8		553407365.312155	553407462.545513
9		553407463.291922	553407535.401004
9.1		553407536.313861	553407613.818753
10		553407614.470638	553407704.456033
11		553407709.978806	553408354.058620
12		553408354.975631	553408451.579616
13		553408452.442219	553408533.330996
14		553408533.989075	553408641.404875
15		553408647.081959	553408790.111219
15.5		553408790.907659	553408854.667357
16		553408855.346557	553408977.290241
17		553408977.929739	553409095.908083
18		553409100.412744	553409179.383077
19		553409180.197145	553409288.137861
20		553409288.808914	553409392.157040
21		553409453.425394	553409485.410581
22		553436117.252180	553436340.138869
23		553436341.166679	553436507.347887
24		553436508.036858	553436623.300024
25		553436623.760473	553436721.189655
26		553436721.838684	553437065.786635
27		553437066.520945	553437163.890075
28		553437164.543917	553437280.293288
29		553437280.947305	553439560.099921
30		553439560.485481	553439712.726944
31		553439714.128836	553443026.134047
32		553443026.709069	553443152.646430
33		553443153.302414	553444649.604962
34		553444650.174813	553444718.674683
35		553444719.312382	553444820.830056
36		553444821.358607	553445944.306864
37	31	553445944.920083	553446183.113231
38	33	553493276.104964	553493445.488449
39	34	553711285.114847	553712031.032289
40	28	554040968.305440	554041214.726314
41	28	554297575.418754	554300933.158975
42	35	554773508.999766	554773640.479449
43	30	554788778.278124	554790507.002933
