1	567268021.328917
z09mangatown	Dragon Ball Chou	43	567267881.063039	L	http://m.mangatown.com/manga/dragon_ball_chou	567267881.063039
32	45	538587055.105792	538590418.314148
31		538590422.054062	538590422.054062
30		538590422.054062	538590422.054062
29		538590422.054062	538590422.054062
28		538590422.054062	538590422.054062
27		538590422.054062	538590422.054062
26		538590422.054062	538590422.054062
25		538590422.054062	538590422.054062
24		538590422.054062	538590422.054062
23		538590422.054062	538590422.054062
22		538590422.054062	538590422.054062
21		538590422.054062	538590422.054062
20		538590422.054062	538590422.054062
19		538590422.054062	538590422.054062
18		538590422.054062	538590422.054062
17		538590422.054062	538590422.054062
16		538590422.054062	538590422.054062
15		538590422.054062	538590422.054062
14		538590422.054062	538590422.054062
13		538590422.054062	538590422.054062
12		538590422.054062	538590422.054062
11		538590422.054062	538590422.054062
10		538590422.054062	538590422.054062
9		538590422.054062	538590422.054062
8		538590422.054062	538590422.054062
7		538590422.054062	538590422.054062
6		538590422.054062	538590422.054062
5		538590422.054062	538590422.054062
4		538590422.054062	538590422.054062
3		538590422.054062	538590422.054062
2		538590422.054062	538590422.054062
1		538590422.054062	538590422.054062
33	7	542127223.705003	542140668.022539
35	45	546265211.355169	546265351.222537
36	45	548689704.728062	548689713.227429
37	45	552316941.367208	552317085.889599
38	45	554046492.581869	554046711.891332
40	-	559428182.651627	559428185.257789
41	45	562082277.116936	562082397.678330
42	45	565022369.621607	565022526.408509
34		566412397.096617	566412397.096617
43	45	567267881.063039	567268021.328328
