1	544632071.710626
z09mangatown	Naruto	1	544561673.322528	L	http://www.mangatown.com/manga/naruto	544561673.322528
700.6	1	501102910.118054	501102912.468396
700.5		501102915.661043	501102915.661043
700.2		501102915.661043	501102915.661043
700.1		501102915.661043	501102915.661043
700		501102915.661043	501102915.661043
699.5		501102915.661043	501102915.661043
699.1		501102915.661043	501102915.661043
699		501102915.661043	501102915.661043
698		501102915.661043	501102915.661043
697		501102915.661043	501102915.661043
696.1		501102915.661043	501102915.661043
696		501102915.661043	501102915.661043
695.1		501102915.661043	501102915.661043
695		501102915.661043	501102915.661043
694.1		501102915.661043	501102915.661043
694		501102915.661043	501102915.661043
693.1		501102915.661043	501102915.661043
693		501102915.661043	501102915.661043
692.1		501102915.661043	501102915.661043
692		501102915.661043	501102915.661043
691.1		501102915.661043	501102915.661043
691		501102915.661043	501102915.661043
690.1		501102915.661043	501102915.661043
690		501102915.661043	501102915.661043
689.1		501102915.661043	501102915.661043
689		501102915.661043	501102915.661043
688.1		501102915.661043	501102915.661043
688		501102915.661043	501102915.661043
687.1		501102915.661043	501102915.661043
687		501102915.661043	501102915.661043
686.1		501102915.661043	501102915.661043
686		501102915.661043	501102915.661043
685.1		501102915.661043	501102915.661043
685		501102915.661043	501102915.661043
684.1		501102915.661043	501102915.661043
684		501102915.661043	501102915.661043
683.1		501102915.661043	501102915.661043
683		501102915.661043	501102915.661043
682.1		501102915.661043	501102915.661043
682		501102915.661043	501102915.661043
681.1		501102915.661043	501102915.661043
681		501102915.661043	501102915.661043
680		501102915.661043	501102915.661043
679		501102915.661043	501102915.661043
678		501102915.661043	501102915.661043
677		501102915.661043	501102915.661043
676		501102915.661043	501102915.661043
675		501102915.661043	501102915.661043
674		501102915.661043	501102915.661043
673		501102915.661043	501102915.661043
672		501102915.661043	501102915.661043
671		501102915.661043	501102915.661043
670		501102915.661043	501102915.661043
669		501102915.661043	501102915.661043
668		501102915.661043	501102915.661043
667		501102915.661043	501102915.661043
666		501102915.661043	501102915.661043
665		501102915.661043	501102915.661043
664		501102915.661043	501102915.661043
663		501102915.661043	501102915.661043
662		501102915.661043	501102915.661043
661		501102915.661043	501102915.661043
660		501102915.661043	501102915.661043
659		501102915.661043	501102915.661043
658		501102915.661043	501102915.661043
657		501102915.661043	501102915.661043
656.1		501102915.661043	501102915.661043
656		501102915.661043	501102915.661043
655.1		501102915.661043	501102915.661043
655		501102915.661043	501102915.661043
654.1		501102915.661043	501102915.661043
654		501102915.661043	501102915.661043
653.1		501102915.661043	501102915.661043
653		501102915.661043	501102915.661043
652.1		501102915.661043	501102915.661043
652		501102915.661043	501102915.661043
651.1		501102915.661043	501102915.661043
651		501102915.661043	501102915.661043
650.1		501102915.661043	501102915.661043
650		501102915.661043	501102915.661043
649.1		501102915.661043	501102915.661043
649		501102915.661043	501102915.661043
648.1		501102915.661043	501102915.661043
648		501102915.661043	501102915.661043
647.1		501102915.661043	501102915.661043
647		501102915.661043	501102915.661043
646.1		501102915.661043	501102915.661043
646		501102915.661043	501102915.661043
645.1		501102915.661043	501102915.661043
645		501102915.661043	501102915.661043
644.1		501102915.661043	501102915.661043
644		501102915.661043	501102915.661043
643.1		501102915.661043	501102915.661043
643		501102915.661043	501102915.661043
642.1		501102915.661043	501102915.661043
642		501102915.661043	501102915.661043
641.1		501102915.661043	501102915.661043
641		501102915.661043	501102915.661043
640.1		501102915.661043	501102915.661043
640		501102915.661043	501102915.661043
639.1		501102915.661043	501102915.661043
639		501102915.661043	501102915.661043
638.1		501102915.661043	501102915.661043
638		501102915.661043	501102915.661043
637.1		501102915.661043	501102915.661043
637		501102915.661043	501102915.661043
636.1		501102915.661043	501102915.661043
636		501102915.661043	501102915.661043
635.1		501102915.661043	501102915.661043
635		501102915.661043	501102915.661043
634.1		501102915.661043	501102915.661043
634		501102915.661043	501102915.661043
633		501102915.661043	501102915.661043
632		501102915.661043	501102915.661043
631		501102915.661043	501102915.661043
630		501102915.661043	501102915.661043
629		501102915.661043	501102915.661043
628		501102915.661043	501102915.661043
627		501102915.661043	501102915.661043
626		501102915.661043	501102915.661043
625		501102915.661043	501102915.661043
624		501102915.661043	501102915.661043
623		501102915.661043	501102915.661043
622		501102915.661043	501102915.661043
621		501102915.661043	501102915.661043
620		501102915.661043	501102915.661043
619		501102915.661043	501102915.661043
618		501102915.661043	501102915.661043
617		501102915.661043	501102915.661043
616		501102915.661043	501102915.661043
615		501102915.661043	501102915.661043
614		501102915.661043	501102915.661043
613		501102915.661043	501102915.661043
612		501102915.661043	501102915.661043
611		501102915.661043	501102915.661043
610		501102915.661043	501102915.661043
609		501102915.661043	501102915.661043
608		501102915.661043	501102915.661043
607		501102915.661043	501102915.661043
606		501102915.661043	501102915.661043
605		501102915.661043	501102915.661043
604		501102915.661043	501102915.661043
603		501102915.661043	501102915.661043
602		501102915.661043	501102915.661043
601		501102915.661043	501102915.661043
600		501102915.661043	501102915.661043
599		501102915.661043	501102915.661043
598		501102915.661043	501102915.661043
597		501102915.661043	501102915.661043
596		501102915.661043	501102915.661043
595		501102915.661043	501102915.661043
594		501102915.661043	501102915.661043
593		501102915.661043	501102915.661043
592		501102915.661043	501102915.661043
591		501102915.661043	501102915.661043
590		501102915.661043	501102915.661043
589		501102915.661043	501102915.661043
588		501102915.661043	501102915.661043
587		501102915.661043	501102915.661043
586		501102915.661043	501102915.661043
585		501102915.661043	501102915.661043
584		501102915.661043	501102915.661043
583		501102915.661043	501102915.661043
582		501102915.661043	501102915.661043
581		501102915.661043	501102915.661043
580		501102915.661043	501102915.661043
579		501102915.661043	501102915.661043
578		501102915.661043	501102915.661043
577		501102915.661043	501102915.661043
576		501102915.661043	501102915.661043
575		501102915.661043	501102915.661043
574		501102915.661043	501102915.661043
573		501102915.661043	501102915.661043
572		501102915.661043	501102915.661043
571		501102915.661043	501102915.661043
570		501102915.661043	501102915.661043
569		501102915.661043	501102915.661043
568		501102915.661043	501102915.661043
567		501102915.661043	501102915.661043
566		501102915.661043	501102915.661043
565		501102915.661043	501102915.661043
564		501102915.661043	501102915.661043
563		501102915.661043	501102915.661043
562		501102915.661043	501102915.661043
561		501102915.661043	501102915.661043
560		501102915.661043	501102915.661043
559		501102915.661043	501102915.661043
558		501102915.661043	501102915.661043
557		501102915.661043	501102915.661043
556		501102915.661043	501102915.661043
555		501102915.661043	501102915.661043
554		501102915.661043	501102915.661043
553		501102915.661043	501102915.661043
552		501102915.661043	501102915.661043
551		501102915.661043	501102915.661043
550		501102915.661043	501102915.661043
549		501102915.661043	501102915.661043
548		501102915.661043	501102915.661043
547		501102915.661043	501102915.661043
546		501102915.661043	501102915.661043
545		501102915.661043	501102915.661043
544		501102915.661043	501102915.661043
543		501102915.661043	501102915.661043
542		501102915.661043	501102915.661043
541		501102915.661043	501102915.661043
540		501102915.661043	501102915.661043
539		501102915.661043	501102915.661043
538		501102915.661043	501102915.661043
537		501102915.661043	501102915.661043
536		501102915.661043	501102915.661043
535		501102915.661043	501102915.661043
534		501102915.661043	501102915.661043
533		501102915.661043	501102915.661043
532		501102915.661043	501102915.661043
531		501102915.661043	501102915.661043
530		501102915.661043	501102915.661043
529		501102915.661043	501102915.661043
528		501102915.661043	501102915.661043
527		501102915.661043	501102915.661043
526		501102915.661043	501102915.661043
525		501102915.661043	501102915.661043
524		501102915.661043	501102915.661043
523		501102915.661043	501102915.661043
522		501102915.661043	501102915.661043
521		501102915.661043	501102915.661043
520		501102915.661043	501102915.661043
519		501102915.661043	501102915.661043
518		501102915.661043	501102915.661043
517		501102915.661043	501102915.661043
516		501102915.661043	501102915.661043
515		501102915.661043	501102915.661043
514		501102915.661043	501102915.661043
513		501102915.661043	501102915.661043
512		501102915.661043	501102915.661043
511		501102915.661043	501102915.661043
510		501102915.661043	501102915.661043
509		501102915.661043	501102915.661043
508		501102915.661043	501102915.661043
507		501102915.661043	501102915.661043
506		501102915.661043	501102915.661043
505		501102915.661043	501102915.661043
504		501102915.661043	501102915.661043
503		501102915.661043	501102915.661043
502		501102915.661043	501102915.661043
501		501102915.661043	501102915.661043
500		501102915.661043	501102915.661043
499		501102915.661043	501102915.661043
498		501102915.661043	501102915.661043
497		501102915.661043	501102915.661043
496		501102915.661043	501102915.661043
495		501102915.661043	501102915.661043
494		501102915.661043	501102915.661043
493		501102915.661043	501102915.661043
492		501102915.661043	501102915.661043
491		501102915.661043	501102915.661043
490		501102915.661043	501102915.661043
489		501102915.661043	501102915.661043
488		501102915.661043	501102915.661043
487		501102915.661043	501102915.661043
486		501102915.661043	501102915.661043
485		501102915.661043	501102915.661043
484		501102915.661043	501102915.661043
483		501102915.661043	501102915.661043
482		501102915.661043	501102915.661043
481		501102915.661043	501102915.661043
480		501102915.661043	501102915.661043
479		501102915.661043	501102915.661043
478		501102915.661043	501102915.661043
477		501102915.661043	501102915.661043
476		501102915.661043	501102915.661043
475		501102915.661043	501102915.661043
474		501102915.661043	501102915.661043
473		501102915.661043	501102915.661043
472		501102915.661043	501102915.661043
471		501102915.661043	501102915.661043
470		501102915.661043	501102915.661043
469		501102915.661043	501102915.661043
468		501102915.661043	501102915.661043
467		501102915.661043	501102915.661043
466		501102915.661043	501102915.661043
465		501102915.661043	501102915.661043
464		501102915.661043	501102915.661043
463		501102915.661043	501102915.661043
462		501102915.661043	501102915.661043
461		501102915.661043	501102915.661043
460		501102915.661043	501102915.661043
459		501102915.661043	501102915.661043
458		501102915.661043	501102915.661043
457		501102915.661043	501102915.661043
456		501102915.661043	501102915.661043
455		501102915.661043	501102915.661043
454		501102915.661043	501102915.661043
453		501102915.661043	501102915.661043
452		501102915.661043	501102915.661043
451		501102915.661043	501102915.661043
450		501102915.661043	501102915.661043
449		501102915.661043	501102915.661043
448		501102915.661043	501102915.661043
447		501102915.661043	501102915.661043
446		501102915.661043	501102915.661043
445		501102915.661043	501102915.661043
444		501102915.661043	501102915.661043
443		501102915.661043	501102915.661043
442		501102915.661043	501102915.661043
441		501102915.661043	501102915.661043
440		501102915.661043	501102915.661043
439		501102915.661043	501102915.661043
438		501102915.661043	501102915.661043
437		501102915.661043	501102915.661043
436		501102915.661043	501102915.661043
435		501102915.661043	501102915.661043
434		501102915.661043	501102915.661043
433		501102915.661043	501102915.661043
432		501102915.661043	501102915.661043
431		501102915.661043	501102915.661043
430		501102915.661043	501102915.661043
429		501102915.661043	501102915.661043
428		501102915.661043	501102915.661043
427		501102915.661043	501102915.661043
426		501102915.661043	501102915.661043
425		501102915.661043	501102915.661043
424		501102915.661043	501102915.661043
423		501102915.661043	501102915.661043
422		501102915.661043	501102915.661043
421		501102915.661043	501102915.661043
420.5		501102915.661043	501102915.661043
420		501102915.661043	501102915.661043
419		501102915.661043	501102915.661043
418		501102915.661043	501102915.661043
417		501102915.661043	501102915.661043
416		501102915.661043	501102915.661043
415		501102915.661043	501102915.661043
414		501102915.661043	501102915.661043
413		501102915.661043	501102915.661043
412		501102915.661043	501102915.661043
411		501102915.661043	501102915.661043
410		501102915.661043	501102915.661043
409		501102915.661043	501102915.661043
408		501102915.661043	501102915.661043
407		501102915.661043	501102915.661043
406		501102915.661043	501102915.661043
405		501102915.661043	501102915.661043
404		501102915.661043	501102915.661043
403		501102915.661043	501102915.661043
402		501102915.661043	501102915.661043
401		501102915.661043	501102915.661043
400		501102915.661043	501102915.661043
399		501102915.661043	501102915.661043
398		501102915.661043	501102915.661043
397		501102915.661043	501102915.661043
396		501102915.661043	501102915.661043
395		501102915.661043	501102915.661043
394		501102915.661043	501102915.661043
393		501102915.661043	501102915.661043
392		501102915.661043	501102915.661043
391		501102915.661043	501102915.661043
390		501102915.661043	501102915.661043
389		501102915.661043	501102915.661043
388		501102915.661043	501102915.661043
387		501102915.661043	501102915.661043
386		501102915.661043	501102915.661043
385		501102915.661043	501102915.661043
384		501102915.661043	501102915.661043
383		501102915.661043	501102915.661043
382		501102915.661043	501102915.661043
381		501102915.661043	501102915.661043
380		501102915.661043	501102915.661043
379		501102915.661043	501102915.661043
378		501102915.661043	501102915.661043
377		501102915.661043	501102915.661043
376		501102915.661043	501102915.661043
375		501102915.661043	501102915.661043
374		501102915.661043	501102915.661043
373		501102915.661043	501102915.661043
372		501102915.661043	501102915.661043
371		501102915.661043	501102915.661043
370		501102915.661043	501102915.661043
369		501102915.661043	501102915.661043
368		501102915.661043	501102915.661043
367		501102915.661043	501102915.661043
366		501102915.661043	501102915.661043
365		501102915.661043	501102915.661043
364		501102915.661043	501102915.661043
363		501102915.661043	501102915.661043
362		501102915.661043	501102915.661043
361		501102915.661043	501102915.661043
360		501102915.661043	501102915.661043
359		501102915.661043	501102915.661043
358		501102915.661043	501102915.661043
357		501102915.661043	501102915.661043
356		501102915.661043	501102915.661043
355		501102915.661043	501102915.661043
354		501102915.661043	501102915.661043
353		501102915.661043	501102915.661043
352		501102915.661043	501102915.661043
351		501102915.661043	501102915.661043
350		501102915.661043	501102915.661043
349		501102915.661043	501102915.661043
348		501102915.661043	501102915.661043
347		501102915.661043	501102915.661043
346		501102915.661043	501102915.661043
345.1		501102915.661043	501102915.661043
345		501102915.661043	501102915.661043
344		501102915.661043	501102915.661043
343		501102915.661043	501102915.661043
342		501102915.661043	501102915.661043
341		501102915.661043	501102915.661043
340		501102915.661043	501102915.661043
339		501102915.661043	501102915.661043
338		501102915.661043	501102915.661043
337		501102915.661043	501102915.661043
336		501102915.661043	501102915.661043
335		501102915.661043	501102915.661043
334		501102915.661043	501102915.661043
333		501102915.661043	501102915.661043
332		501102915.661043	501102915.661043
331		501102915.661043	501102915.661043
330		501102915.661043	501102915.661043
329		501102915.661043	501102915.661043
328		501102915.661043	501102915.661043
327		501102915.661043	501102915.661043
326		501102915.661043	501102915.661043
325		501102915.661043	501102915.661043
324		501102915.661043	501102915.661043
323		501102915.661043	501102915.661043
322		501102915.661043	501102915.661043
321		501102915.661043	501102915.661043
320		501102915.661043	501102915.661043
319		501102915.661043	501102915.661043
318		501102915.661043	501102915.661043
317		501102915.661043	501102915.661043
316		501102915.661043	501102915.661043
315		501102915.661043	501102915.661043
314		501102915.661043	501102915.661043
313		501102915.661043	501102915.661043
312		501102915.661043	501102915.661043
311		501102915.661043	501102915.661043
310		501102915.661043	501102915.661043
309		501102915.661043	501102915.661043
308		501102915.661043	501102915.661043
307		501102915.661043	501102915.661043
306		501102915.661043	501102915.661043
305		501102915.661043	501102915.661043
304		501102915.661043	501102915.661043
303		501102915.661043	501102915.661043
302		501102915.661043	501102915.661043
301		501102915.661043	501102915.661043
300		501102915.661043	501102915.661043
299		501102915.661043	501102915.661043
298		501102915.661043	501102915.661043
297		501102915.661043	501102915.661043
296		501102915.661043	501102915.661043
295		501102915.661043	501102915.661043
294		501102915.661043	501102915.661043
293		501102915.661043	501102915.661043
292		501102915.661043	501102915.661043
291		501102915.661043	501102915.661043
290		501102915.661043	501102915.661043
289		501102915.661043	501102915.661043
288		501102915.661043	501102915.661043
287		501102915.661043	501102915.661043
286		501102915.661043	501102915.661043
285		501102915.661043	501102915.661043
284		501102915.661043	501102915.661043
283		501102915.661043	501102915.661043
282		501102915.661043	501102915.661043
281		501102915.661043	501102915.661043
280		501102915.661043	501102915.661043
279		501102915.661043	501102915.661043
278		501102915.661043	501102915.661043
277		501102915.661043	501102915.661043
276		501102915.661043	501102915.661043
275		501102915.661043	501102915.661043
274		501102915.661043	501102915.661043
273		501102915.661043	501102915.661043
272		501102915.661043	501102915.661043
271		501102915.661043	501102915.661043
270		501102915.661043	501102915.661043
269		501102915.661043	501102915.661043
268		501102915.661043	501102915.661043
267		501102915.661043	501102915.661043
266		501102915.661043	501102915.661043
265		501102915.661043	501102915.661043
264		501102915.661043	501102915.661043
263		501102915.661043	501102915.661043
262		501102915.661043	501102915.661043
261		501102915.661043	501102915.661043
260		501102915.661043	501102915.661043
259		501102915.661043	501102915.661043
258		501102915.661043	501102915.661043
257		501102915.661043	501102915.661043
256		501102915.661043	501102915.661043
255		501102915.661043	501102915.661043
254		501102915.661043	501102915.661043
253		501102915.661043	501102915.661043
252		501102915.661043	501102915.661043
251		501102915.661043	501102915.661043
250		501102915.661043	501102915.661043
249		501102915.661043	501102915.661043
248		501102915.661043	501102915.661043
247	10	519023913.571077	519023972.232433
246		519023830.273432	519023912.827939
245		519023802.734109	519023829.689215
244		501102915.661043	501102915.661043
243		501102915.661043	501102915.661043
242		501102915.661043	501102915.661043
241		501102915.661043	501102915.661043
240		501102915.661043	501102915.661043
239	3	519023603.715896	519023703.458959
238		519023509.580848	519023603.096022
237		519023425.676249	519023508.940966
236		519023354.041680	519023423.984283
235		519023257.762516	519023353.311106
234		519023220.840218	519023257.307467
233		501102915.661043	501102915.661043
232		501102915.661043	501102915.661043
231		501102915.661043	501102915.661043
230		501102915.661043	501102915.661043
229		501102915.661043	501102915.661043
228		501102915.661043	501102915.661043
227		501102915.661043	501102915.661043
226		501102915.661043	501102915.661043
225		501102915.661043	501102915.661043
224		501102915.661043	501102915.661043
223		501102915.661043	501102915.661043
222		501102915.661043	501102915.661043
221		501102915.661043	501102915.661043
220		501102915.661043	501102915.661043
219		501102915.661043	501102915.661043
218		501102915.661043	501102915.661043
217		501102915.661043	501102915.661043
216		501102915.661043	501102915.661043
215		501102915.661043	501102915.661043
214		501102915.661043	501102915.661043
213		501102915.661043	501102915.661043
212		501102915.661043	501102915.661043
211		501102915.661043	501102915.661043
210		501102915.661043	501102915.661043
209		501102915.661043	501102915.661043
208		501102915.661043	501102915.661043
207		501102915.661043	501102915.661043
206		501102915.661043	501102915.661043
205		501102915.661043	501102915.661043
204		501102915.661043	501102915.661043
203		501102915.661043	501102915.661043
202		501102915.661043	501102915.661043
201		501102915.661043	501102915.661043
200		501102915.661043	501102915.661043
199		501102915.661043	501102915.661043
198		501102915.661043	501102915.661043
197		501102915.661043	501102915.661043
196		501102915.661043	501102915.661043
195		501102915.661043	501102915.661043
194		501102915.661043	501102915.661043
193		501102915.661043	501102915.661043
192		501102915.661043	501102915.661043
191		501102915.661043	501102915.661043
190		501102915.661043	501102915.661043
189		501102915.661043	501102915.661043
188		501102915.661043	501102915.661043
187		501102915.661043	501102915.661043
186		501102915.661043	501102915.661043
185		501102915.661043	501102915.661043
184		501102915.661043	501102915.661043
183		501102915.661043	501102915.661043
182		501102915.661043	501102915.661043
181		501102915.661043	501102915.661043
180		501102915.661043	501102915.661043
179		501102915.661043	501102915.661043
178		501102915.661043	501102915.661043
177		501102915.661043	501102915.661043
176		501102915.661043	501102915.661043
175		501102915.661043	501102915.661043
174		501102915.661043	501102915.661043
173	18	519023132.155097	519023201.054718
172		519023003.051915	519023131.364716
171		519022937.062859	519023002.306804
170		501102915.661043	501102915.661043
169		501102915.661043	501102915.661043
168	19	519022875.740802	519022933.287099
167		519022818.454261	519022875.274105
166		519022734.757566	519022817.712135
165		519022668.822335	519022733.972087
164		501102915.661043	501102915.661043
163		501102915.661043	501102915.661043
162		501102915.661043	501102915.661043
161		501102915.661043	501102915.661043
160		501102915.661043	501102915.661043
159		501102915.661043	501102915.661043
158		501102915.661043	501102915.661043
157		501102915.661043	501102915.661043
156		501102915.661043	501102915.661043
155		501102915.661043	501102915.661043
154		501102915.661043	501102915.661043
153		501102915.661043	501102915.661043
152		501102915.661043	501102915.661043
151		501102915.661043	501102915.661043
150	1	519022655.497061	519022659.412264
149		519022549.915161	519022654.750075
148		519022359.399804	519022549.143615
147		519022305.871652	519022358.762838
146		519022239.601452	519022305.177719
145		519022193.480078	519022239.095469
144		519022101.764988	519022192.692549
143		519021997.727655	519022100.786379
142		519021895.067592	519021997.204370
141		519021815.506633	519021894.323241
140		519021715.383991	519021814.668447
139		519021600.679269	519021714.561761
138		519021528.195362	519021599.987171
137		519021437.125688	519021527.398797
136		519021359.803620	519021436.393199
135		519021294.292715	519021359.054846
134		519021214.261306	519021293.567043
133		519021124.550576	519021213.171296
132		519021078.638941	519021122.105572
131		519021016.524463	519021078.195583
130	1	519019935.062902	519019937.914349
129		518995585.218451	519019934.444721
128		518995490.867407	518995584.608143
127		518995455.010934	518995490.351395
126		518995403.103358	518995454.338807
125	19	518994650.239830	518994698.691276
124		518994576.798597	518994649.475268
123		518994522.787583	518994576.122012
122		518994420.243650	518994522.018005
121		518994342.428874	518994419.526893
120		518994264.011384	518994341.672578
119		518994196.509443	518994263.301346
118		518994125.364429	518994195.812294
117		518994019.268922	518994124.674227
116		518993944.250380	518994018.599105
115		518993290.560871	518993943.586815
114		518993201.792382	518993289.871023
113		518993125.753040	518993200.947086
112		518993075.729989	518993125.175388
111		518993017.385746	518993075.005503
110		518992954.433385	518993016.668588
109		518992881.529741	518992953.855051
108		518992839.206651	518992880.976703
107		518992791.361693	518992838.489976
106		518992728.971948	518992790.571649
105		518992562.914846	518992728.310442
104		518992455.242970	518992562.138592
103		518992376.925415	518992454.478815
102		518992271.530702	518992376.223329
101		518992178.181935	518992270.665810
100		518992119.040279	518992177.493823
99		518991980.481022	518992118.330541
98		518991770.936731	518991979.613579
97		518991698.132431	518991770.283078
96		518991575.060693	518991697.445210
95		518991521.197328	518991574.236972
94		518991405.857940	518991520.516837
93		518991308.589166	518991405.042550
92		518991211.838539	518991307.903339
91		518991050.544393	518991211.119589
90		518990941.734034	518991049.818964
89		518990807.073090	518990941.031090
88		518990744.184989	518990806.254993
87		518990653.774902	518990743.501262
86		518990580.248727	518990652.961972
85		518990450.398147	518990579.474089
84		518990368.950944	518990449.615195
83		518990290.392139	518990368.243602
82		518990182.056206	518990289.694585
81		518973035.864168	518973105.528850
80		518972974.129229	518973035.157021
79		518972823.403008	518972973.447872
78		518972753.221055	518972822.724381
77		518972646.199382	518972751.484596
76		518972569.716484	518972645.444905
75		518972498.608883	518972569.086837
74		518972400.758541	518972498.034430
73		518972342.210166	518972399.978408
72		518972275.803761	518972341.441745
71		518972203.601285	518972275.069996
70		518972127.931941	518972202.882380
69		518972039.484350	518972127.193808
68		518971963.459733	518972038.787768
67		518971875.137202	518971962.750033
66		518971768.003360	518971874.260548
65		518971694.365816	518971767.187077
64		518971609.737394	518971693.649015
63		518971531.113264	518971609.316216
62		518971461.387549	518971530.387906
61		518971419.097055	518971460.667873
60		518971339.381611	518971418.364018
59		518971289.541852	518971338.740059
58		518971219.414242	518971288.823928
57		518971121.438508	518971218.617893
56		518971039.589768	518971120.628103
55		518971036.306937	518971039.202554
54		518970870.134041	518970925.898455
53		518970803.073801	518970869.344340
52		518970732.501949	518970802.356943
51		518970333.240964	518970731.792572
50		518970268.584831	518970332.421511
49		518970186.533248	518970267.900818
48		518970109.012702	518970185.595258
47		518970050.158479	518970108.367373
46		518969911.167283	518970049.405006
45		518969515.774266	518969910.358630
44		518968849.320635	518968982.815495
43		518968718.316496	518968848.596561
42		518968619.196412	518968717.597952
41		518968491.684024	518968618.441734
40		518968409.151596	518968491.000600
39		518968008.821760	518968408.378862
38		518940863.457518	518968008.174444
37		518940787.569888	518940862.721260
36		518940668.893116	518940786.849541
35		518940558.536558	518940668.141741
34		518940447.754849	518940557.818501
33		518940213.237546	518940304.318224
32		518940127.414862	518940212.445254
31		518940069.443484	518940126.472813
30		518940020.705918	518940068.721141
29		518939965.851714	518940019.963807
28		518939907.161976	518939965.043242
27		518939847.383038	518939906.420854
26	-	518939750.223867	544631310.427200
25		518939674.104045	518939747.910558
24		518939617.152244	518939673.222850
23		518939563.605461	518939616.451736
22		518939480.647006	518939562.848648
21		518939406.855242	518939479.809660
20	-	518939321.364049	544631544.802719
19		518939241.692648	518939319.532688
18		518939132.038970	518939241.010718
17		518939028.952430	518939130.286753
16		518938757.221498	518939028.257194
15		518938697.890386	518938756.412603
14		518938623.484129	518938697.158361
13		518938558.639451	518938622.770352
12		518938469.531784	518938557.939873
11		518938364.069315	518938468.760225
10		518938293.712521	518938363.352972
9		518938145.539068	518938292.998979
8		518938005.892726	518938144.843016
7		518937911.012173	518938005.253447
6		518937827.598514	518937910.344744
5		518937509.112971	518937826.850102
4		518937359.330081	518937508.336977
3		518937179.536069	518937358.674459
2		518937008.242938	518937147.361034
1	-	544561673.322528	544632070.170664
0		544561491.018033	544561671.603936
