1	565200442.515619
z09mangatown	Arte	11	565200264.376654	L	http://m.mangatown.com/manga/arte/	565200264.376654
1		565039729.369950	565039893.289880
2		565039894.064373	565040036.469957
3		565112257.216051	565112528.638793
4		565112529.080972	565112671.678011
5		565112672.271618	565112801.217684
6		565112801.783656	565113626.578551
7		565113627.066314	565113795.936177
8		565138785.536188	565139041.220087
9		565199652.740825	565199875.539342
10		565199876.019033	565200263.775957
11	33	565200264.376654	565200441.155061
