1	555513567.750708
z09mangatown	ACT-AGE	21	555513560.193628	L	http://m.mangatown.com/manga/act_age	555513560.193628
1		550557595.677360	550557845.907279
2		550557846.571277	550558372.530061
4		550584926.872861	550585409.195710
5		550585409.851660	550585509.397034
6	21	550585509.994311	550585604.199337
3		551053673.515448	551053673.515448
7	24	551535826.703968	551535886.901718
8	19	552160444.515705	552160544.687850
9	20	552667127.476869	552667270.720525
10		552777402.401274	552777490.772609
12	18	552777491.357579	552777508.631755
11		553447982.074661	553447982.074661
21	8	555513560.193628	555513566.528535
