1	556732524.550788
z09mangatown	Koi no Kotoba	13.2	540965114.362671	L	http://m.mangatown.com/manga/koi_no_kotoba	540965114.362671
1		540962492.595695	540962636.429776
2		540962637.132117	540964174.861828
3		540964175.418685	540964271.820854
4		540964272.505001	540964371.426553
5		540964372.042550	540964444.730455
6		540964445.380776	540964504.317638
7		540964504.971177	540964557.637129
8		540964558.228814	540964659.993195
9		540964660.623509	540964701.262762
10		540964701.643597	540964801.115021
11		540964801.736728	540964890.587596
12		540964891.216854	540965006.425839
13		540965007.004485	540965094.563568
13.1		540965095.196241	540965113.894135
13.2	3	540965114.362671	540965120.119672
