1	557942360.119577
z09mangatown	Netoge no Yome wa Onnanoko ja Nai to Omotta?	21	543984148.834652	L	http://m.mangatown.com/manga/netoge_no_yome_wa_onnanoko_ja_nai_to_omotta	543984148.834652
15		542217797.398090	542217940.823800
16		542217941.414815	542218393.554632
17		542218394.033699	542218603.048817
18		542218637.122139	542218654.252026
14		542218632.553068	542218632.553068
13		542218632.553068	542218632.553068
12		542218632.553068	542218632.553068
11		542218632.553068	542218632.553068
10		542218632.553068	542218632.553068
9		542218632.553068	542218632.553068
8		542218632.553068	542218632.553068
7		542218632.553068	542218632.553068
6		542218632.553068	542218632.553068
5		542218632.553068	542218632.553068
4		542218632.553068	542218632.553068
3		542218632.553068	542218632.553068
2		542218632.553068	542218632.553068
1		542218632.553068	542218632.553068
19	32	542218654.603763	542218828.575122
20	31	542555306.423562	542555626.304168
21	29	543984148.834652	543987150.584287
