1	555951199.955112
z09mangatown	Karate Shoukoushi Kohinata Minoru	468	554845450.467763	L	http://m.mangatown.com/manga/karate_shoukoushi_kohinata_minoru	554845450.467763
441		518649480.916332	518649480.916332
440		518649480.916332	518649480.916332
439		518649480.916332	518649480.916332
438		518649480.916332	518649480.916332
437		518649480.916332	518649480.916332
436		518649480.916332	518649480.916332
435		518649480.916332	518649480.916332
434		518649480.916332	518649480.916332
433		518649480.916332	518649480.916332
432		518649480.916332	518649480.916332
431		518649480.916332	518649480.916332
430		518649480.916332	518649480.916332
429		518649480.916332	518649480.916332
428		518649480.916332	518649480.916332
427		518649480.916332	518649480.916332
426		518649480.916332	518649480.916332
425		518649480.916332	518649480.916332
424		518649480.916332	518649480.916332
423		518649480.916332	518649480.916332
422		518649480.916332	518649480.916332
421		518649480.916332	518649480.916332
420		518649480.916332	518649480.916332
419		518649480.916332	518649480.916332
418		518649480.916332	518649480.916332
417		518649480.916332	518649480.916332
416		518649480.916332	518649480.916332
415		518649480.916332	518649480.916332
414		518649480.916332	518649480.916332
413		518649480.916332	518649480.916332
412		518649480.916332	518649480.916332
411		518649480.916332	518649480.916332
410		518649480.916332	518649480.916332
409		518649480.916332	518649480.916332
408		518649480.916332	518649480.916332
407		518649480.916332	518649480.916332
406		518649480.916332	518649480.916332
405		518649480.916332	518649480.916332
404		518649480.916332	518649480.916332
403		518649480.916332	518649480.916332
402		518649480.916332	518649480.916332
401		518649480.916332	518649480.916332
400		518649480.916332	518649480.916332
399		518649480.916332	518649480.916332
398		518649480.916332	518649480.916332
397		518649480.916332	518649480.916332
396		518649480.916332	518649480.916332
395		518649480.916332	518649480.916332
394		518649480.916332	518649480.916332
393		518649480.916332	518649480.916332
392		518649480.916332	518649480.916332
391		518649480.916332	518649480.916332
390		518649480.916332	518649480.916332
389		518649480.916332	518649480.916332
388		518649480.916332	518649480.916332
387		518649480.916332	518649480.916332
386		518649480.916332	518649480.916332
385		518649480.916332	518649480.916332
384		518649480.916332	518649480.916332
383		518649480.916332	518649480.916332
382		518649480.916332	518649480.916332
381		518649480.916332	518649480.916332
380		518649480.916332	518649480.916332
379		518649480.916332	518649480.916332
378		518649480.916332	518649480.916332
377		518649480.916332	518649480.916332
376		518649480.916332	518649480.916332
375		518649480.916332	518649480.916332
374		518649480.916332	518649480.916332
373		518649480.916332	518649480.916332
372		518649480.916332	518649480.916332
371		518649480.916332	518649480.916332
370		518649480.916332	518649480.916332
369		518649480.916332	518649480.916332
368		518649480.916332	518649480.916332
367		518649480.916332	518649480.916332
366		518649480.916332	518649480.916332
365		518649480.916332	518649480.916332
364		518649480.916332	518649480.916332
363		518649480.916332	518649480.916332
362		518649480.916332	518649480.916332
361		518649480.916332	518649480.916332
360		518649480.916332	518649480.916332
359		518649480.916332	518649480.916332
358		518649480.916332	518649480.916332
357		518649480.916332	518649480.916332
356		518649480.916332	518649480.916332
355		518649480.916332	518649480.916332
354		518649480.916332	518649480.916332
353		518649480.916332	518649480.916332
352		518649480.916332	518649480.916332
351		518649480.916332	518649480.916332
350		518649480.916332	518649480.916332
349		518649480.916332	518649480.916332
348		518649480.916332	518649480.916332
347		518649480.916332	518649480.916332
346		518649480.916332	518649480.916332
345		518649480.916332	518649480.916332
344		518649480.916332	518649480.916332
343		518649480.916332	518649480.916332
342		518649480.916332	518649480.916332
341		518649480.916332	518649480.916332
340		518649480.916332	518649480.916332
339		518649480.916332	518649480.916332
338		518649480.916332	518649480.916332
337		518649480.916332	518649480.916332
336		518649480.916332	518649480.916332
335		518649480.916332	518649480.916332
334		518649480.916332	518649480.916332
333		518649480.916332	518649480.916332
332		518649480.916332	518649480.916332
331		518649480.916332	518649480.916332
330		518649480.916332	518649480.916332
329		518649480.916332	518649480.916332
328		518649480.916332	518649480.916332
327		518649480.916332	518649480.916332
326		518649480.916332	518649480.916332
325		518649480.916332	518649480.916332
324		518649480.916332	518649480.916332
323		518649480.916332	518649480.916332
322		518649480.916332	518649480.916332
321		518649480.916332	518649480.916332
320		518649480.916332	518649480.916332
319		518649480.916332	518649480.916332
318		518649480.916332	518649480.916332
317		518649480.916332	518649480.916332
316		518649480.916332	518649480.916332
315		518649480.916332	518649480.916332
314		518649480.916332	518649480.916332
313		518649480.916332	518649480.916332
312		518649480.916332	518649480.916332
311		518649480.916332	518649480.916332
310		518649480.916332	518649480.916332
309		518649480.916332	518649480.916332
308		518649480.916332	518649480.916332
307		518649480.916332	518649480.916332
306		518649480.916332	518649480.916332
305		518649480.916332	518649480.916332
304		518649480.916332	518649480.916332
303		518649480.916332	518649480.916332
302		518649480.916332	518649480.916332
301		518649480.916332	518649480.916332
300		518649480.916332	518649480.916332
299		518649480.916332	518649480.916332
298		518649480.916332	518649480.916332
297		518649480.916332	518649480.916332
296		518649480.916332	518649480.916332
295		518649480.916332	518649480.916332
294		518649480.916332	518649480.916332
293		518649480.916332	518649480.916332
292		518649480.916332	518649480.916332
291		518649480.916332	518649480.916332
290		518649480.916332	518649480.916332
289		518649480.916332	518649480.916332
288		518649480.916332	518649480.916332
287		518649480.916332	518649480.916332
286		518649480.916332	518649480.916332
285		518649480.916332	518649480.916332
284		518649480.916332	518649480.916332
283		518649480.916332	518649480.916332
282		518649480.916332	518649480.916332
281		518649480.916332	518649480.916332
280		518649480.916332	518649480.916332
279		518649480.916332	518649480.916332
278		518649480.916332	518649480.916332
277		518649480.916332	518649480.916332
276		518649480.916332	518649480.916332
275		518649480.916332	518649480.916332
274		518649480.916332	518649480.916332
273		518649480.916332	518649480.916332
272		518649480.916332	518649480.916332
271		518649480.916332	518649480.916332
270		518649480.916332	518649480.916332
269		518649480.916332	518649480.916332
268		518649480.916332	518649480.916332
267		518649480.916332	518649480.916332
266		518649480.916332	518649480.916332
265		518649480.916332	518649480.916332
264		518649480.916332	518649480.916332
263		518649480.916332	518649480.916332
262		518649480.916332	518649480.916332
261		518649480.916332	518649480.916332
260		518649480.916332	518649480.916332
259		518649480.916332	518649480.916332
258		518649480.916332	518649480.916332
257		518649480.916332	518649480.916332
256		518649480.916332	518649480.916332
255		518649480.916332	518649480.916332
254		518649480.916332	518649480.916332
253		518649480.916332	518649480.916332
252		518649480.916332	518649480.916332
251		518649480.916332	518649480.916332
250		518649480.916332	518649480.916332
249		518649480.916332	518649480.916332
248		518649480.916332	518649480.916332
247		518649480.916332	518649480.916332
246		518649480.916332	518649480.916332
245		518649480.916332	518649480.916332
244		518649480.916332	518649480.916332
243		518649480.916332	518649480.916332
242		518649480.916332	518649480.916332
241		518649480.916332	518649480.916332
240		518649480.916332	518649480.916332
239		518649480.916332	518649480.916332
238		518649480.916332	518649480.916332
237		518649480.916332	518649480.916332
236		518649480.916332	518649480.916332
235		518649480.916332	518649480.916332
234		518649480.916332	518649480.916332
233		518649480.916332	518649480.916332
232		518649480.916332	518649480.916332
231		518649480.916332	518649480.916332
230		518649480.916332	518649480.916332
229		518649480.916332	518649480.916332
228		518649480.916332	518649480.916332
227		518649480.916332	518649480.916332
226		518649480.916332	518649480.916332
225		518649480.916332	518649480.916332
224		518649480.916332	518649480.916332
223		518649480.916332	518649480.916332
222		518649480.916332	518649480.916332
221		518649480.916332	518649480.916332
220		518649480.916332	518649480.916332
219		518649480.916332	518649480.916332
218		518649480.916332	518649480.916332
217		518649480.916332	518649480.916332
216		518649480.916332	518649480.916332
215		518649480.916332	518649480.916332
214		518649480.916332	518649480.916332
213		518649480.916332	518649480.916332
212		518649480.916332	518649480.916332
211		518649480.916332	518649480.916332
210		518649480.916332	518649480.916332
209		518649480.916332	518649480.916332
208		518649480.916332	518649480.916332
207		518649480.916332	518649480.916332
206		518649480.916332	518649480.916332
205		518649480.916332	518649480.916332
204		518649480.916332	518649480.916332
203		518649480.916332	518649480.916332
202		518649480.916332	518649480.916332
201		518649480.916332	518649480.916332
200		518649480.916332	518649480.916332
199		518649480.916332	518649480.916332
198		518649480.916332	518649480.916332
197		518649480.916332	518649480.916332
196		518649480.916332	518649480.916332
195		518649480.916332	518649480.916332
194		518649480.916332	518649480.916332
193		518649480.916332	518649480.916332
192		518649480.916332	518649480.916332
191		518649480.916332	518649480.916332
190		518649480.916332	518649480.916332
189		518649480.916332	518649480.916332
188		518649480.916332	518649480.916332
187		518649480.916332	518649480.916332
186		518649480.916332	518649480.916332
185		518649480.916332	518649480.916332
184		518649480.916332	518649480.916332
183		518649480.916332	518649480.916332
182		518649480.916332	518649480.916332
181		518649480.916332	518649480.916332
180		518649480.916332	518649480.916332
179		518649480.916332	518649480.916332
178		518649480.916332	518649480.916332
177		518649480.916332	518649480.916332
176		518649480.916332	518649480.916332
175		518649480.916332	518649480.916332
174		518649480.916332	518649480.916332
173		518649480.916332	518649480.916332
172		518649480.916332	518649480.916332
171		518649480.916332	518649480.916332
170		518649480.916332	518649480.916332
169		518649480.916332	518649480.916332
168		518649480.916332	518649480.916332
167		518649480.916332	518649480.916332
166		518649480.916332	518649480.916332
165		518649480.916332	518649480.916332
164		518649480.916332	518649480.916332
163		518649480.916332	518649480.916332
162		518649480.916332	518649480.916332
161		518649480.916332	518649480.916332
160		518649480.916332	518649480.916332
159		518649480.916332	518649480.916332
158		518649480.916332	518649480.916332
157		518649480.916332	518649480.916332
156		518649480.916332	518649480.916332
155		518649480.916332	518649480.916332
154		518649480.916332	518649480.916332
153		518649480.916332	518649480.916332
152		518649480.916332	518649480.916332
151		518649480.916332	518649480.916332
150		518649480.916332	518649480.916332
149		518649480.916332	518649480.916332
148		518649480.916332	518649480.916332
147		518649480.916332	518649480.916332
146		518649480.916332	518649480.916332
145		518649480.916332	518649480.916332
144		518649480.916332	518649480.916332
143		518649480.916332	518649480.916332
142		518649480.916332	518649480.916332
141		518649480.916332	518649480.916332
140		518649480.916332	518649480.916332
139		518649480.916332	518649480.916332
138		518649480.916332	518649480.916332
137		518649480.916332	518649480.916332
136		518649480.916332	518649480.916332
135		518649480.916332	518649480.916332
134		518649480.916332	518649480.916332
133		518649480.916332	518649480.916332
132		518649480.916332	518649480.916332
131		518649480.916332	518649480.916332
130		518649480.916332	518649480.916332
129		518649480.916332	518649480.916332
128		518649480.916332	518649480.916332
127		518649480.916332	518649480.916332
126		518649480.916332	518649480.916332
125		518649480.916332	518649480.916332
124		518649480.916332	518649480.916332
123		518649480.916332	518649480.916332
122		518649480.916332	518649480.916332
121		518649480.916332	518649480.916332
120		518649480.916332	518649480.916332
119		518649480.916332	518649480.916332
118		518649480.916332	518649480.916332
117		518649480.916332	518649480.916332
116		518649480.916332	518649480.916332
115		518649480.916332	518649480.916332
114		518649480.916332	518649480.916332
113		518649480.916332	518649480.916332
112		518649480.916332	518649480.916332
111		518649480.916332	518649480.916332
110		518649480.916332	518649480.916332
109		518649480.916332	518649480.916332
108		518649480.916332	518649480.916332
107		518649480.916332	518649480.916332
106		518649480.916332	518649480.916332
105		518649480.916332	518649480.916332
104		518649480.916332	518649480.916332
103		518649480.916332	518649480.916332
102		518649480.916332	518649480.916332
101		518649480.916332	518649480.916332
100		518649480.916332	518649480.916332
99		518649480.916332	518649480.916332
98		518649480.916332	518649480.916332
97		518649480.916332	518649480.916332
96		518649480.916332	518649480.916332
95		518649480.916332	518649480.916332
94		518649480.916332	518649480.916332
93		518649480.916332	518649480.916332
92		518649480.916332	518649480.916332
91		518649480.916332	518649480.916332
90		518649480.916332	518649480.916332
89		518649480.916332	518649480.916332
88		518649480.916332	518649480.916332
87		518649480.916332	518649480.916332
86		518649480.916332	518649480.916332
85		518649480.916332	518649480.916332
84		518649480.916332	518649480.916332
83		518649480.916332	518649480.916332
82		518649480.916332	518649480.916332
81		518649480.916332	518649480.916332
80		518649480.916332	518649480.916332
79		518649480.916332	518649480.916332
78		518649480.916332	518649480.916332
77		518649480.916332	518649480.916332
76		518649480.916332	518649480.916332
75		518649480.916332	518649480.916332
74		518649480.916332	518649480.916332
73		518649480.916332	518649480.916332
72		518649480.916332	518649480.916332
71		518649480.916332	518649480.916332
70		518649480.916332	518649480.916332
69		518649480.916332	518649480.916332
68		518649480.916332	518649480.916332
67		518649480.916332	518649480.916332
66		518649480.916332	518649480.916332
65		518649480.916332	518649480.916332
64		518649480.916332	518649480.916332
63		518649480.916332	518649480.916332
62		518649480.916332	518649480.916332
61		518649480.916332	518649480.916332
60		518649480.916332	518649480.916332
59		518649480.916332	518649480.916332
58		518649480.916332	518649480.916332
57		518649480.916332	518649480.916332
56		518649480.916332	518649480.916332
55		518649480.916332	518649480.916332
54		518649480.916332	518649480.916332
53		518649480.916332	518649480.916332
52		518649480.916332	518649480.916332
51		518649480.916332	518649480.916332
50		518649480.916332	518649480.916332
49		518649480.916332	518649480.916332
48		518649480.916332	518649480.916332
47		518649480.916332	518649480.916332
46		518649480.916332	518649480.916332
45		518649480.916332	518649480.916332
44		518649480.916332	518649480.916332
43		518649480.916332	518649480.916332
42		518649480.916332	518649480.916332
41		518649480.916332	518649480.916332
40		518649480.916332	518649480.916332
39		518649480.916332	518649480.916332
38		518649480.916332	518649480.916332
37		518649480.916332	518649480.916332
36		518649480.916332	518649480.916332
35		518649480.916332	518649480.916332
34		518649480.916332	518649480.916332
33		518649480.916332	518649480.916332
32		518649480.916332	518649480.916332
31		518649480.916332	518649480.916332
30		518649480.916332	518649480.916332
29		518649480.916332	518649480.916332
28		518649480.916332	518649480.916332
27		518649480.916332	518649480.916332
26		518649480.916332	518649480.916332
25		518649480.916332	518649480.916332
24		518649480.916332	518649480.916332
23		518649480.916332	518649480.916332
22		518649480.916332	518649480.916332
21		518649480.916332	518649480.916332
20		518649480.916332	518649480.916332
19		518649480.916332	518649480.916332
18		518649480.916332	518649480.916332
17		518649480.916332	518649480.916332
16		518649480.916332	518649480.916332
15		518649480.916332	518649480.916332
14		518649480.916332	518649480.916332
13		518649480.916332	518649480.916332
12		518649480.916332	518649480.916332
11		518649480.916332	518649480.916332
10		518649480.916332	518649480.916332
9		518649480.916332	518649480.916332
8		518649480.916332	518649480.916332
7		518649480.916332	518649480.916332
6		518649480.916332	518649480.916332
5		518649480.916332	518649480.916332
4		518649480.916332	518649480.916332
3		518649480.916332	518649480.916332
2		518649480.916332	518649480.916332
1		518649480.916332	518649480.916332
442	20	519485132.021292	519485207.389340
443	21	521164239.799972	521164332.475417
444	21	525620705.736529	525620810.950123
445	27	527605716.298115	527605852.581298
VOL32 33		527605705.613475	527605705.613475
446		532908167.372311	532908270.149555
447	21	532908270.766786	532908572.789959
448	21	533454283.779431	533454551.970345
449	3	536052617.762925	536052622.764774
450	21	537687846.288137	537687895.451670
451	20	540872072.649647	540872141.243413
452	20	541301930.896860	541302033.193631
453	19	541776064.129375	541776177.096105
454	21	542263059.980750	542263163.435364
455	26	542884065.811286	542884230.245159
456	20	543730976.296763	543731066.278103
457	21	544564409.539302	544564489.475324
459	21	545085285.471963	545085391.531456
460	21	545449786.076986	545449864.330726
461	21	546367389.440315	546367860.277716
462	20	546750529.552567	546750639.784618
463	21	548356600.320362	548357037.337682
464		551557811.604905	551557813.032705
465	-	551557814.390135	551557816.095601
466	21	552777680.982169	552777809.382425
468	21	554845450.467763	554845531.583041
