1	555950202.364417
z09mangatown	Jahy-sama Won't Be Discouraged!	19	555548699.806596	L	http://m.mangatown.com/manga/jahy_sama_won_t_be_discouraged	555548699.806596
0		555461761.253881	555461952.004029
1		555461952.648949	555468530.948486
2		555468531.667842	555468619.418858
3		555468620.131454	555468672.401083
4		555468672.763517	555468711.851730
5		555468712.218926	555469022.241016
6		555469022.961146	555469408.027351
7		555469408.602488	555469614.300649
8		555469614.992877	555480008.158020
10		555480008.897948	555480086.844524
11		555548293.719612	555548340.417540
12		555548342.017636	555548396.572706
13		555548397.209322	555548451.972902
14		555548452.621207	555548505.292453
15		555548505.959766	555548565.662045
16		555548566.375624	555548608.199397
17		555548608.875966	555548653.333507
18		555548653.976439	555548699.154354
19	17	555548699.806596	555548734.140611
