1	558986946.636446
z09mangatown	When Winter Comes to the Way Station	12	558971437.154436	B	http://m.mangatown.com/manga/when_winter_comes_to_the_way_station	558971437.154436
2		551159489.947790	551159656.009610
3		551159656.734917	551159779.964761
4		551159780.741046	551160326.203489
5		551160326.804369	551160454.649290
6		551160737.089518	551160931.478631
7		551160932.102502	551161557.337407
8	-	551161557.937516	552588609.226342
9	8	551161742.753819	551161864.845731
10	8	552588612.499505	552588728.759191
11	8	553461239.413521	553461489.721604
12	8	558971437.154436	558971539.864604
