1	556737499.650408
z09mangatown	LV999 no Murabito	14	556723723.740429	L	http://m.mangatown.com/manga/lv999_no_murabito	556723723.740429
1		547292770.848245	547292874.119939
2		547292874.719491	547293074.945195
3		547293075.621426	547293730.141832
4		547293730.628202	547294182.798701
5		547294183.502432	547294350.338262
6		547294350.995562	547306083.446004
7		547306083.971750	547306187.563363
8		547306188.047001	547306287.604483
9		547306288.240346	547306354.124644
10		547306354.613947	547306460.404253
11		547306460.928473	547306526.620626
12	30	547306527.267815	547306572.155276
13	28	549649680.595664	549649795.377185
14	34	556723723.740429	556724431.679672
