1	557328661.154159
z09mangatown	The Duke of Death and his Black Maid	49	557327967.227519	L	http://m.mangatown.com/manga/the_duke_of_death_and_his_black_maid	557327967.227519
1		554131443.404594	554133315.682468
2		554133316.219525	554135253.282596
3		554135257.038385	554146367.407648
4		554146368.084598	554146405.375616
5		554146405.934306	554146450.994276
6		554146451.616399	554146508.079938
7		554146508.603286	554146551.381323
8		554146552.349499	554146663.704114
9		554146664.345668	554146712.789347
10		554146713.376026	554146780.727597
11		554146781.264251	554146977.935419
12		554146978.553365	554154365.582904
13		554155211.934095	554156309.608345
14		554156310.218969	554156387.878489
15		554156388.436113	554156529.978383
16		554157263.275613	554162194.554731
17		554162195.170179	554162303.726234
18		554162304.353913	554162414.042412
19		554162414.623360	554162438.198132
20	13	554162438.913156	554181428.748403
21		554183066.762968	554183842.131667
21.1		554183842.837887	554183876.404147
22		554183877.015481	554183984.941955
23		554183985.580033	554184047.825165
24		554184048.550069	554184443.176521
25		554184443.904684	554184479.775661
26		554184480.402509	554184547.195002
27		554184547.769023	554184978.281403
28		554184978.964551	554185033.753503
29		554185034.300928	554185076.557461
30		554185077.654203	554185115.007562
31		554185115.552435	554185178.397342
32		554185179.079649	554185283.232814
33		554219955.398243	554219957.321452
34		554219957.603493	554220122.149947
35		554220122.755109	554220196.336528
36		554220196.974724	554223380.065190
37		554223380.635874	554223946.605636
38		554223947.216262	554224110.904951
39		554224111.552043	554224781.368813
40		554224782.471343	554225233.749483
41		554225234.345204	554225810.762422
42		554225811.374845	554225878.565276
43		554225879.202814	554226553.852523
44	13	554226554.392826	554226951.782342
45	15	554360344.663312	554361099.676900
46	13	555169352.399272	555169408.260363
47	11	555878235.573725	555878365.202255
48	11	557242859.661536	557242974.341082
49	11	557327967.227519	557328050.205671
