1	568162382.515432
z09mangatown	Super Secret	141	568162246.460382	B	http://m.mangatown.com/manga/super_secret	568162246.460382
93	28	538493943.617587	538494051.708892
92		538494055.351703	538494055.351703
91		538494055.351703	538494055.351703
90		538494055.351703	538494055.351703
89		538494055.351703	538494055.351703
87		538494055.351703	538494055.351703
84		538494055.351703	538494055.351703
83		538494055.351703	538494055.351703
82		538494055.351703	538494055.351703
81		538494055.351703	538494055.351703
80		538494055.351703	538494055.351703
79		538494055.351703	538494055.351703
78		538494055.351703	538494055.351703
77		538494055.351703	538494055.351703
76		538494055.351703	538494055.351703
75		538494055.351703	538494055.351703
74		538494055.351703	538494055.351703
73		538494055.351703	538494055.351703
72		538494055.351703	538494055.351703
71		538494055.351703	538494055.351703
70		538494055.351703	538494055.351703
69		538494055.351703	538494055.351703
68		538494055.351703	538494055.351703
67		538494055.351703	538494055.351703
66		538494055.351703	538494055.351703
65		538494055.351703	538494055.351703
64		538494055.351703	538494055.351703
63		538494055.351703	538494055.351703
62		538494055.351703	538494055.351703
61		538494055.351703	538494055.351703
60		538494055.351703	538494055.351703
59		538494055.351703	538494055.351703
58		538494055.351703	538494055.351703
57		538494055.351703	538494055.351703
56		538494055.351703	538494055.351703
55		538494055.351703	538494055.351703
54		538494055.351703	538494055.351703
53		538494055.351703	538494055.351703
52		538494055.351703	538494055.351703
51		538494055.351703	538494055.351703
50		538494055.351703	538494055.351703
49		538494055.351703	538494055.351703
48		538494055.351703	538494055.351703
47		538494055.351703	538494055.351703
46		538494055.351703	538494055.351703
45		538494055.351703	538494055.351703
44		538494055.351703	538494055.351703
43		538494055.351703	538494055.351703
42		538494055.351703	538494055.351703
41		538494055.351703	538494055.351703
40		538494055.351703	538494055.351703
39		538494055.351703	538494055.351703
38		538494055.351703	538494055.351703
37		538494055.351703	538494055.351703
36		538494055.351703	538494055.351703
35		538494055.351703	538494055.351703
34		538494055.351703	538494055.351703
33		538494055.351703	538494055.351703
32		538494055.351703	538494055.351703
31		538494055.351703	538494055.351703
30		538494055.351703	538494055.351703
29		538494055.351703	538494055.351703
28		538494055.351703	538494055.351703
27		538494055.351703	538494055.351703
26		538494055.351703	538494055.351703
25		538494055.351703	538494055.351703
24		538494055.351703	538494055.351703
23		538494055.351703	538494055.351703
22		538494055.351703	538494055.351703
21		538494055.351703	538494055.351703
20		538494055.351703	538494055.351703
19		538494055.351703	538494055.351703
18		538494055.351703	538494055.351703
17		538494055.351703	538494055.351703
16		538494055.351703	538494055.351703
15		538494055.351703	538494055.351703
14		538494055.351703	538494055.351703
13		538494055.351703	538494055.351703
12		538494055.351703	538494055.351703
11		538494055.351703	538494055.351703
10		538494055.351703	538494055.351703
9		538494055.351703	538494055.351703
8		538494055.351703	538494055.351703
7		538494055.351703	538494055.351703
6		538494055.351703	538494055.351703
5		538494055.351703	538494055.351703
4		538494055.351703	538494055.351703
3		538494055.351703	538494055.351703
2		538494055.351703	538494055.351703
1		538494055.351703	538494055.351703
0		538494055.351703	538494055.351703
94	30	539102989.356887	539103050.158363
95	30	539707329.276477	539707438.368161
96	28	540307355.333430	540307452.168427
97	25	540912344.023917	540912453.984364
98	29	541517106.913757	541518106.574569
99	28	542117344.789719	542117432.231886
100	30	542723272.945901	542723396.766614
101	33	543963288.724130	543963444.348855
102	27	545833055.511599	545833055.697478
103		545833051.457928	545833055.160266
104	28	546065480.155710	546065559.595095
105	32	546367263.824975	546367368.489648
106	28	546987442.664684	546987509.642648
107	32	547559219.483876	547559314.466983
108	38	548222764.155699	548222880.847036
109	29	548781865.059403	548781967.696354
110	26	549375596.815624	549375703.760647
111	23	550001488.771490	550001581.176266
112	25	550584830.311343	550584914.835659
113	26	551190194.756599	551190261.590565
114	25	551795798.541010	551795919.997699
115	24	553232370.727276	553232480.920604
118	25	554212726.188936	554212840.287909
122	25	556811969.835156	556812105.322878
123	24	557266930.734834	557267008.749312
126	25	559111704.529846	559111774.978791
130	24	561471935.147177	561472047.588792
131	24	562076744.207483	562076794.204713
133	25	562772474.312882	562772580.849526
135	28	564604801.382397	564604872.196735
136	25	565108170.111231	565108272.462955
137	25	565710163.780240	565710236.144838
138	24	565793720.615894	565793741.684989
139	30	566969772.368970	566970069.264785
140	35	567530440.924283	567530546.314076
141	33	568162246.460382	568162379.759694
