1	557459097.411655
z09mangatown	Yakusoku no Neverland	100	556895165.010388	L	http://m.mangatown.com/manga/yakusoku_no_neverland	556895165.010388
74	1	540680794.397349	540680796.101427
73		540492579.051038	540492579.051038
72		540492579.051038	540492579.051038
71		540492579.051038	540492579.051038
70		540492579.051038	540492579.051038
69		540492579.051038	540492579.051038
68		540492579.051038	540492579.051038
67		540492579.051038	540492579.051038
66		540492579.051038	540492579.051038
65		540492579.051038	540492579.051038
64		540492579.051038	540492579.051038
63		540492579.051038	540492579.051038
62		540492579.051038	540492579.051038
61		540492579.051038	540492579.051038
60		540492579.051038	540492579.051038
59		540492579.051038	540492579.051038
58		540492579.051038	540492579.051038
57		540492579.051038	540492579.051038
56		540492579.051038	540492579.051038
55		540492579.051038	540492579.051038
54		540492579.051038	540492579.051038
53		540492579.051038	540492579.051038
52		540492579.051038	540492579.051038
51		540492579.051038	540492579.051038
50		540492579.051038	540492579.051038
49		540492579.051038	540492579.051038
48		540492579.051038	540492579.051038
47		540492579.051038	540492579.051038
46		540492579.051038	540492579.051038
45		540492579.051038	540492579.051038
44		540492579.051038	540492579.051038
43		540492579.051038	540492579.051038
42		540492579.051038	540492579.051038
41		540492579.051038	540492579.051038
40		540492579.051038	540492579.051038
39		540492579.051038	540492579.051038
38		540492579.051038	540492579.051038
37		540492579.051038	540492579.051038
36		540492579.051038	540492579.051038
35		540492579.051038	540492579.051038
34		540492579.051038	540492579.051038
33		540492579.051038	540492579.051038
32		540492579.051038	540492579.051038
31		540492579.051038	540492579.051038
30		540492579.051038	540492579.051038
29		540492579.051038	540492579.051038
28		540492579.051038	540492579.051038
27		540492579.051038	540492579.051038
26		540492579.051038	540492579.051038
25		540492579.051038	540492579.051038
24		540492579.051038	540492579.051038
23		540492579.051038	540492579.051038
22		540492579.051038	540492579.051038
21.5		540492579.051038	540492579.051038
21		540492579.051038	540492579.051038
20		540492579.051038	540492579.051038
19		540492579.051038	540492579.051038
18		540492579.051038	540492579.051038
17		540492579.051038	540492579.051038
16		540492579.051038	540492579.051038
15		540492579.051038	540492579.051038
14		540492579.051038	540492579.051038
13		540492579.051038	540492579.051038
12		540492579.051038	540492579.051038
11		540492579.051038	540492579.051038
10		540492579.051038	540492579.051038
9		540492579.051038	540492579.051038
8		540492579.051038	540492579.051038
7		540492579.051038	540492579.051038
6		540492579.051038	540492579.051038
5		540492579.051038	540492579.051038
4		540492579.051038	540492579.051038
3		540492579.051038	540492579.051038
2		540492579.051038	540492579.051038
1		540492579.051038	540492579.051038
75		540680790.654661	540680794.045194
76	-	541177508.236619	541177511.269216
77	20	541949461.798121	541949625.176180
78	20	542554518.637687	542554644.450409
79	19	543120988.447762	543121127.894308
80	21	543763905.862141	543764019.800840
81	18	544250875.297737	544250964.786053
83	20	545579075.145363	545579163.064696
84	22	546204116.284707	546204343.574815
85	19	546984810.033781	546984918.653592
86	19	547824021.696118	547824137.654068
87	19	548600510.390134	548600684.633832
70.5	3	548857288.063765	548857295.047549
88	20	549062242.705713	549062349.090182
89	20	549604646.169069	549604775.199344
90	20	550211870.088915	550211981.969106
91	19	550798821.547216	550798892.049965
92	19	551424126.581484	551424222.490519
93	19	552026025.926334	552026109.262041
94	19	552663158.794342	552663299.817762
95	19	553205405.194238	553205506.942094
96	21	553928094.596957	553928201.176262
97	20	554445147.335180	554445282.510591
98	22	555076753.739151	555076878.403643
99	20	556322783.270581	556322861.744184
100	20	556895165.010388	556895241.874638
