1	556667531.894457
z09mangatown	Okusama wa Joshi Kousei	75	556465175.339534	L	75	556465175.339534
1		547441410.949883	547441440.006894
2		547441440.411803	547441469.489925
3		547441469.859546	547441484.338420
4		547441484.730463	547441502.039989
5		547441503.609462	547441532.474396
6		547441532.834647	547441544.774442
7		547441545.135346	547441758.121129
8		547441758.651852	547441777.472313
9		547441778.120469	547441806.321098
10		547441806.781188	547441834.570107
11		547441834.948590	547441858.973661
12		547441859.404917	547441886.074768
13		547441886.557729	547441904.844291
14		547441905.392992	547441921.425021
15		547441921.881899	547441950.497142
16		547441950.949496	547473582.472702
17		547473583.024625	547473622.740905
18		547473623.173235	547473766.479742
1.1		547473767.048473	547473789.097170
1.2		547473789.594236	547474874.819108
1.3		547474876.248056	547475049.735893
VOL2 2		547475050.247109	547475078.470385
VOL2 3		547475078.894543	547476241.771058
VOL2 4		547476247.828384	547476316.474800
VOL2 5		547476317.060246	547476368.781171
VOL2 6		547476369.438273	547476410.733514
VOL2 7		547476411.245313	547476483.032208
VOL2 8		547476483.416830	547476518.604994
VOL2 9		547476519.062252	547476546.206537
VOL2 10		547476546.719360	547476586.841568
11.1		547476587.463175	547476600.725927
11.2		547476602.341502	547476609.305400
11.3		547476609.694288	547476646.706950
VOL3 12		547476647.171443	547476696.813529
VOL3 13		547476697.348325	547476741.699132
VOL3 14		547476742.380072	547476786.130039
VOL3 15		547476786.638406	547476825.803782
VOL3 16		547476830.911078	547476871.902635
VOL3 17		547476872.343610	547476918.040555
VOL3 18		547476918.529586	547476962.326009
19		547476963.050545	547476999.844584
20		547477000.366421	547477037.663281
21		547477038.235535	547477146.736544
22		547477147.177730	547487724.048589
22.1		547487724.424975	547487756.700821
22.2		547487757.058578	547487776.319326
23		547487776.739553	547487816.241253
24		547487816.675309	547487861.788168
25		547487862.251463	547487898.141334
26		547487900.271547	547487942.191908
27		547487942.863785	547487985.792469
28		547487986.309492	547488040.295778
29		547488040.978218	547488082.831475
30		547497331.676640	547497390.011140
31		547497390.666808	547497418.078551
32		547497418.516968	547497491.764976
33		547497492.249573	547497536.766556
34		547497537.296107	547497576.034967
35		547497576.948010	547502472.189665
35.5		547502472.684659	547502507.176573
36		547502507.540108	547502550.980916
37		547502551.442955	547502586.871941
38		547502588.326741	547502817.155045
39		547502817.794926	547502842.455813
40		547502842.995046	547502867.340371
41		547502867.771200	547502904.175693
42		547502904.641630	547502984.826033
43		547502985.525935	547507235.394545
44		547507235.801575	547507288.528700
45		547507288.896573	547507345.630055
46		547507346.172685	547507383.280408
47		547507384.274568	547507434.546966
52		547508224.518548	547508230.280078
53		547508230.663972	547508240.313942
54		547508240.696536	547508252.727504
55		547508253.335364	547508318.565716
56		547508319.065010	547508356.081186
57		547508356.686850	547508395.318613
58		547508395.758533	547508434.665671
59		547508435.190765	547508497.387167
61		547508497.854659	547508557.854404
61.5		547508558.700764	547508599.807059
62		547508600.449691	547508655.662354
63		547508656.267851	547508693.330820
64	13	547508693.739865	547508730.835172
65	14	547995676.352689	547995757.518667
66	14	549292598.651899	549292674.938635
67	15	550027894.221381	550028041.050714
68	13	550453445.674373	550453485.258293
69	13	551077487.250067	551077548.426733
70	12	551711157.683667	551711867.120036
71	13	552419728.792909	552419773.626763
72	13	553455556.405256	553455615.091880
73	15	554675264.119136	554675325.172375
75	16	556465175.339534	556465233.391047
