1	555529088.658084
z09mangatown	Chichi Chichi	33	553900819.027675	L	http://m.mangatown.com/manga/chichi_chichi	553900819.027675
1		550675633.624249	550675694.253590
2		550675694.909770	550675725.888120
3		550675726.462069	550675765.023034
4		550675765.666048	550675786.737363
5		550675787.279056	550675824.708820
6		550675825.367129	550675849.242925
7		550679081.505081	550679150.713713
8		550679151.357325	550679202.669245
9		550679203.329568	550679262.338319
10		550679262.979158	550679289.656000
11		550679290.143011	550679331.491716
12		550679332.011020	550681125.205098
13		550681126.031104	550681162.872786
14		550681163.391089	550681256.594985
15		550681257.308764	550681319.783130
16		550681321.900243	550681396.469217
17		550681397.116057	550681456.202499
18		550681456.908907	550681492.437357
19		550681493.473270	550682518.460906
20		550682519.017990	550682572.212465
21		550682572.872935	550682625.252114
22		550682625.904020	550682685.754808
23		550682686.218706	550682744.338146
24		550682744.992039	550682781.358589
25		550682781.981037	550682846.227839
27		550682846.896665	550682870.312063
28		550682870.943732	550682900.526844
30		550682901.165793	550683446.956137
31		550683447.602841	550683490.726306
32	10	550683491.119912	550683535.868186
33	10	553900819.027675	553900944.837249
