1	556667852.819617
z09mangatown	Say I Love You			L	http://m.mangatown.com/manga/say_i_love_you	0.000000
61		556667852.217408	556667852.217408
58		556667852.217408	556667852.217408
57		556667852.217408	556667852.217408
56		556667852.217408	556667852.217408
55		556667852.217408	556667852.217408
54		556667852.217408	556667852.217408
53		556667852.217408	556667852.217408
52		556667852.217408	556667852.217408
51		556667852.217408	556667852.217408
50		556667852.217408	556667852.217408
49		556667852.217408	556667852.217408
48		556667852.217408	556667852.217408
47		556667852.217408	556667852.217408
46		556667852.217408	556667852.217408
45		556667852.217408	556667852.217408
44		556667852.217408	556667852.217408
43		556667852.217408	556667852.217408
42		556667852.217408	556667852.217408
41		556667852.217408	556667852.217408
40		556667852.217408	556667852.217408
39		556667852.217408	556667852.217408
38		556667852.217408	556667852.217408
37		556667852.217408	556667852.217408
36		556667852.217408	556667852.217408
35		556667852.217408	556667852.217408
34		556667852.217408	556667852.217408
33		556667852.217408	556667852.217408
32		556667852.217408	556667852.217408
31		556667852.217408	556667852.217408
30		556667852.217408	556667852.217408
29		556667852.217408	556667852.217408
28		556667852.217408	556667852.217408
27		556667852.217408	556667852.217408
26		556667852.217408	556667852.217408
25		556667852.217408	556667852.217408
24		556667852.217408	556667852.217408
23		556667852.217408	556667852.217408
22		556667852.217408	556667852.217408
21		556667852.217408	556667852.217408
20		556667852.217408	556667852.217408
19		556667852.217408	556667852.217408
18		556667852.217408	556667852.217408
17		556667852.217408	556667852.217408
16		556667852.217408	556667852.217408
15		556667852.217408	556667852.217408
14		556667852.217408	556667852.217408
13		556667852.217408	556667852.217408
12		556667852.217408	556667852.217408
11		556667852.217408	556667852.217408
10		556667852.217408	556667852.217408
9		556667852.217408	556667852.217408
8		556667852.217408	556667852.217408
7		556667852.217408	556667852.217408
6		556667852.217408	556667852.217408
5		556667852.217408	556667852.217408
4		556667852.217408	556667852.217408
3		556667852.217408	556667852.217408
2		556667852.217408	556667852.217408
1		556667852.217408	556667852.217408
