1	531370883.245900
z09mangatown	Katekyo Hitman Reborn	409	531370727.303199	L	http://m.mangatown.com/manga/katekyo_hitman_reborn	531370727.303199
409	21	531370727.303199	531370881.100744
408		531370624.940169	531370726.645165
407		531370445.733304	531370624.125160
406		531370216.217241	531370445.087018
405		531369929.251590	531370215.492904
404		531369833.036655	531369928.627240
403		531369747.991505	531369832.308456
402		531369631.945450	531369747.304118
401		531369495.418404	531369631.385498
400		531369411.150071	531369494.787351
399		531369305.976393	531369409.022619
398		531369211.694972	531369305.335207
397		531369102.259871	531369211.065376
396		531368944.741211	531369101.527512
395		531368805.623834	531368943.954375
394		531368707.788798	531368805.012072
393		531352553.620737	531352662.004510
392		531352404.471870	531352550.614201
391		531352281.409098	531352403.746802
390		531352144.113249	531352280.654555
389		531352047.593791	531352143.527221
388		531351989.369413	531352047.073272
387		531351847.649560	531351988.719931
386		531351663.585547	531351846.922233
385		531351578.151297	531351662.910898
384		531351481.712226	531351577.389772
383		531351334.576915	531351478.318810
382		531351248.461180	531351333.896221
381		531351179.890429	531351247.809190
380		531351091.705960	531351179.156127
379		531350988.405147	531351091.053219
378		531350851.180823	531350987.647935
377		531345269.417374	531350794.491895
376		531345163.610500	531345268.714340
375		531345051.705596	531345162.876999
374		531344955.574965	531345051.149466
373		531344836.361588	531344954.949262
372		531344673.854266	531344835.609312
371		531344419.259213	531344673.118123
370		531344206.032377	531344418.834675
369		531344068.262851	531344205.304383
368		531343426.242720	531344067.531885
367		531343274.811660	531343425.741975
366		531343128.109670	531343274.168044
365		531342770.349436	531343126.826575
364		531341719.285298	531342765.286360
363		531341515.048633	531341718.552681
362		531341402.398269	531341514.329795
361		531341282.755734	531341401.735254
360		531340486.479762	531341282.143005
359		531340211.788415	531340485.933575
358		531340044.047794	531340210.865476
357		531339898.152551	531340043.271353
356		531339785.248437	531339897.563409
355		531339658.521309	531339784.551412
354		531339505.350447	531339657.786656
353		531339326.232858	531339504.592867
352		531339125.637876	531339325.501853
351		531337191.545816	531339124.897136
350		531331685.645121	531337190.871799
349		531331473.185601	531331684.886107
348		531331173.365243	531331472.506516
347		531331040.139502	531331172.577955
346		531330804.371129	531331039.501475
345		531330531.410412	531330803.681882
344		531330000.809315	531330530.715467
343		531329847.456065	531330000.112889
342		531329713.140414	531329846.727273
341		531329553.961358	531329699.984229
340		531329381.886572	531329553.295221
339		531329172.029031	531329381.222933
338		531329076.598529	531329169.658245
337		531328996.888403	531329075.975783
336		531328893.423601	531328996.206162
335		531327762.662210	531328892.980715
334		531327392.986044	531327761.913300
333		531326806.919071	531327392.242684
332		531326699.036459	531326806.331635
331		531326333.227445	531326698.211713
330		531325617.243388	531326331.447568
329		531325504.691802	531325615.734090
328		531322829.719263	531325504.027698
327		531322691.010644	531322824.698834
326		531322517.770777	531322690.375441
325		531322406.304365	531322516.181759
324		531322163.518100	531322404.643256
323		531322039.993790	531322162.847904
322		531321890.986315	531321994.092661
321	-	531321728.264323	531321864.009603
320		531321627.234277	531321727.631488
319		531321494.326028	531321626.560583
318		531321315.681076	531321493.366488
317		531321193.043151	531321314.963334
316		531321029.297575	531321192.372874
315		531318697.804292	531321027.405372
314		531318581.142629	531318697.098869
313		531318409.217877	531318580.410809
312		531318238.719932	531318408.581651
311		531318132.196010	531318237.980429
310		531317955.305447	531318131.470701
309		531287065.572642	531317940.078121
308		531286959.225217	531287064.934190
307		531286859.923917	531286958.576851
306		531286736.497177	531286859.154525
305		531286620.713220	531286735.780500
304		531286507.320590	531286619.906697
303		531286415.472841	531286506.586513
302		531286330.755489	531286414.889046
301		531286188.982105	531286330.016647
300		531286179.646263	531286188.433112
299		531285903.393541	531286050.605653
298		531285776.266441	531285902.774085
297		531285610.826743	531285775.505847
296		531285534.709200	531285610.151824
295		531285433.005734	531285533.978564
294		531285334.131147	531285432.257406
293		531285239.761692	531285333.452783
292		531285090.796418	531285238.999037
291		531284878.332087	531285090.169900
290		531284774.912110	531284877.615869
289		531284612.702282	531284774.097862
288		531284407.742822	531284611.215398
287		531284227.929171	531284407.011520
286		531284032.502984	531284227.220272
285		531283901.904311	531284031.778393
284		531283742.049156	531283901.283744
283		531263293.371646	531263467.624254
282		531263027.227626	531263289.398973
281		531262825.741954	531263026.505793
280		531262772.311533	531262825.090895
279		531262661.515421	531262771.602400
278		531262242.709062	531262659.893981
277		531262089.298509	531262241.246525
276		531261980.787604	531262088.684181
275		531261887.673945	531261980.254933
274		531261782.551303	531261886.930714
273		531261679.129815	531261781.809478
272		531261597.726584	531261678.332683
271		531261487.298654	531261597.030202
270		531261407.167397	531261486.611166
269		531261279.376784	531261406.421829
268		531261142.204910	531261278.637880
267		531261066.042138	531261141.515349
266		531260911.785255	531261065.430046
265		531260570.761248	531260897.203133
264		531260399.523821	531260570.041034
263		531260270.926972	531260398.761157
262		531260151.956575	531260270.222268
261		531252016.225473	531260151.436601
260		531251890.380314	531252015.572770
259		531251770.755968	531251889.638165
258		531251665.062356	531251770.012527
257		531251510.317390	531251664.436709
256		531245676.103551	531251509.929762
255		531245531.275902	531245675.334729
254		531245370.404047	531245529.878568
253		531244865.393561	531245366.981403
252		531244321.417969	531244762.509289
251		531244313.091338	531244320.724488
250		531238149.322116	531240465.817592
249		531238054.098875	531238148.701348
248		531237969.456130	531238053.497947
247		531237877.941061	531237967.816443
246		531237674.668997	531237877.283909
245		531237589.596447	531237673.987957
244		531112890.736065	531113000.735577
243		531112800.042889	531112890.018803
242		531112718.921260	531112796.314419
241		531112639.399269	531112718.260191
240		531112558.840777	531112636.167511
239		531112507.664474	531112558.185833
238		531112420.009512	531112506.999748
237		531112268.387623	531112419.262135
236		531112157.852729	531112267.721734
235		531112035.065723	531112157.166394
234		531111962.497468	531112034.328207
233		531111845.985262	531111956.522988
232		531111575.008961	531111845.120939
231		531111447.608926	531111574.185588
230		531111331.445620	531111447.027876
229		531111237.710249	531111330.710035
228		531111130.034390	531111237.037075
227		531111063.093085	531111129.050911
226		531110983.454511	531111062.447848
225		531110906.511044	531110982.694658
224		531110849.486266	531110905.808118
223		531110773.667934	531110848.753479
222		531110716.539398	531110772.985434
221		531110653.802841	531110714.893742
220		531110605.714281	531110653.240940
219		531110456.431501	531110605.055458
218		531110366.409311	531110455.770972
217		531110308.864173	531110365.764506
216		531110083.867603	531110308.195569
215		531110044.249835	531110083.337502
214		531109942.424177	531110043.586009
213		531109297.467126	531109941.699327
212		531109235.162979	531109296.898460
211		531108848.394976	531109234.512657
210		531108755.652131	531108847.554945
209		531108687.897780	531108754.781147
208		531108580.464533	531108687.139806
207		531108576.325255	531108580.118157
206		531108452.715067	531108507.787460
205		531108402.655217	531108449.568375
204		531108334.983218	531108401.883272
203		531108281.318825	531108334.428467
202		531108106.763497	531108165.367917
201		531108029.966409	531108106.069159
200		531106535.440789	531108028.936188
199		531106433.400722	531106534.810557
198		531090693.595218	531090722.981911
197		531090656.762804	531090693.159924
196		531090590.202559	531090656.140319
195		531090519.604462	531090589.492398
194.2		531090504.732239	531090518.990881
194		531090441.588228	531090503.988196
193		531090311.565720	531090440.738848
192		531090201.123096	531090310.912563
191		531090121.038793	531090200.157391
190		531090053.867490	531090120.336842
189		531089993.656429	531090053.479555
188		531089927.980877	531089992.947558
187		531089843.564218	531089927.261325
186		531089781.970391	531089842.890514
185		531089736.128140	531089781.567222
184		531089664.832228	531089735.441419
183		531089601.237991	531089664.115395
182		531089521.533507	531089600.512554
181		531089486.337411	531089521.073588
180		531089427.587902	531089484.634322
179		531089346.995101	531089426.888161
178		531089189.680971	531089346.329355
177		531089186.809916	531089188.956025
176.1		531088761.192347	531088767.425333
176		531088715.377263	531088760.669259
175		531088650.689018	531088714.701571
174		531088587.113397	531088649.828982
173		531088489.296261	531088586.460566
172		531088430.360681	531088488.704472
171		531088365.545796	531088429.667627
170		531088251.157074	531088364.796637
169		531088180.680405	531088250.389585
168		531088127.184384	531088180.205308
167		531088044.658975	531088126.399782
166		531087938.262862	531088043.877724
165		531087888.295325	531087937.575032
164		531087834.840597	531087887.572700
163		531087756.239516	531087834.203591
162		531087672.943888	531087755.517631
161		531087604.343490	531087672.230215
160		531087541.463543	531087603.593999
159		531087457.496019	531087540.774511
158		531087356.252283	531087456.754406
157		531086512.833179	531087355.596317
156		531086380.965703	531086512.197109
155		531086299.116733	531086380.224356
154		531086203.696506	531086298.487556
153		531086137.808660	531086202.983361
152		531085669.711838	531086137.155195
151		531085602.931523	531085669.137436
150		531085528.490871	531085602.207258
149		531085461.967870	531085527.818671
148		531085285.493466	531085461.263561
147		531085180.413619	531085284.743323
146		531085085.979963	531085179.973349
145		531084992.251154	531085085.249536
144		531084892.382202	531084991.530463
143		531084801.771821	531084890.010114
142		531084641.839137	531084801.039045
141		531084499.056961	531084641.210108
140		531084254.759404	531084495.944807
139		531083958.785155	531084254.297376
138		531083883.122961	531083958.068793
137		531083759.813691	531083881.445599
136		531083687.966089	531083759.074732
135		531083517.961817	531083687.238854
134		531080863.140033	531083517.268859
133		531080785.617316	531080861.877284
132		531080669.841093	531080784.971866
131		531080591.655561	531080668.318461
130		531080493.753257	531080590.964390
129		531080337.178273	531080491.776169
128		531080249.741761	531080336.432912
127		531080132.748576	531080249.030704
126		531079864.990965	531080132.095184
125		531079736.615917	531079864.177847
124		531079667.509404	531079735.854685
123		531079540.558722	531079666.867897
122		531079446.599127	531079539.938507
121		531079396.019423	531079445.403855
120		531079063.936355	531079395.274413
119		531079007.855748	531079063.206192
118		531078945.148976	531079006.987671
117		531078448.367864	531078944.384879
116		531078346.152896	531078447.515255
115		531078252.989751	531078345.408316
114		531078166.184344	531078252.338686
113		531078058.068647	531078165.550593
112		531077978.727676	531078057.668508
111		531077893.021338	531077977.192042
110		531077773.794856	531077890.558591
109		531068026.665304	531077772.040667
108		531066563.625444	531068025.947908
107.1		531066368.525605	531066562.938118
107		531066062.798660	531066367.849815
106		531065850.631899	531066062.032621
105		531064683.255824	531065849.985465
104		531007165.938429	531007262.367853
103		531007093.248000	531007165.231194
102		531006990.221190	531007092.655450
101		530988156.460055	531006989.726206
100		530949614.384296	530988155.702637
99		530949488.100949	530949613.653785
98.1		530949482.188786	530949487.680921
98		530949376.107910	530949481.447259
97		530949248.348429	530949375.679175
96		530949107.648880	530949247.670829
95		530948999.292246	530949107.005971
94		530948872.720609	530948998.616664
93		530948755.868173	530948871.977804
92		530948658.910586	530948755.300240
91		530948572.565286	530948658.217351
90		530948485.346739	530948571.796540
89		530948370.345699	530948484.592293
88		530948217.998580	530948369.637117
87		530948040.212984	530948217.230049
86		530947838.066150	530948039.288232
85		530947713.476234	530947837.361771
84		530947543.834175	530947712.737391
83		530947417.815807	530947543.475975
82		530946961.527465	530947417.075192
81		530946550.582116	530946960.792598
80		530860170.919617	530860277.515077
79		530860073.176509	530860170.261053
78		530859972.754383	530860072.507273
77		530859717.649202	530859972.121574
76		530859603.396343	530859717.030965
75		530854161.118594	530859602.455419
74		530854104.331443	530854160.501517
73		530852371.359788	530854091.911928
72		530848285.045359	530852370.599551
71		530848200.392912	530848284.375532
70		530848076.938096	530848199.771315
69		530831037.364464	530848076.503039
68		530830964.680759	530831036.727398
67		530830907.156082	530830964.040860
66		530830849.457906	530830906.522001
65		530830761.535849	530830848.802691
64		530830681.780815	530830760.832447
63		530830623.604187	530830680.962812
62		530830571.126368	530830622.910370
61		501102947.263937	501102947.263937
60		501102947.263937	501102947.263937
59		501102947.263937	501102947.263937
58		501102947.263937	501102947.263937
57		501102947.263937	501102947.263937
56		501102947.263937	501102947.263937
55		501102947.263937	501102947.263937
54		501102947.263937	501102947.263937
53	8	530830545.226983	530830561.476719
52		501102947.263937	501102947.263937
51		501102947.263937	501102947.263937
50		501102947.263937	501102947.263937
49		501102947.263937	501102947.263937
48		501102947.263937	501102947.263937
47		501102947.263937	501102947.263937
46		501102947.263937	501102947.263937
45		501102947.263937	501102947.263937
44		501102947.263937	501102947.263937
43		501102947.263937	501102947.263937
42		501102947.263937	501102947.263937
41		501102947.263937	501102947.263937
40		501102947.263937	501102947.263937
39		501102947.263937	501102947.263937
38		501102947.263937	501102947.263937
37		501102947.263937	501102947.263937
36		501102947.263937	501102947.263937
35	1	530830523.893843	530830528.800329
34		530830502.321755	530830523.279382
33		530830326.270552	530830501.606674
32		530830252.740308	530830325.546121
31		530830168.248537	530830252.278445
30		530825953.588855	530830167.655280
29		530825245.375388	530825952.880580
28		530825161.377007	530825244.599055
27		530825001.188051	530825160.624276
26		530824267.460089	530825000.433461
25		530824117.581565	530824266.719230
24		530823981.207202	530824116.867040
23		530823878.781908	530823980.457215
22		530823522.842829	530823878.086368
21		530823455.314085	530823522.138735
20		530823373.849402	530823454.650070
19		530823244.576964	530823373.148738
18		530822574.376917	530823243.863170
17		530822419.925129	530822573.665316
16		530822259.335085	530822419.302527
15		530810065.685076	530822258.716241
14		530809535.944964	530810064.879709
13		530809382.887089	530809535.240475
12		530808011.513767	530808768.214597
11		530807079.648894	530807989.168601
10		530806236.724826	530807078.332161
9		530806096.944867	530806236.126506
8		530805965.740473	530806096.353895
7		530805834.959348	530805965.014860
6		530805683.873871	530805834.436679
5		530805542.409222	530805683.169115
4		530805414.834605	530805541.700133
3		530805295.950051	530805414.241107
2		530804921.641285	530805295.219817
1		530803665.257643	530804920.925163
