1	558976804.078683
z09mangatown	Saikin Kono Sekai wa Watashi dake no Mono ni Narimashita......	85	554646910.470134	L	http://m.mangatown.com/manga/saikin_kono_sekai_wa_watashi_dake_no_mono_ni_narimashita	554646910.470134
1		547124873.233662	547125016.822315
2		547125017.448269	547125044.356624
3		547125044.781105	547125060.824376
4		547125061.265293	547125082.874934
5		547125083.288045	547125121.743457
6		547125122.201511	547125155.473475
7		547125155.871572	547125181.978657
8		547125182.413719	547125218.627883
9		547125219.072275	547125250.964974
10		547125251.424052	547125286.362806
11		547125286.858530	547125319.634280
12		547125320.139218	547125363.802716
13		547125364.367934	547125399.204083
14		547125399.597592	547125446.953505
15		547125447.521625	547125478.473562
16		547125478.962471	547125515.258566
17		547125515.910671	547125567.360578
18		547125567.837769	547125593.378358
19		547125594.045255	547125653.347159
20		547125653.859625	547125680.381724
21		547125680.789330	547125726.531242
22		547125727.179802	547125754.267880
23		547125754.725835	547125805.769780
24		547125806.331403	547125826.717734
25		547125827.339117	547125868.173655
26		547125868.718681	547125914.622938
27		547125915.080087	547125946.572410
28		547125947.220066	547125981.243708
29		547125981.740601	547126009.977827
30		547126010.412191	547126049.929312
31		547126050.347090	547126068.462051
32		547126068.818996	547126092.762206
33		547126093.321990	547126123.229968
34		547126123.625817	547126154.029804
35		547126154.448368	547126194.468973
36		547126195.123444	547126220.569389
37		547126221.055519	547126255.987796
38		547126256.479231	547126290.322158
39		547126290.806072	547126369.121010
40		547126369.741745	547126419.293828
41		547126419.818251	547126455.196020
42		547126455.644337	547126484.030165
43		547126484.533662	547126506.947371
44		547126507.444089	547126543.847545
45		547126544.330189	547126559.949323
46		547126560.385523	547126594.384125
47		547126594.802161	547126623.185451
48		547126623.686575	547126650.569632
49		547126651.029872	547126677.021259
50		547126677.442484	547126700.219276
51		547126700.681022	547126727.120797
52		547126727.512212	547126749.571258
53		547126750.098422	547126870.395655
54		547126871.061019	547126886.162250
55		547126886.632028	547126901.912659
56		547126902.306626	547126925.876991
57		547126926.269123	547126952.264730
58		547126952.690067	547126976.551817
59		547126976.962237	547127001.978587
60		547127002.476514	547127029.797842
61		547127030.409743	547127055.116234
62		547127055.605555	547127082.100096
63		547127082.550313	547127142.052952
64		547127142.741342	547127164.003583
65		547127164.474389	547127194.738036
66		547127195.189096	547127249.540168
67		547127250.348746	547127273.505717
68	10	547127273.867752	547127322.952315
69	10	547653623.033687	547653731.739072
70	10	548284376.871061	548284418.767299
71	10	548884978.925827	548885014.186295
72	10	549469670.661167	549469706.015990
73	10	550065124.224137	550065175.486592
74	10	550674196.974105	550674245.849577
76	10	553127362.270506	553127427.581804
78	9	554058954.472711	554059285.768737
79	9	554126240.794208	554126295.737369
80	10	554212551.434257	554212598.764646
81	12	554297478.717181	554297536.736396
82	9	554386330.354113	554386407.979556
83	10	554473149.022798	554473244.124764
85	13	554646910.470134	554646999.044574
