1	556685771.941944
z09mangatown	Bokura no Fushidara	12	541005268.064658	L	http://m.mangatown.com/manga/bokura_no_fushidara	541005268.064658
1		541004271.409023	541004420.578143
2		541004421.233396	541004476.196965
3		541004476.635434	541004576.697264
4		541004676.112069	541004679.350642
5		541004684.095530	541004773.592820
6		541004775.004515	541004860.928801
7		541004861.627684	541004941.331993
8		541004942.092951	541005007.951127
9		541005008.607621	541005083.734392
10		541005084.353397	541005179.273715
11		541005179.622451	541005267.447090
12	35	541005268.064658	541005450.768554
