1	568595326.698188
z13mangadex	Orient	17	568394576.732772	L	https://mangadex.org/title/27243/orient	568394576.732772
1		555269383.334236	555269386.809340
1-2		555269387.366541	555269422.901655
2		555269423.236830	555269526.868011
3		555269527.592964	555269612.488286
4		555269613.277869	555269707.729349
5		555269708.409663	555269755.650468
6	22	555269756.362033	555269816.827646
7	24	555461594.787926	555461628.894927
8	002	555628731.413165	556125696.831626
9	022	556125764.690959	556125918.756863
10		557764509.322954	557764592.763765
11	023	557764593.585546	557764681.905326
12	023	559429424.079638	559430487.323312
13	022	559579097.275425	559579170.954700
14	022	566664122.753548	566664255.106995
15		568394423.437775	568394505.728263
16		568394506.077345	568394576.364194
17	022	568394576.732772	568394697.991637
8.5		568595324.229226	568595324.229226
VOL1 1		568595324.229226	568595324.229226
