1	568530863.915700
z13mangadex	I Was Trash	31	568530776.706706	B	https://mangadex.org/title/31196/i-was-trash	568530776.706706
1		568010650.212970	568010722.601157
2		568010723.000816	568010817.372423
3		568010817.673580	568010859.990861
4		568010860.255483	568010906.026455
5		568010906.300365	568012201.253303
6		568012201.512942	568012289.823822
7		568012290.206626	568012357.960310
8		568012358.304767	568012427.913478
9		568012428.188707	568012552.184908
10		568012552.445391	568012674.489660
11		568012674.820429	568012750.878632
12		568012751.213388	568012800.980344
13		568012801.388205	568012867.916722
14		568012868.259502	568012945.418369
15		568012945.766047	568012989.922310
16		568012990.323442	568013048.702502
17		568013049.087969	568013102.476984
18		568013102.836513	568013172.730434
19		568013173.017365	568013232.933250
20		568013233.389933	568013281.435263
21		568013281.728977	568013317.987007
22		568013318.338429	568013418.641341
23		568013418.952033	568013494.244543
24		568013494.613399	568013584.431806
25		568013584.738231	568013674.785749
26		568013675.154528	568013907.329044
27		568013908.755604	568014009.850330
28	010	568014010.214312	568014138.225151
29	012	568058680.392963	568058767.040843
30	010	568162098.894320	568162200.320154
31	010	568530776.706706	568530863.915136
