1	568334477.087065
z13mangadex	Gal Gohan	41	568334369.805701	L	https://mangadex.org/title/20548/gal-gohan	568334369.805701
32		555605661.736566	555605661.736566
31		555605661.736566	555605661.736566
30		555605661.736566	555605661.736566
29		555605661.736566	555605661.736566
28		555605661.736566	555605661.736566
27		555605661.736566	555605661.736566
26		555605661.736566	555605661.736566
25		555605661.736566	555605661.736566
24		555605661.736566	555605661.736566
23		555605661.736566	555605661.736566
22		555605661.736566	555605661.736566
21		555605661.736566	555605661.736566
20		555605661.736566	555605661.736566
19		555605661.736566	555605661.736566
18		555605661.736566	555605661.736566
17		555605661.736566	555605661.736566
16		555605661.736566	555605661.736566
15		555605661.736566	555605661.736566
14		555605661.736566	555605661.736566
13		555605661.736566	555605661.736566
12		555605661.736566	555605661.736566
11		555605661.736566	555605661.736566
10		555605661.736566	555605661.736566
9		555605661.736566	555605661.736566
8		555605661.736566	555605661.736566
7		555605661.736566	555605661.736566
6		555605661.736566	555605661.736566
5		555605661.736566	555605661.736566
4		555605661.736566	555605661.736566
3		555605661.736566	555605661.736566
2		555605661.736566	555605661.736566
1		555605661.736566	555605661.736566
33	20	555743128.153056	555743200.247921
34	020	556984139.891929	556984261.090971
35	020	559919198.378713	559919296.723626
36	020	561214390.482891	561214501.251228
37	020	562353118.784242	562353183.320270
38	020	563636162.709501	563636232.124826
39	020	564677252.549986	564677323.163781
40	020	566631845.274708	566631926.108164
41	020	568334369.805701	568334475.330810
