1	560790466.148459
z13mangadex	I Hate Love	46	560790395.636234	B	https://mangadex.org/title/19105/i-hate-love	560790395.636234
43		555607611.641155	555607611.641155
42		555607611.641155	555607611.641155
41.5		555607611.641155	555607611.641155
41		555607611.641155	555607611.641155
40		555607611.641155	555607611.641155
39		555607611.641155	555607611.641155
38		555607611.641155	555607611.641155
37		555607611.641155	555607611.641155
36		555607611.641155	555607611.641155
35		555607611.641155	555607611.641155
34		555607611.641155	555607611.641155
33		555607611.641155	555607611.641155
32		555607611.641155	555607611.641155
31		555607611.641155	555607611.641155
30		555607611.641155	555607611.641155
29		555607611.641155	555607611.641155
28		555607611.641155	555607611.641155
27		555607611.641155	555607611.641155
26		555607611.641155	555607611.641155
25		555607611.641155	555607611.641155
24		555607611.641155	555607611.641155
23.5		555607611.641155	555607611.641155
23		555607611.641155	555607611.641155
22		555607611.641155	555607611.641155
21		555607611.641155	555607611.641155
20		555607611.641155	555607611.641155
19		555607611.641155	555607611.641155
18		555607611.641155	555607611.641155
17		555607611.641155	555607611.641155
16		555607611.641155	555607611.641155
15		555607611.641155	555607611.641155
14		555607611.641155	555607611.641155
13		555607611.641155	555607611.641155
12		555607611.641155	555607611.641155
11		555607611.641155	555607611.641155
10		555607611.641155	555607611.641155
9		555607611.641155	555607611.641155
8		555607611.641155	555607611.641155
7		555607611.641155	555607611.641155
6		555607611.641155	555607611.641155
5		555607611.641155	555607611.641155
4		555607611.641155	555607611.641155
3		555607611.641155	555607611.641155
2		555607611.641155	555607611.641155
1		555607611.641155	555607611.641155
0		555607611.641155	555607611.641155
44	031	556123723.322017	556125314.278303
45		560790343.600407	560790395.420130
46	036	560790395.636234	560790464.793716
