1	556659777.398181
z13mangadex	Yuragi-sou no Yuuna-san - Digital Colored Comics			L	https://mangadex.org/title/23992/yuragi-sou-no-yuuna-san-digital-colored-comics	0.000000
121		556659776.667020	556659776.667020
120		556659776.667020	556659776.667020
119		556659776.667020	556659776.667020
118		556659776.667020	556659776.667020
117		556659776.667020	556659776.667020
116		556659776.667020	556659776.667020
115		556659776.667020	556659776.667020
114		556659776.667020	556659776.667020
113		556659776.667020	556659776.667020
112		556659776.667020	556659776.667020
111		556659776.667020	556659776.667020
110		556659776.667020	556659776.667020
109		556659776.667020	556659776.667020
108		556659776.667020	556659776.667020
107		556659776.667020	556659776.667020
106		556659776.667020	556659776.667020
105		556659776.667020	556659776.667020
104		556659776.667020	556659776.667020
103		556659776.667020	556659776.667020
102		556659776.667020	556659776.667020
101		556659776.667020	556659776.667020
100		556659776.667020	556659776.667020
99		556659776.667020	556659776.667020
98		556659776.667020	556659776.667020
97		556659776.667020	556659776.667020
96		556659776.667020	556659776.667020
95		556659776.667020	556659776.667020
94		556659776.667020	556659776.667020
93		556659776.667020	556659776.667020
92		556659776.667020	556659776.667020
91		556659776.667020	556659776.667020
90		556659776.667020	556659776.667020
89		556659776.667020	556659776.667020
88		556659776.667020	556659776.667020
87		556659776.667020	556659776.667020
86		556659776.667020	556659776.667020
85		556659776.667020	556659776.667020
84		556659776.667020	556659776.667020
83		556659776.667020	556659776.667020
82		556659776.667020	556659776.667020
81		556659776.667020	556659776.667020
80		556659776.667020	556659776.667020
79		556659776.667020	556659776.667020
78		556659776.667020	556659776.667020
77		556659776.667020	556659776.667020
76		556659776.667020	556659776.667020
75		556659776.667020	556659776.667020
74		556659776.667020	556659776.667020
73		556659776.667020	556659776.667020
72		556659776.667020	556659776.667020
71		556659776.667020	556659776.667020
70		556659776.667020	556659776.667020
69		556659776.667020	556659776.667020
68		556659776.667020	556659776.667020
67		556659776.667020	556659776.667020
66		556659776.667020	556659776.667020
65		556659776.667020	556659776.667020
64		556659776.667020	556659776.667020
63		556659776.667020	556659776.667020
62		556659776.667020	556659776.667020
61		556659776.667020	556659776.667020
60		556659776.667020	556659776.667020
59		556659776.667020	556659776.667020
58		556659776.667020	556659776.667020
57		556659776.667020	556659776.667020
56		556659776.667020	556659776.667020
55		556659776.667020	556659776.667020
54		556659776.667020	556659776.667020
53		556659776.667020	556659776.667020
52		556659776.667020	556659776.667020
51		556659776.667020	556659776.667020
50		556659776.667020	556659776.667020
49		556659776.667020	556659776.667020
48		556659776.667020	556659776.667020
47		556659776.667020	556659776.667020
46		556659776.667020	556659776.667020
45		556659776.667020	556659776.667020
44		556659776.667020	556659776.667020
43		556659776.667020	556659776.667020
42		556659776.667020	556659776.667020
