1	557295358.869896
z13mangadex	Kokou no Hito	170	557295229.651710	L	https://mangadex.org/title/1422/kokou-no-hito	557295229.651710
1	033	557163167.180198	557163499.791516
3		557163537.451632	557163602.931804
4		557163603.208416	557163607.032067
5		557163607.293969	557163616.073300
6		557163616.320678	557163666.998761
7		557163667.265444	557164295.857270
8		557164296.484073	557164334.880638
9		557164335.540329	557164380.062553
10		557164380.346268	557164532.038141
11		557164532.273327	557164575.653244
12		557164575.866379	557164644.309836
13		557164645.079850	557164719.580061
14		557164720.242755	557164775.615745
15		557171069.034977	557172802.737928
16		557172803.322196	557177384.631209
17		557177384.850149	557177463.371542
18		557177463.966236	557177522.439177
19		557177523.145341	557178128.955694
20		557178129.587678	557179834.038086
21		557179834.330143	557179899.824382
22		557179900.049491	557179938.711650
23		557179971.119839	557179971.119839
24		557179939.907148	557179961.529228
25		557179979.494848	557180005.448007
26		557180006.001601	557180104.818489
27		557180105.072655	557180186.219532
28		557180186.484352	557182415.601085
29		557182416.269729	557182496.656618
30		557182497.280204	557182860.612151
31		557182860.899846	557182891.546689
32		557182892.044924	557182967.900198
33		557182968.926807	557183034.906041
34		557187395.014442	557187458.075653
35		557187458.381360	557187563.116127
36		557187563.638099	557187601.050955
37		557187601.453464	557187797.392644
38		557187797.714072	557187857.612305
39		557187858.006302	557187907.761611
40		557187908.106211	557187999.548972
41		557187999.956168	557188084.138839
42		557188084.959908	557188140.571910
43		557188141.074018	557188212.707475
44		557188213.440619	557188281.931560
45		557188282.662700	557188355.398156
46		557188355.670966	557188423.253930
47		557188423.695918	557204474.535891
48		557204475.266521	557204534.266149
49		557204534.957805	557204655.255345
50		557204655.946834	557205938.954541
51		557205939.498175	557206004.022070
52		557206004.803655	557206047.542749
53		557206048.327556	557206125.029379
54		557278996.255197	557279066.529227
55		557279066.769440	557279141.248713
56		557279141.871763	557279201.367661
57		557279351.098428	557279353.523719
58		557279354.128989	557279438.597756
59		557279439.240529	557279536.618217
60		557279537.348882	557279610.120725
61		557279610.873105	557279635.354994
62		557279635.760175	557279698.142364
63		557279698.537581	557279759.096297
64		557279759.857772	557279818.465883
65		557279819.456929	557279876.985466
66		557279877.240852	557279925.637808
67		557279925.981703	557279989.892189
68		557279990.528612	557280017.842305
69		557280018.536742	557280083.143124
70		557280083.400464	557280175.500056
71		557280176.231602	557280278.489224
72		557280279.256150	557280331.036713
73		557280331.678456	557280380.093275
74		557280380.827892	557280454.581392
75		557280454.870588	557280538.898682
76		557280539.700942	557280595.634860
77		557280596.383780	557280664.957258
78		557280665.707484	557280738.596118
79		557280738.936895	557280786.227426
80		557280786.561349	557280834.849120
81		557280835.485234	557280904.016416
82		557280904.712502	557280937.584751
83		557280938.026186	557280984.001274
84		557280984.319547	557281011.522772
85		557281011.759949	557281056.226615
86		557281057.078980	557281091.394764
87		557281092.105559	557281129.477386
88		557281130.301518	557281161.798080
89		557281162.072934	557281221.917677
90		557281222.700856	557281278.003815
91		557281278.628241	557281342.706898
92		557281342.957103	557281382.492303
93		557281383.277337	557281441.343315
94		557281442.012159	557281495.964256
95		557281496.603781	557281556.084388
96		557281556.801453	557281664.172544
97		557281664.555268	557291033.490893
98		557291034.080519	557291129.016260
99		557291129.373107	557291169.348648
100		557291170.114972	557291255.285579
101		557291255.630183	557291306.606613
102		557291306.926837	557291391.490412
103		557291391.751408	557291466.113059
104		557291466.474202	557291559.316679
105		557291559.656932	557291663.671086
106		557291664.102806	557291692.486237
107		557291692.800907	557291822.175577
108		557291822.829667	557291872.045912
109		557291872.378118	557291912.231339
110		557291912.523013	557291950.522178
111		557291950.997313	557291986.437790
112		557291986.779751	557292054.077972
113		557292054.878515	557292133.526330
114		557292134.121005	557292169.394802
115		557292169.710534	557292207.902011
116		557292208.151690	557292262.303317
117		557292262.648209	557292317.455909
118		557292318.245032	557292350.256789
119		557292351.001521	557292399.071960
120		557292399.332617	557292451.357456
121		557292451.977078	557292483.776551
122		557292484.434053	557292548.545863
123		557292548.841294	557292602.567282
124		557292603.216655	557292661.436299
125		557292662.204066	557292734.767722
126		557292735.415554	557292790.375501
127		557292790.635698	557292886.995447
128		557292893.362431	557292965.665496
129		557292965.923840	557293031.618125
130		557293031.868492	557293114.001376
131		557293114.706176	557293184.957720
132		557293185.745968	557293218.325782
133		557293218.585192	557293397.349825
134		557293398.060512	557293440.215810
135		557293440.559530	557293519.155495
136		557293519.564510	557293614.526061
137		557293614.838777	557293685.261685
138		557293685.505703	557293744.605637
139		557293745.310567	557293806.875163
140		557293807.152745	557293850.008159
141		557293850.258534	557293894.826970
142		557293895.070195	557293960.960594
143		557293961.738509	557294014.334872
144		557294014.605699	557294062.436329
145		557294062.753991	557294120.152786
146		557294120.797825	557294177.857689
147		557294178.653906	557294216.392835
148		557294217.156637	557294265.875677
149		557294266.515537	557294293.092826
150		557294293.325365	557294343.045711
151		557294343.289183	557294386.999736
152		557294387.360630	557294515.319415
153		557294515.662440	557294567.855558
154		557294568.655454	557294608.059513
155		557294608.448024	557294621.388802
156		557294621.765387	557294659.411393
157		557294660.063871	557294678.062051
158		557294678.371507	557294718.381351
159		557294719.217701	557294771.631829
160		557294772.474668	557294818.650261
161		557294818.914926	557294879.287296
162		557294879.589079	557294918.989051
163		557294919.323619	557294974.889135
164		557294975.249778	557295016.826364
165		557295017.233625	557295051.661710
166		557295052.406378	557295103.408760
167		557295103.642984	557295153.549310
168		557295153.965712	557295187.528620
169		557295187.841511	557295229.396155
170	028	557295229.651710	557295356.446754
