1	563554370.354164
z13mangadex	Shingeki no Kyojin	111	563383504.070342	L	https://mangadex.org/title/429/shingeki-no-kyojin	563383504.070342
108	001	558977574.589374	558977576.653235
107		558977579.496785	558977579.496785
106		558977579.496785	558977579.496785
105		558977579.496785	558977579.496785
104		558977579.496785	558977579.496785
103		558977579.496785	558977579.496785
102		558977579.496785	558977579.496785
101		558977579.496785	558977579.496785
89		558977579.496785	558977579.496785
85		558977579.496785	558977579.496785
46		558977579.496785	558977579.496785
45		558977579.496785	558977579.496785
44		558977579.496785	558977579.496785
43		558977579.496785	558977579.496785
42		558977579.496785	558977579.496785
41		558977579.496785	558977579.496785
40		558977579.496785	558977579.496785
39		558977579.496785	558977579.496785
38		558977579.496785	558977579.496785
37		558977579.496785	558977579.496785
36		558977579.496785	558977579.496785
35		558977579.496785	558977579.496785
34		558977579.496785	558977579.496785
33		558977579.496785	558977579.496785
32		558977579.496785	558977579.496785
31		558977579.496785	558977579.496785
30		558977579.496785	558977579.496785
29		558977579.496785	558977579.496785
28		558977579.496785	558977579.496785
27		558977579.496785	558977579.496785
26		558977579.496785	558977579.496785
25		558977579.496785	558977579.496785
24		558977579.496785	558977579.496785
23		558977579.496785	558977579.496785
22		558977579.496785	558977579.496785
21		558977579.496785	558977579.496785
20		558977579.496785	558977579.496785
19		558977579.496785	558977579.496785
18.5		558977579.496785	558977579.496785
18		558977579.496785	558977579.496785
17		558977579.496785	558977579.496785
16		558977579.496785	558977579.496785
15		558977579.496785	558977579.496785
14		558977579.496785	558977579.496785
13		558977579.496785	558977579.496785
12		558977579.496785	558977579.496785
11		558977579.496785	558977579.496785
10		558977579.496785	558977579.496785
9.5		558977579.496785	558977579.496785
9		558977579.496785	558977579.496785
8		558977579.496785	558977579.496785
7		558977579.496785	558977579.496785
6		558977579.496785	558977579.496785
5		558977579.496785	558977579.496785
4		558977579.496785	558977579.496785
3		558977579.496785	558977579.496785
2		558977579.496785	558977579.496785
1		558977579.496785	558977579.496785
0		558977579.496785	558977579.496785
109	046	559060781.166821	559060923.129932
110	046	560467052.681264	560467275.460947
109-2		561412079.995938	561412079.995938
108-2		561412079.995938	561412079.995938
107-2		561412079.995938	561412079.995938
VOL26 106		561412079.995938	561412079.995938
VOL26 105		561412079.995938	561412079.995938
VOL26 104		561412079.995938	561412079.995938
VOL26 103		561412079.995938	561412079.995938
VOL25 102		561412079.995938	561412079.995938
VOL25 101		561412079.995938	561412079.995938
92		561412079.995938	561412079.995938
111	046	563383504.070342	563383710.666362
