1	558978289.640817
z13mangadex	Sorairo no Graffiti			L	https://mangadex.org/title/19188/sorairo-no-graffiti	0.000000
16		558978288.974661	558978288.974661
15		558978288.974661	558978288.974661
14		558978288.974661	558978288.974661
13		558978288.974661	558978288.974661
12		558978288.974661	558978288.974661
11		558978288.974661	558978288.974661
10		558978288.974661	558978288.974661
9		558978288.974661	558978288.974661
8		558978288.974661	558978288.974661
7		558978288.974661	558978288.974661
6		558978288.974661	558978288.974661
5		558978288.974661	558978288.974661
4		558978288.974661	558978288.974661
3		558978288.974661	558978288.974661
2		558978288.974661	558978288.974661
1		558978288.974661	558978288.974661
0		558978288.974661	558978288.974661
