1	567549408.447328
z13mangadex	Biorg Trinity	43	567540556.193065	L	https://mangadex.org/title/7747/biorg-trinity	567540556.193065
35		555528166.624438	555528166.624438
34		555528166.624438	555528166.624438
33		555528166.624438	555528166.624438
32		555528166.624438	555528166.624438
31		555528166.624438	555528166.624438
30		555528166.624438	555528166.624438
29		555528166.624438	555528166.624438
28		555528166.624438	555528166.624438
27		555528166.624438	555528166.624438
26		555528166.624438	555528166.624438
25		555528166.624438	555528166.624438
24		555528166.624438	555528166.624438
23		555528166.624438	555528166.624438
22		555528166.624438	555528166.624438
21		555528166.624438	555528166.624438
20		555528166.624438	555528166.624438
19		555528166.624438	555528166.624438
18		555528166.624438	555528166.624438
17		555528166.624438	555528166.624438
16		555528166.624438	555528166.624438
15		555528166.624438	555528166.624438
14		555528166.624438	555528166.624438
13		555528166.624438	555528166.624438
12		555528166.624438	555528166.624438
11		555528166.624438	555528166.624438
10		555528166.624438	555528166.624438
9		555528166.624438	555528166.624438
8		555528166.624438	555528166.624438
7.5		555528166.624438	555528166.624438
7		555528166.624438	555528166.624438
6		555528166.624438	555528166.624438
5		555528166.624438	555528166.624438
4		555528166.624438	555528166.624438
3		555528166.624438	555528166.624438
2		555528166.624438	555528166.624438
1		555528166.624438	555528166.624438
36	047	555947609.065761	555947664.973746
37	055	557245600.395519	557245771.083945
38	005	558627440.017408	558627453.850544
39	036	559576673.946103	559578297.331483
40	057	561384268.999588	561384472.691525
41	051	562776407.064386	562776533.967933
42	064	565024684.771710	565024949.495888
43	049	567540556.193065	567549408.445781
