1	565466407.291213
z13mangadex	Hungry Marie	21	565466340.565947	L	https://mangadex.org/title/20818/hungry-marie	565466340.565947
20		555525868.133829	555525868.133829
19		555525868.133829	555525868.133829
18		555525868.133829	555525868.133829
17		555525868.133829	555525868.133829
16		555525868.133829	555525868.133829
15		555525868.133829	555525868.133829
14		555525868.133829	555525868.133829
13		555525868.133829	555525868.133829
12		555525868.133829	555525868.133829
11		555525868.133829	555525868.133829
10		555525868.133829	555525868.133829
9.5		555525868.133829	555525868.133829
9		555525868.133829	555525868.133829
8		555525868.133829	555525868.133829
7		555525868.133829	555525868.133829
6		555525868.133829	555525868.133829
5		555525868.133829	555525868.133829
4		555525868.133829	555525868.133829
3		555525868.133829	555525868.133829
2		555525868.133829	555525868.133829
1		555525868.133829	555525868.133829
21	022	565466340.565947	565466405.734058
