1	567748563.527019
z13mangadex	Tanaka-kun wa Itsumo Kedaruge	101	567748382.819290	L	https://mangadex.org/title/10167/tanaka-kun-wa-itsumo-kedaruge	567748382.819290
88	001	558376999.417282	558377001.713416
87		558377005.055052	558377005.055052
86		558377005.055052	558377005.055052
85		558377005.055052	558377005.055052
84		558377005.055052	558377005.055052
83		558377005.055052	558377005.055052
82		558377005.055052	558377005.055052
81		558377005.055052	558377005.055052
80		558377005.055052	558377005.055052
79		558377005.055052	558377005.055052
78		558377005.055052	558377005.055052
77		558377005.055052	558377005.055052
76		558377005.055052	558377005.055052
75		558377005.055052	558377005.055052
74		558377005.055052	558377005.055052
73.5		558377005.055052	558377005.055052
73		558377005.055052	558377005.055052
72		558377005.055052	558377005.055052
71		558377005.055052	558377005.055052
70		558377005.055052	558377005.055052
69		558377005.055052	558377005.055052
68		558377005.055052	558377005.055052
67		558377005.055052	558377005.055052
66		558377005.055052	558377005.055052
65		558377005.055052	558377005.055052
64		558377005.055052	558377005.055052
63		558377005.055052	558377005.055052
62		558377005.055052	558377005.055052
61		558377005.055052	558377005.055052
60		558377005.055052	558377005.055052
59		558377005.055052	558377005.055052
58		558377005.055052	558377005.055052
57		558377005.055052	558377005.055052
56		558377005.055052	558377005.055052
55		558377005.055052	558377005.055052
54		558377005.055052	558377005.055052
53		558377005.055052	558377005.055052
52		558377005.055052	558377005.055052
51		558377005.055052	558377005.055052
50		558377005.055052	558377005.055052
49		558377005.055052	558377005.055052
48		558377005.055052	558377005.055052
47		558377005.055052	558377005.055052
46		558377005.055052	558377005.055052
45		558377005.055052	558377005.055052
44		558377005.055052	558377005.055052
43		558377005.055052	558377005.055052
42		558377005.055052	558377005.055052
41		558377005.055052	558377005.055052
40		558377005.055052	558377005.055052
39		558377005.055052	558377005.055052
38		558377005.055052	558377005.055052
37		558377005.055052	558377005.055052
36		558377005.055052	558377005.055052
35		558377005.055052	558377005.055052
34		558377005.055052	558377005.055052
33		558377005.055052	558377005.055052
32		558377005.055052	558377005.055052
31		558377005.055052	558377005.055052
30		558377005.055052	558377005.055052
29		558377005.055052	558377005.055052
28		558377005.055052	558377005.055052
27		558377005.055052	558377005.055052
26		558377005.055052	558377005.055052
25		558377005.055052	558377005.055052
24		558377005.055052	558377005.055052
23		558377005.055052	558377005.055052
22		558377005.055052	558377005.055052
21		558377005.055052	558377005.055052
20		558377005.055052	558377005.055052
19		558377005.055052	558377005.055052
18		558377005.055052	558377005.055052
17		558377005.055052	558377005.055052
16		558377005.055052	558377005.055052
15.5		558377005.055052	558377005.055052
15		558377005.055052	558377005.055052
14		558377005.055052	558377005.055052
13		558377005.055052	558377005.055052
12		558377005.055052	558377005.055052
11		558377005.055052	558377005.055052
10		558377005.055052	558377005.055052
9		558377005.055052	558377005.055052
8		558377005.055052	558377005.055052
7		558377005.055052	558377005.055052
6		558377005.055052	558377005.055052
5		558377005.055052	558377005.055052
4		558377005.055052	558377005.055052
3		558377005.055052	558377005.055052
2		558377005.055052	558377005.055052
1		558377005.055052	558377005.055052
89		558379087.483981	558379557.004372
90		558379557.640079	558379869.386023
91		558379869.914738	558380125.376850
92		558380125.961399	558380238.684007
93		558380239.274658	558380640.031565
94		558380640.796295	558381504.538839
95		558381505.133002	558383245.517407
96		558383246.250107	558383327.885632
97		558383328.537904	558383934.080015
98		558383935.676925	558384113.548728
99		558384114.391223	558384199.573031
100	015	558384200.048257	558384313.922925
101	015	567748382.819290	567748563.526426
