1	567811140.040213
z13mangadex	Sun-ken Rock	171	565307115.020321	L	https://mangadex.org/title/339/sun-ken-rock	565307115.020321
1		558544860.205999	558544998.884536
2		558544999.494075	558545121.095009
3		558545121.521683	558545276.550596
4		558545276.895058	558545436.461100
5		558545437.176726	558545633.103868
6		558545633.385478	558545743.142233
6.5		558545743.343795	558545756.712265
7		558545757.339825	558545852.197896
8		558545852.840896	558545892.033341
9		558545892.932339	558545921.671055
10		558545922.293636	558545984.757201
11		558545985.763515	558546150.916344
12		558546151.760222	558546603.725523
13		558546604.368877	558547350.143142
14		558547350.883807	558550451.713612
15		558550452.329590	558550608.687313
16		558550609.602454	558550684.106412
17		558550685.455239	558551054.456144
18		558551055.094490	558551250.303131
19		558551250.546278	558552139.177992
20		558552139.868887	558552762.434415
21		558552763.067476	558552859.821466
22		558552860.946593	558552919.721797
23		558552920.432929	558553238.471749
24		558553239.162684	558553553.669199
25		558553554.351510	558553694.922947
26		558553695.536749	558554383.247565
27		558554383.822609	558554446.116506
28		558554446.746114	558555328.669916
29		558555329.269249	558555431.269916
30		558555431.904938	558556357.061542
31		558559330.698857	558559396.448831
32		558559397.070920	558559954.832937
33		558559955.465689	558560391.375753
34		558560392.003264	558560575.878821
35		558560576.446307	558560629.035644
36		558560629.688303	558561486.058075
37		558561486.358288	558561602.063102
38		558561602.675383	558561717.134175
38.5		558561717.758698	558562175.494525
39		558562176.160649	558562269.029166
40		558562269.651985	558562898.986821
41		558562899.616425	558563353.143281
42		558563353.708139	558563715.363713
42.5		558563715.805767	558563725.159145
43		558563725.812330	558563857.669466
44		558563857.973872	558564626.270993
45		558564626.844395	558564819.614253
46		558564820.228654	558565867.633424
47		558565868.464474	558565961.567933
48		558565961.904508	558566048.807437
49		558566049.452627	558573575.632772
49.5		558573576.398565	558573581.405630
50		558573581.623135	558573729.955180
51		558573730.309113	558573819.192249
52		558573820.009821	558573922.963413
53		558573923.606929	558574044.368575
54		558574045.094989	558574134.138495
55		558574134.514459	558574264.677250
56		558574265.062840	558574372.898340
57		558574373.582757	558574450.972043
58		558574451.266829	558574545.664114
59		558574546.324147	558574658.552432
60		558574658.857805	558574752.470506
61		558574753.097598	558574821.790172
62		558574822.431405	558574915.292061
63		558574916.078916	558574940.747744
64		558574941.071847	558575034.618525
65		558575034.871019	558575101.604465
66		558575102.257514	558575153.270942
67		558575153.667741	558575204.709118
68		558575205.065488	558575260.277878
69		558575260.927270	558575335.994058
70		558575336.817770	558575378.933382
71		558575379.249791	558575431.532795
71.5		558575432.183456	558575439.482083
72		558575440.170418	558575517.585654
73		558575518.305170	558575635.041489
74		558575635.763809	558575725.993071
75		558575726.707703	558575768.967002
76		558575769.633501	558575833.981298
77		558575834.616989	558575865.401580
77.5		558575866.152821	558575875.354259
77.6		558575875.991754	558575903.676726
78		558575904.355441	558575954.120066
79		558575954.947327	558576007.667292
80		558576008.003003	558588199.087276
81		558588199.403397	558588248.552335
82		558588249.254453	558588306.503942
83		558588307.115640	558588343.325520
84		558588343.649066	558588395.811400
85		558588396.130287	558588509.947538
85.5		558588510.810800	558588516.201857
86		558588516.945621	558588577.786066
87		558588578.068651	558588649.634922
88		558588650.272866	558588867.907153
89		558588868.277642	558588938.641072
90		558588939.424257	558589005.527928
91		558589005.902223	558589129.783265
92		558589130.419523	558589184.904268
93		558589185.192342	558589255.655222
94		558589256.354911	558589367.693330
95		558589367.946994	558589490.784822
96		558589491.160624	558589553.970530
97		558589554.241001	558589600.652504
98		558621012.550783	558621115.644444
99		558621116.346078	558621226.837757
100		558621227.635038	558621352.073535
101		558621352.372457	558621399.228512
102		558621399.606537	558621692.653529
103		558621692.921754	558621751.572434
104		558631819.860616	558638288.675805
105		558638289.285197	558638404.078216
106		558638405.000993	558638590.275862
107		558638590.859907	558640441.093808
108		558640441.755148	558641246.933348
109		558641247.576567	558641269.086552
110		558641269.746540	558641339.754206
111		558641340.401720	558641406.240268
112		558641406.820281	558641876.699618
113		558641877.515443	558641917.533099
114		558641918.126736	558641978.964395
115		558641979.554067	558642030.866550
116		558642031.328178	558642069.222425
117		558642069.792517	558642126.405752
118		558642126.640386	558642175.043428
119		558642175.672894	558642418.836058
120		558642419.069792	558642485.408539
121		558642531.127555	558642567.526157
122		558642568.116100	558642682.079034
123		558642682.711744	558642726.481142
124		558642727.131763	558643499.608963
125		558643499.856179	558643608.341666
126		558643608.530478	558644055.961425
127		558644056.199446	558644186.269617
128		558644214.438228	558644257.750774
129		558644258.291346	558644345.526217
130		558644346.189403	558645338.752780
131		558645339.068119	558648996.384675
132		558648996.760956	558649087.153120
133		558649087.873079	558649942.308005
134	024	558649942.642990	558655177.202240
171	037	565307115.020321	565307212.126696
170		565307217.419477	565307217.419477
169		565307217.419477	565307217.419477
168		565307217.419477	565307217.419477
167		565307217.419477	565307217.419477
166		565307217.419477	565307217.419477
165		565307217.419477	565307217.419477
164		565307217.419477	565307217.419477
163		565307217.419477	565307217.419477
162		565307217.419477	565307217.419477
161		565307217.419477	565307217.419477
160		565307217.419477	565307217.419477
159		565307217.419477	565307217.419477
158		565307217.419477	565307217.419477
157		565307217.419477	565307217.419477
156		565307217.419477	565307217.419477
155		565307217.419477	565307217.419477
154		565307217.419477	565307217.419477
153		565307217.419477	565307217.419477
152		565307217.419477	565307217.419477
151		565307217.419477	565307217.419477
150		565307217.419477	565307217.419477
149		565307217.419477	565307217.419477
148		565307217.419477	565307217.419477
147		565307217.419477	565307217.419477
146		565307217.419477	565307217.419477
145		565307217.419477	565307217.419477
144		565307217.419477	565307217.419477
143		565307217.419477	565307217.419477
142		565307217.419477	565307217.419477
141		565307217.419477	565307217.419477
140		565307217.419477	565307217.419477
139		565307217.419477	565307217.419477
138		565307217.419477	565307217.419477
137		565307217.419477	565307217.419477
136		565307217.419477	565307217.419477
135		565307217.419477	565307217.419477
