1	558976920.933710
z13mangadex	Saint Oniisan			L	https://mangadex.org/title/1912/saint-oniisan	0.000000
52		558976909.318926	558976909.318926
51		558976909.318926	558976909.318926
50		558976909.318926	558976909.318926
49		558976909.318926	558976909.318926
48		558976909.318926	558976909.318926
47		558976909.318926	558976909.318926
46		558976909.318926	558976909.318926
45		558976909.318926	558976909.318926
44		558976909.318926	558976909.318926
43		558976909.318926	558976909.318926
35		558976909.318926	558976909.318926
34		558976909.318926	558976909.318926
33		558976909.318926	558976909.318926
32		558976909.318926	558976909.318926
31		558976909.318926	558976909.318926
30		558976909.318926	558976909.318926
29		558976909.318926	558976909.318926
28		558976909.318926	558976909.318926
27		558976909.318926	558976909.318926
26		558976909.318926	558976909.318926
25		558976909.318926	558976909.318926
24		558976909.318926	558976909.318926
23		558976909.318926	558976909.318926
22		558976909.318926	558976909.318926
21		558976909.318926	558976909.318926
20		558976909.318926	558976909.318926
19		558976909.318926	558976909.318926
18		558976909.318926	558976909.318926
17		558976909.318926	558976909.318926
16		558976909.318926	558976909.318926
12		558976909.318926	558976909.318926
11		558976909.318926	558976909.318926
10		558976909.318926	558976909.318926
9		558976909.318926	558976909.318926
8		558976909.318926	558976909.318926
7		558976909.318926	558976909.318926
6		558976909.318926	558976909.318926
5		558976909.318926	558976909.318926
4		558976909.318926	558976909.318926
3		558976909.318926	558976909.318926
2		558976909.318926	558976909.318926
1		558976909.318926	558976909.318926
