1	568061795.839281
z13mangadex	Nisekoi	229.5	568061793.315412	L	https://mangadex.org/title/951/nisekoi	568061793.315412
229.6	025	568061527.938016	568061690.782759
229.5	-	568061793.315412	568061795.839007
229		568061702.571649	568061792.983234
228		568061524.240182	568061524.240182
227		568061524.240182	568061524.240182
226		568061524.240182	568061524.240182
225		568061524.240182	568061524.240182
224		568061524.240182	568061524.240182
223		568061524.240182	568061524.240182
222		568061524.240182	568061524.240182
221		568061524.240182	568061524.240182
220		568061524.240182	568061524.240182
219		568061524.240182	568061524.240182
218		568061524.240182	568061524.240182
217		568061524.240182	568061524.240182
216		568061524.240182	568061524.240182
215		568061524.240182	568061524.240182
214		568061524.240182	568061524.240182
213		568061524.240182	568061524.240182
212		568061524.240182	568061524.240182
211		568061524.240182	568061524.240182
210		568061524.240182	568061524.240182
209		568061524.240182	568061524.240182
208		568061524.240182	568061524.240182
207		568061524.240182	568061524.240182
206		568061524.240182	568061524.240182
205		568061524.240182	568061524.240182
204		568061524.240182	568061524.240182
203		568061524.240182	568061524.240182
202		568061524.240182	568061524.240182
201		568061524.240182	568061524.240182
200		568061524.240182	568061524.240182
199		568061524.240182	568061524.240182
198		568061524.240182	568061524.240182
197		568061524.240182	568061524.240182
196		568061524.240182	568061524.240182
195		568061524.240182	568061524.240182
194		568061524.240182	568061524.240182
193		568061524.240182	568061524.240182
192		568061524.240182	568061524.240182
191		568061524.240182	568061524.240182
190		568061524.240182	568061524.240182
189		568061524.240182	568061524.240182
188		568061524.240182	568061524.240182
187		568061524.240182	568061524.240182
186		568061524.240182	568061524.240182
185		568061524.240182	568061524.240182
184		568061524.240182	568061524.240182
183		568061524.240182	568061524.240182
182		568061524.240182	568061524.240182
181		568061524.240182	568061524.240182
180		568061524.240182	568061524.240182
179		568061524.240182	568061524.240182
178		568061524.240182	568061524.240182
177		568061524.240182	568061524.240182
176		568061524.240182	568061524.240182
175		568061524.240182	568061524.240182
174		568061524.240182	568061524.240182
173		568061524.240182	568061524.240182
172		568061524.240182	568061524.240182
171		568061524.240182	568061524.240182
170		568061524.240182	568061524.240182
169		568061524.240182	568061524.240182
168		568061524.240182	568061524.240182
167		568061524.240182	568061524.240182
166		568061524.240182	568061524.240182
165		568061524.240182	568061524.240182
164		568061524.240182	568061524.240182
163		568061524.240182	568061524.240182
162		568061524.240182	568061524.240182
161		568061524.240182	568061524.240182
160		568061524.240182	568061524.240182
159		568061524.240182	568061524.240182
158		568061524.240182	568061524.240182
157		568061524.240182	568061524.240182
156		568061524.240182	568061524.240182
155		568061524.240182	568061524.240182
154		568061524.240182	568061524.240182
153		568061524.240182	568061524.240182
152		568061524.240182	568061524.240182
151		568061524.240182	568061524.240182
150		568061524.240182	568061524.240182
149		568061524.240182	568061524.240182
148		568061524.240182	568061524.240182
147		568061524.240182	568061524.240182
146		568061524.240182	568061524.240182
145		568061524.240182	568061524.240182
144		568061524.240182	568061524.240182
143		568061524.240182	568061524.240182
142		568061524.240182	568061524.240182
141		568061524.240182	568061524.240182
140		568061524.240182	568061524.240182
139		568061524.240182	568061524.240182
138		568061524.240182	568061524.240182
137		568061524.240182	568061524.240182
136		568061524.240182	568061524.240182
135		568061524.240182	568061524.240182
134		568061524.240182	568061524.240182
133.1		568061524.240182	568061524.240182
133		568061524.240182	568061524.240182
132		568061524.240182	568061524.240182
131		568061524.240182	568061524.240182
130		568061524.240182	568061524.240182
129		568061524.240182	568061524.240182
128		568061524.240182	568061524.240182
127		568061524.240182	568061524.240182
126		568061524.240182	568061524.240182
125		568061524.240182	568061524.240182
124		568061524.240182	568061524.240182
123		568061524.240182	568061524.240182
122.1		568061524.240182	568061524.240182
122		568061524.240182	568061524.240182
121		568061524.240182	568061524.240182
120		568061524.240182	568061524.240182
119		568061524.240182	568061524.240182
118		568061524.240182	568061524.240182
117		568061524.240182	568061524.240182
116		568061524.240182	568061524.240182
115		568061524.240182	568061524.240182
114		568061524.240182	568061524.240182
113		568061524.240182	568061524.240182
112		568061524.240182	568061524.240182
111		568061524.240182	568061524.240182
110		568061524.240182	568061524.240182
109		568061524.240182	568061524.240182
108		568061524.240182	568061524.240182
107		568061524.240182	568061524.240182
106		568061524.240182	568061524.240182
105.5		568061524.240182	568061524.240182
105		568061524.240182	568061524.240182
104		568061524.240182	568061524.240182
103		568061524.240182	568061524.240182
102		568061524.240182	568061524.240182
101		568061524.240182	568061524.240182
100		568061524.240182	568061524.240182
99		568061524.240182	568061524.240182
98		568061524.240182	568061524.240182
97		568061524.240182	568061524.240182
96		568061524.240182	568061524.240182
95		568061524.240182	568061524.240182
94		568061524.240182	568061524.240182
93		568061524.240182	568061524.240182
92		568061524.240182	568061524.240182
91		568061524.240182	568061524.240182
90		568061524.240182	568061524.240182
89		568061524.240182	568061524.240182
88		568061524.240182	568061524.240182
87		568061524.240182	568061524.240182
86		568061524.240182	568061524.240182
85		568061524.240182	568061524.240182
84		568061524.240182	568061524.240182
83		568061524.240182	568061524.240182
82		568061524.240182	568061524.240182
81		568061524.240182	568061524.240182
80		568061524.240182	568061524.240182
79		568061524.240182	568061524.240182
78		568061524.240182	568061524.240182
77		568061524.240182	568061524.240182
76		568061524.240182	568061524.240182
75		568061524.240182	568061524.240182
74		568061524.240182	568061524.240182
73		568061524.240182	568061524.240182
72.5		568061524.240182	568061524.240182
72		568061524.240182	568061524.240182
71		568061524.240182	568061524.240182
70		568061524.240182	568061524.240182
69		568061524.240182	568061524.240182
68		568061524.240182	568061524.240182
67		568061524.240182	568061524.240182
66		568061524.240182	568061524.240182
65		568061524.240182	568061524.240182
64		568061524.240182	568061524.240182
63		568061524.240182	568061524.240182
62		568061524.240182	568061524.240182
61		568061524.240182	568061524.240182
60		568061524.240182	568061524.240182
59		568061524.240182	568061524.240182
58		568061524.240182	568061524.240182
57		568061524.240182	568061524.240182
56		568061524.240182	568061524.240182
55		568061524.240182	568061524.240182
54		568061524.240182	568061524.240182
53		568061524.240182	568061524.240182
52		568061524.240182	568061524.240182
51		568061524.240182	568061524.240182
50		568061524.240182	568061524.240182
49		568061524.240182	568061524.240182
48		568061524.240182	568061524.240182
47		568061524.240182	568061524.240182
46		568061524.240182	568061524.240182
45		568061524.240182	568061524.240182
44		568061524.240182	568061524.240182
43		568061524.240182	568061524.240182
42		568061524.240182	568061524.240182
41.5		568061524.240182	568061524.240182
41		568061524.240182	568061524.240182
40		568061524.240182	568061524.240182
39		568061524.240182	568061524.240182
38		568061524.240182	568061524.240182
37		568061524.240182	568061524.240182
36		568061524.240182	568061524.240182
35		568061524.240182	568061524.240182
34		568061524.240182	568061524.240182
33		568061524.240182	568061524.240182
32		568061524.240182	568061524.240182
31		568061524.240182	568061524.240182
30		568061524.240182	568061524.240182
29		568061524.240182	568061524.240182
28		568061524.240182	568061524.240182
27		568061524.240182	568061524.240182
26		568061524.240182	568061524.240182
25		568061524.240182	568061524.240182
24		568061524.240182	568061524.240182
23		568061524.240182	568061524.240182
22		568061524.240182	568061524.240182
21		568061524.240182	568061524.240182
20		568061524.240182	568061524.240182
19		568061524.240182	568061524.240182
18		568061524.240182	568061524.240182
17		568061524.240182	568061524.240182
16		568061524.240182	568061524.240182
15		568061524.240182	568061524.240182
14		568061524.240182	568061524.240182
13		568061524.240182	568061524.240182
12		568061524.240182	568061524.240182
11		568061524.240182	568061524.240182
10		568061524.240182	568061524.240182
9		568061524.240182	568061524.240182
8		568061524.240182	568061524.240182
7		568061524.240182	568061524.240182
6		568061524.240182	568061524.240182
5		568061524.240182	568061524.240182
4		568061524.240182	568061524.240182
3		568061524.240182	568061524.240182
2		568061524.240182	568061524.240182
1		568061524.240182	568061524.240182
0		568061524.240182	568061524.240182
