1	555604209.231217
z13mangadex	Dansan Joshi			L	https://mangadex.org/manga/17251/dansan-joshi	0.000000
49.5		555604208.183863	555604208.183863
49.1		555604208.183863	555604208.183863
49		555604208.183863	555604208.183863
48		555604208.183863	555604208.183863
47		555604208.183863	555604208.183863
46		555604208.183863	555604208.183863
45		555604208.183863	555604208.183863
44		555604208.183863	555604208.183863
43		555604208.183863	555604208.183863
42		555604208.183863	555604208.183863
41		555604208.183863	555604208.183863
40		555604208.183863	555604208.183863
39		555604208.183863	555604208.183863
38		555604208.183863	555604208.183863
37		555604208.183863	555604208.183863
36.5		555604208.183863	555604208.183863
36.3		555604208.183863	555604208.183863
36.2		555604208.183863	555604208.183863
36.1		555604208.183863	555604208.183863
36		555604208.183863	555604208.183863
35		555604208.183863	555604208.183863
34		555604208.183863	555604208.183863
33		555604208.183863	555604208.183863
32		555604208.183863	555604208.183863
31		555604208.183863	555604208.183863
30		555604208.183863	555604208.183863
29		555604208.183863	555604208.183863
28		555604208.183863	555604208.183863
27		555604208.183863	555604208.183863
26		555604208.183863	555604208.183863
25.5		555604208.183863	555604208.183863
25.2		555604208.183863	555604208.183863
25.1		555604208.183863	555604208.183863
25		555604208.183863	555604208.183863
24		555604208.183863	555604208.183863
23		555604208.183863	555604208.183863
22		555604208.183863	555604208.183863
21		555604208.183863	555604208.183863
20		555604208.183863	555604208.183863
19		555604208.183863	555604208.183863
18		555604208.183863	555604208.183863
17		555604208.183863	555604208.183863
16		555604208.183863	555604208.183863
15		555604208.183863	555604208.183863
14		555604208.183863	555604208.183863
13.5		555604208.183863	555604208.183863
13		555604208.183863	555604208.183863
12		555604208.183863	555604208.183863
11		555604208.183863	555604208.183863
10		555604208.183863	555604208.183863
9		555604208.183863	555604208.183863
8		555604208.183863	555604208.183863
7		555604208.183863	555604208.183863
6		555604208.183863	555604208.183863
5		555604208.183863	555604208.183863
4		555604208.183863	555604208.183863
3		555604208.183863	555604208.183863
2		555604208.183863	555604208.183863
1		555604208.183863	555604208.183863
