1	567811076.302580
z13mangadex	Watashi ni xx Shinasai!			L	https://mangadex.org/title/52/watashi-ni-xx-shinasai	0.000000
76.5		558986767.715865	558986767.715865
76		558986767.715865	558986767.715865
75		558986767.715865	558986767.715865
74		558986767.715865	558986767.715865
73		558986767.715865	558986767.715865
72		558986767.715865	558986767.715865
71		558986767.715865	558986767.715865
68.5		558986767.715865	558986767.715865
VOL16 64.5		558986767.715865	558986767.715865
64.5		558986767.715865	558986767.715865
64		558986767.715865	558986767.715865
63		558986767.715865	558986767.715865
62		558986767.715865	558986767.715865
61		558986767.715865	558986767.715865
60.5		558986767.715865	558986767.715865
VOL14 56.5		558986767.715865	558986767.715865
56.5		558986767.715865	558986767.715865
56		558986767.715865	558986767.715865
55		558986767.715865	558986767.715865
54		558986767.715865	558986767.715865
53		558986767.715865	558986767.715865
52.5		558986767.715865	558986767.715865
52		558986767.715865	558986767.715865
51		558986767.715865	558986767.715865
50		558986767.715865	558986767.715865
49		558986767.715865	558986767.715865
48.5		558986767.715865	558986767.715865
48		558986767.715865	558986767.715865
47		558986767.715865	558986767.715865
46		558986767.715865	558986767.715865
45		558986767.715865	558986767.715865
44		558986767.715865	558986767.715865
43		558986767.715865	558986767.715865
42		558986767.715865	558986767.715865
41		558986767.715865	558986767.715865
40		558986767.715865	558986767.715865
39		558986767.715865	558986767.715865
38		558986767.715865	558986767.715865
37		558986767.715865	558986767.715865
36		558986767.715865	558986767.715865
35		558986767.715865	558986767.715865
34		558986767.715865	558986767.715865
33		558986767.715865	558986767.715865
32.5		558986767.715865	558986767.715865
32		558986767.715865	558986767.715865
31		558986767.715865	558986767.715865
30		558986767.715865	558986767.715865
29		558986767.715865	558986767.715865
28.5		558986767.715865	558986767.715865
28		558986767.715865	558986767.715865
27		558986767.715865	558986767.715865
26		558986767.715865	558986767.715865
25		558986767.715865	558986767.715865
VOL6 24		558986767.715865	558986767.715865
24		558986767.715865	558986767.715865
VOL6 23		558986767.715865	558986767.715865
23		558986767.715865	558986767.715865
22		558986767.715865	558986767.715865
21		558986767.715865	558986767.715865
20.5		558986767.715865	558986767.715865
20		558986767.715865	558986767.715865
19		558986767.715865	558986767.715865
18		558986767.715865	558986767.715865
17		558986767.715865	558986767.715865
16		558986767.715865	558986767.715865
15.5		558986767.715865	558986767.715865
15		558986767.715865	558986767.715865
14		558986767.715865	558986767.715865
13		558986767.715865	558986767.715865
12.5		558986767.715865	558986767.715865
12		558986767.715865	558986767.715865
11		558986767.715865	558986767.715865
10		558986767.715865	558986767.715865
9		558986767.715865	558986767.715865
8.5		558986767.715865	558986767.715865
8		558986767.715865	558986767.715865
7		558986767.715865	558986767.715865
6		558986767.715865	558986767.715865
5		558986767.715865	558986767.715865
4		558986767.715865	558986767.715865
3		558986767.715865	558986767.715865
2		558986767.715865	558986767.715865
VOL1 1		558986767.715865	558986767.715865
1		558986767.715865	558986767.715865
