1	567284539.422022
z13mangadex	Retired Heroes	22	565453117.159307	L	https://mangadex.org/title/23851/retired-heroes	565453117.159307
1		562085507.995653	562086610.771577
2		562086611.066344	562087917.268979
3		562087917.907217	562104888.253485
4		562104888.938876	562105372.776284
5		562105373.107482	562106063.359425
6		562113073.171090	562113132.066422
7		562113132.422112	562113222.603137
8		562113222.958628	562113312.389862
9		562113312.716900	562113438.128016
10	026	562113438.567818	562113514.351882
11		562287786.356810	562287868.216098
11.5	005	562287868.577667	562287900.365019
12		562426561.178540	562426787.134625
12.5		562426787.570164	562426810.668901
13	027	562426811.377090	562426886.185145
14	029	562685869.455953	562685974.583197
9-2		562776542.574334	562776542.574334
15	031	562859046.211975	562859067.614509
14-2		563124802.833682	563124802.833682
13-2		563124803.382389	563124803.382389
15-2		563124804.538935	563124804.538935
16-2		563124921.282690	563124923.186393
16		563124809.772951	563124920.682911
17		563124923.828491	563124996.402585
18	026	563124996.688992	563125039.771589
12-2		563125047.373189	563125047.373189
11-2		563125047.373189	563125047.373189
10-2		563125047.373189	563125047.373189
17-2		563290225.159360	563290225.159360
18.5	021	563343282.780067	563343338.603202
19	032	563779429.415319	563779570.302839
20	041	563898703.158856	563898834.631839
21	034	564601452.864233	564601529.917421
22	025	565453117.159307	565453245.902970
23		567284537.626819	567284537.626819
