1	558977401.423572
z13mangadex	Sesuji wo Pin! to ~Shikakou Kyougi Dance-bu e Youkoso~	VOL10 86	558977398.353180	L	https://mangadex.org/title/15425/sesuji-wo-pin-to-shikakou-kyougi-dance-bu-e-youkoso	558977398.353180
VOL10 86	001	558977398.353180	558977401.423303
86		558977367.749395	558977398.125902
85		558977341.408260	558977341.408260
84		558977341.408260	558977341.408260
83		558977341.408260	558977341.408260
82		558977341.408260	558977341.408260
81		558977341.408260	558977341.408260
80.5		558977341.408260	558977341.408260
80		558977341.408260	558977341.408260
79		558977341.408260	558977341.408260
78		558977341.408260	558977341.408260
77		558977341.408260	558977341.408260
76		558977341.408260	558977341.408260
75		558977341.408260	558977341.408260
74		558977341.408260	558977341.408260
73		558977341.408260	558977341.408260
72		558977341.408260	558977341.408260
71		558977341.408260	558977341.408260
70		558977341.408260	558977341.408260
69		558977341.408260	558977341.408260
68		558977341.408260	558977341.408260
67		558977341.408260	558977341.408260
66		558977341.408260	558977341.408260
65		558977341.408260	558977341.408260
64		558977341.408260	558977341.408260
63		558977341.408260	558977341.408260
62.2		558977341.408260	558977341.408260
62.1		558977341.408260	558977341.408260
62		558977341.408260	558977341.408260
61		558977341.408260	558977341.408260
60		558977341.408260	558977341.408260
59		558977341.408260	558977341.408260
58		558977341.408260	558977341.408260
57		558977341.408260	558977341.408260
56		558977341.408260	558977341.408260
55		558977341.408260	558977341.408260
54		558977341.408260	558977341.408260
53.4		558977341.408260	558977341.408260
53.3		558977341.408260	558977341.408260
53.2		558977341.408260	558977341.408260
53.1		558977341.408260	558977341.408260
53		558977341.408260	558977341.408260
52		558977341.408260	558977341.408260
51		558977341.408260	558977341.408260
50		558977341.408260	558977341.408260
49		558977341.408260	558977341.408260
48		558977341.408260	558977341.408260
47		558977341.408260	558977341.408260
46		558977341.408260	558977341.408260
45		558977341.408260	558977341.408260
44		558977341.408260	558977341.408260
43		558977341.408260	558977341.408260
42		558977341.408260	558977341.408260
41		558977341.408260	558977341.408260
40		558977341.408260	558977341.408260
39		558977341.408260	558977341.408260
38		558977341.408260	558977341.408260
37		558977341.408260	558977341.408260
36		558977341.408260	558977341.408260
35		558977341.408260	558977341.408260
34		558977341.408260	558977341.408260
33		558977341.408260	558977341.408260
32		558977341.408260	558977341.408260
31		558977341.408260	558977341.408260
30		558977341.408260	558977341.408260
29		558977341.408260	558977341.408260
28		558977341.408260	558977341.408260
27		558977341.408260	558977341.408260
26		558977341.408260	558977341.408260
25		558977341.408260	558977341.408260
24		558977341.408260	558977341.408260
23		558977341.408260	558977341.408260
22		558977341.408260	558977341.408260
21		558977341.408260	558977341.408260
20		558977341.408260	558977341.408260
19		558977341.408260	558977341.408260
18		558977341.408260	558977341.408260
17		558977341.408260	558977341.408260
16		558977341.408260	558977341.408260
15		558977341.408260	558977341.408260
14.5		558977341.408260	558977341.408260
14		558977341.408260	558977341.408260
13		558977341.408260	558977341.408260
12		558977341.408260	558977341.408260
11		558977341.408260	558977341.408260
10		558977341.408260	558977341.408260
9		558977341.408260	558977341.408260
8		558977341.408260	558977341.408260
7		558977341.408260	558977341.408260
6		558977341.408260	558977341.408260
5		558977341.408260	558977341.408260
4		558977341.408260	558977341.408260
3		558977341.408260	558977341.408260
2		558977341.408260	558977341.408260
1		558977341.408260	558977341.408260
