1	567811127.712911
z13mangadex	Tenraku Akuma! Demon's Core	11	557554712.022460	L	https://mangadex.org/title/15624/tenraku-akuma-demon-s-core	557554712.022460
11	033	557554712.022460	557556682.416722
10		557554694.881219	557554694.881219
9		557554694.881219	557554694.881219
8		557554694.881219	557554694.881219
7		557554694.881219	557554694.881219
6		557554694.881219	557554694.881219
5		557554694.881219	557554694.881219
4		557554694.881219	557554694.881219
3		557554694.881219	557554694.881219
2		557554694.881219	557554694.881219
1		557554694.881219	557554694.881219
