1	568357909.391995
z13mangadex	Black Clover	187	568357886.899677	L	https://mangadex.org/title/15016/black-clover	568357886.899677
166	1	555528322.699559	555528326.599809
165		555528306.279894	555528306.279894
164		555528306.279894	555528306.279894
163		555528306.279894	555528306.279894
162		555528306.279894	555528306.279894
161		555528306.279894	555528306.279894
160		555528306.279894	555528306.279894
159		555528306.279894	555528306.279894
158		555528306.279894	555528306.279894
157		555528306.279894	555528306.279894
156		555528306.279894	555528306.279894
155		555528306.279894	555528306.279894
154		555528306.279894	555528306.279894
153		555528306.279894	555528306.279894
152		555528306.279894	555528306.279894
151		555528306.279894	555528306.279894
150		555528306.279894	555528306.279894
149		555528306.279894	555528306.279894
148		555528306.279894	555528306.279894
147		555528306.279894	555528306.279894
146		555528306.279894	555528306.279894
145		555528306.279894	555528306.279894
144		555528306.279894	555528306.279894
143		555528306.279894	555528306.279894
142		555528306.279894	555528306.279894
141		555528306.279894	555528306.279894
140		555528306.279894	555528306.279894
139		555528306.279894	555528306.279894
138		555528306.279894	555528306.279894
137		555528306.279894	555528306.279894
136		555528306.279894	555528306.279894
135		555528306.279894	555528306.279894
134		555528306.279894	555528306.279894
133		555528306.279894	555528306.279894
132		555528306.279894	555528306.279894
131		555528306.279894	555528306.279894
130		555528306.279894	555528306.279894
129		555528306.279894	555528306.279894
128		555528306.279894	555528306.279894
127		555528306.279894	555528306.279894
126		555528306.279894	555528306.279894
125		555528306.279894	555528306.279894
124		555528306.279894	555528306.279894
123		555528306.279894	555528306.279894
122		555528306.279894	555528306.279894
121		555528306.279894	555528306.279894
120		555528306.279894	555528306.279894
119		555528306.279894	555528306.279894
118		555528306.279894	555528306.279894
117		555528306.279894	555528306.279894
116		555528306.279894	555528306.279894
115		555528306.279894	555528306.279894
114		555528306.279894	555528306.279894
113		555528306.279894	555528306.279894
112		555528306.279894	555528306.279894
111		555528306.279894	555528306.279894
110		555528306.279894	555528306.279894
109		555528306.279894	555528306.279894
108		555528306.279894	555528306.279894
107		555528306.279894	555528306.279894
106		555528306.279894	555528306.279894
105		555528306.279894	555528306.279894
104		555528306.279894	555528306.279894
103		555528306.279894	555528306.279894
102		555528306.279894	555528306.279894
101		555528306.279894	555528306.279894
100		555528306.279894	555528306.279894
99		555528306.279894	555528306.279894
98		555528306.279894	555528306.279894
97		555528306.279894	555528306.279894
96		555528306.279894	555528306.279894
95		555528306.279894	555528306.279894
94		555528306.279894	555528306.279894
93		555528306.279894	555528306.279894
92		555528306.279894	555528306.279894
91		555528306.279894	555528306.279894
90		555528306.279894	555528306.279894
89		555528306.279894	555528306.279894
88		555528306.279894	555528306.279894
87		555528306.279894	555528306.279894
86		555528306.279894	555528306.279894
85		555528306.279894	555528306.279894
84		555528306.279894	555528306.279894
83.1		555528306.279894	555528306.279894
83		555528306.279894	555528306.279894
82		555528306.279894	555528306.279894
81		555528306.279894	555528306.279894
80		555528306.279894	555528306.279894
79		555528306.279894	555528306.279894
78		555528306.279894	555528306.279894
77		555528306.279894	555528306.279894
76		555528306.279894	555528306.279894
75		555528306.279894	555528306.279894
74		555528306.279894	555528306.279894
73		555528306.279894	555528306.279894
72		555528306.279894	555528306.279894
71		555528306.279894	555528306.279894
70		555528306.279894	555528306.279894
69		555528306.279894	555528306.279894
68		555528306.279894	555528306.279894
67		555528306.279894	555528306.279894
66		555528306.279894	555528306.279894
65		555528306.279894	555528306.279894
64		555528306.279894	555528306.279894
63		555528306.279894	555528306.279894
62		555528306.279894	555528306.279894
61		555528306.279894	555528306.279894
60		555528306.279894	555528306.279894
59		555528306.279894	555528306.279894
58		555528306.279894	555528306.279894
57		555528306.279894	555528306.279894
56		555528306.279894	555528306.279894
55		555528306.279894	555528306.279894
54		555528306.279894	555528306.279894
53		555528306.279894	555528306.279894
52		555528306.279894	555528306.279894
51		555528306.279894	555528306.279894
50		555528306.279894	555528306.279894
49		555528306.279894	555528306.279894
48		555528306.279894	555528306.279894
47		555528306.279894	555528306.279894
46		555528306.279894	555528306.279894
45		555528306.279894	555528306.279894
44		555528306.279894	555528306.279894
43		555528306.279894	555528306.279894
42		555528306.279894	555528306.279894
41		555528306.279894	555528306.279894
40		555528306.279894	555528306.279894
39		555528306.279894	555528306.279894
38		555528306.279894	555528306.279894
37		555528306.279894	555528306.279894
36		555528306.279894	555528306.279894
35		555528306.279894	555528306.279894
34		555528306.279894	555528306.279894
33		555528306.279894	555528306.279894
32		555528306.279894	555528306.279894
31		555528306.279894	555528306.279894
30		555528306.279894	555528306.279894
29		555528306.279894	555528306.279894
28		555528306.279894	555528306.279894
27		555528306.279894	555528306.279894
26		555528306.279894	555528306.279894
25		555528306.279894	555528306.279894
24		555528306.279894	555528306.279894
23		555528306.279894	555528306.279894
22		555528306.279894	555528306.279894
21		555528306.279894	555528306.279894
20		555528306.279894	555528306.279894
19		555528306.279894	555528306.279894
18		555528306.279894	555528306.279894
17		555528306.279894	555528306.279894
16		555528306.279894	555528306.279894
15		555528306.279894	555528306.279894
14		555528306.279894	555528306.279894
13		555528306.279894	555528306.279894
12		555528306.279894	555528306.279894
11		555528306.279894	555528306.279894
10		555528306.279894	555528306.279894
9		555528306.279894	555528306.279894
8		555528306.279894	555528306.279894
7		555528306.279894	555528306.279894
6		555528306.279894	555528306.279894
5		555528306.279894	555528306.279894
4		555528306.279894	555528306.279894
3		555528306.279894	555528306.279894
2		555528306.279894	555528306.279894
1		555528306.279894	555528306.279894
167	5	555603546.912275	555603597.225349
168	014	556204476.707876	556206050.198898
169	014	557499848.114546	557501309.083392
170		558766641.509598	558766643.569308
171	-	559756479.315402	559756479.315402
172	015	559352266.182734	559352316.261242
173	017	559756481.536675	559756539.697048
174	016	560468777.192026	560468812.379301
175		561562330.673434	561562395.076893
176	014	561562395.679862	561562457.289539
177	011	566500803.558782	566500805.325734
178	015	563125059.472331	563125286.851372
179	015	563985059.662578	563985121.199496
180	018	564291081.886628	564291784.628293
181	015	565024961.134957	565025031.685294
182	017	565632265.297075	565632448.679742
183	012	566499704.274038	566500799.642291
184	017	566750637.024148	566750682.477537
185	014	567146841.674155	567147245.301383
186		568357339.356672	568357886.163026
187	014	568357886.899677	568357909.391600
