1	558979111.668634
z13mangadex	Sui Youbi			L	https://mangadex.org/title/15183/sui-youbi	0.000000
28		558979111.086555	558979111.086555
27		558979111.086555	558979111.086555
26		558979111.086555	558979111.086555
25		558979111.086555	558979111.086555
24		558979111.086555	558979111.086555
23		558979111.086555	558979111.086555
22.5		558979111.086555	558979111.086555
22		558979111.086555	558979111.086555
21		558979111.086555	558979111.086555
20		558979111.086555	558979111.086555
19		558979111.086555	558979111.086555
18		558979111.086555	558979111.086555
17		558979111.086555	558979111.086555
16		558979111.086555	558979111.086555
15		558979111.086555	558979111.086555
14.5		558979111.086555	558979111.086555
14		558979111.086555	558979111.086555
13		558979111.086555	558979111.086555
12		558979111.086555	558979111.086555
11		558979111.086555	558979111.086555
10		558979111.086555	558979111.086555
9		558979111.086555	558979111.086555
8		558979111.086555	558979111.086555
7		558979111.086555	558979111.086555
6		558979111.086555	558979111.086555
5		558979111.086555	558979111.086555
4		558979111.086555	558979111.086555
3		558979111.086555	558979111.086555
2		558979111.086555	558979111.086555
1		558979111.086555	558979111.086555
0.5		558979111.086555	558979111.086555
