1	566760228.119196
z13mangadex	Ao no Flag	38	566758292.924922	L	https://mangadex.org/title/21565/ao-no-flag	566758292.924922
32		555527325.595833	555527325.595833
31		555527325.595833	555527325.595833
30		555527325.595833	555527325.595833
29.5		555527325.595833	555527325.595833
29		555527325.595833	555527325.595833
28		555527325.595833	555527325.595833
27		555527325.595833	555527325.595833
26.5		555527325.595833	555527325.595833
26		555527325.595833	555527325.595833
25		555527325.595833	555527325.595833
24		555527325.595833	555527325.595833
23		555527325.595833	555527325.595833
22		555527325.595833	555527325.595833
21		555527325.595833	555527325.595833
20.5		555527325.595833	555527325.595833
20		555527325.595833	555527325.595833
19.5		555527325.595833	555527325.595833
19		555527325.595833	555527325.595833
18		555527325.595833	555527325.595833
17		555527325.595833	555527325.595833
16.5		555527325.595833	555527325.595833
16		555527325.595833	555527325.595833
15		555527325.595833	555527325.595833
14		555527325.595833	555527325.595833
13		555527325.595833	555527325.595833
12.5		555527325.595833	555527325.595833
12		555527325.595833	555527325.595833
11		555527325.595833	555527325.595833
10		555527325.595833	555527325.595833
9		555527325.595833	555527325.595833
8		555527325.595833	555527325.595833
7		555527325.595833	555527325.595833
6		555527325.595833	555527325.595833
5.5		555527325.595833	555527325.595833
5		555527325.595833	555527325.595833
4		555527325.595833	555527325.595833
3		555527325.595833	555527325.595833
2		555527325.595833	555527325.595833
1		555527325.595833	555527325.595833
33		556395470.854988	556395616.932267
33.5	-	556395617.657743	559108568.494881
34	029	559108571.839321	559108806.151373
35	026	559970107.390150	559970260.749287
36	026	563948466.420838	563948592.820835
37	025	564848708.142647	564848856.755872
38	027	566758292.924922	566760228.118324
