1	563989271.023293
z13mangadex	Gangsta	54	563989192.570507	L	https://mangadex.org/title/247/gangsta	563989192.570507
52		555605721.070472	555605721.070472
51		555605721.070472	555605721.070472
50		555605721.070472	555605721.070472
42-2		555605721.070472	555605721.070472
49		555605721.070472	555605721.070472
48		555605721.070472	555605721.070472
47		555605721.070472	555605721.070472
46		555605721.070472	555605721.070472
45		555605721.070472	555605721.070472
44		555605721.070472	555605721.070472
43		555605721.070472	555605721.070472
42		555605721.070472	555605721.070472
VOL7 41		555605721.070472	555605721.070472
41		555605721.070472	555605721.070472
40		555605721.070472	555605721.070472
39		555605721.070472	555605721.070472
38		555605721.070472	555605721.070472
37		555605721.070472	555605721.070472
36		555605721.070472	555605721.070472
35		555605721.070472	555605721.070472
34		555605721.070472	555605721.070472
33		555605721.070472	555605721.070472
32		555605721.070472	555605721.070472
31		555605721.070472	555605721.070472
30		555605721.070472	555605721.070472
29		555605721.070472	555605721.070472
28		555605721.070472	555605721.070472
27		555605721.070472	555605721.070472
26		555605721.070472	555605721.070472
25		555605721.070472	555605721.070472
24		555605721.070472	555605721.070472
23		555605721.070472	555605721.070472
22		555605721.070472	555605721.070472
21		555605721.070472	555605721.070472
20		555605721.070472	555605721.070472
19		555605721.070472	555605721.070472
18		555605721.070472	555605721.070472
17		555605721.070472	555605721.070472
16		555605721.070472	555605721.070472
15		555605721.070472	555605721.070472
14		555605721.070472	555605721.070472
13		555605721.070472	555605721.070472
12		555605721.070472	555605721.070472
11		555605721.070472	555605721.070472
10		555605721.070472	555605721.070472
9		555605721.070472	555605721.070472
8		555605721.070472	555605721.070472
7		555605721.070472	555605721.070472
6		555605721.070472	555605721.070472
5		555605721.070472	555605721.070472
4		555605721.070472	555605721.070472
3		555605721.070472	555605721.070472
2		555605721.070472	555605721.070472
1		555605721.070472	555605721.070472
53		563989033.938248	563989192.247028
54	020	563989192.570507	563989269.579752
