1	567745771.609729
z13mangadex	Chichi Chichi	43	567745686.654355	L	https://mangadex.org/title/18331/chichi-chichi	567745686.654355
33		555529086.006720	555529086.006720
32		555529086.006720	555529086.006720
31		555529086.006720	555529086.006720
30		555529086.006720	555529086.006720
29		555529086.006720	555529086.006720
28		555529086.006720	555529086.006720
27		555529086.006720	555529086.006720
26		555529086.006720	555529086.006720
25		555529086.006720	555529086.006720
24		555529086.006720	555529086.006720
23		555529086.006720	555529086.006720
22		555529086.006720	555529086.006720
21		555529086.006720	555529086.006720
20		555529086.006720	555529086.006720
19		555529086.006720	555529086.006720
18		555529086.006720	555529086.006720
17		555529086.006720	555529086.006720
16		555529086.006720	555529086.006720
15		555529086.006720	555529086.006720
14		555529086.006720	555529086.006720
13		555529086.006720	555529086.006720
12		555529086.006720	555529086.006720
11		555529086.006720	555529086.006720
10		555529086.006720	555529086.006720
9		555529086.006720	555529086.006720
8		555529086.006720	555529086.006720
7		555529086.006720	555529086.006720
6		555529086.006720	555529086.006720
5		555529086.006720	555529086.006720
4		555529086.006720	555529086.006720
3		555529086.006720	555529086.006720
2		555529086.006720	555529086.006720
1		555529086.006720	555529086.006720
34	010	555947479.532636	555947594.231598
35	010	557428872.609280	557428930.038468
36	008	560009079.788222	560009187.031844
37	010	561261921.753372	561262013.544492
38		563429611.023683	563429634.409016
VOL2 26		562513188.322001	562513188.322001
VOL2 25		562513188.322001	562513188.322001
VOL2 24		562513188.322001	562513188.322001
VOL2 23		562513188.322001	562513188.322001
VOL2 22		562513188.322001	562513188.322001
VOL2 21		562513188.322001	562513188.322001
VOL1 20		562513188.322001	562513188.322001
VOL1 19		562513188.322001	562513188.322001
VOL1 18		562513188.322001	562513188.322001
39	013	563429634.852234	563429732.382466
40	010	564972403.873196	564972477.239159
41	010	566280475.339099	566280587.063010
42	010	566352080.420847	566352181.794845
43	010	567745686.654355	567745769.968720
