1	567134157.934152
z13mangadex	Minamoto-kun Monogatari	262	567134123.759705	L	https://mangadex.org/title/1653/minamoto-kun-monogatari	567134123.759705
247		562635898.528597	562635923.227069
248		562907270.600043	562907272.215916
246		562635958.399629	562635958.399629
245		562635958.399629	562635958.399629
244		562635958.399629	562635958.399629
243		562635958.399629	562635958.399629
242		562635958.399629	562635958.399629
241		562635958.399629	562635958.399629
240		562635958.399629	562635958.399629
239		562635958.399629	562635958.399629
238		562635958.399629	562635958.399629
237		562635958.399629	562635958.399629
236		562635958.399629	562635958.399629
235		562635958.399629	562635958.399629
234		562635958.399629	562635958.399629
233		562635958.399629	562635958.399629
232		562635958.399629	562635958.399629
231		562635958.399629	562635958.399629
230		562635958.399629	562635958.399629
229		562635958.399629	562635958.399629
228		562635958.399629	562635958.399629
227		562635958.399629	562635958.399629
226		562635958.399629	562635958.399629
225		562635958.399629	562635958.399629
224		562635958.399629	562635958.399629
223		562635958.399629	562635958.399629
222		562635958.399629	562635958.399629
221		562635958.399629	562635958.399629
220		562635958.399629	562635958.399629
219		562635958.399629	562635958.399629
218		562635958.399629	562635958.399629
217		562635958.399629	562635958.399629
216		562635958.399629	562635958.399629
215		562635958.399629	562635958.399629
214		562635958.399629	562635958.399629
213		562635958.399629	562635958.399629
212		562635958.399629	562635958.399629
211		562635958.399629	562635958.399629
210		562635958.399629	562635958.399629
209		562635958.399629	562635958.399629
208		562635958.399629	562635958.399629
207		562635958.399629	562635958.399629
206		562635958.399629	562635958.399629
205		562635958.399629	562635958.399629
204		562635958.399629	562635958.399629
203		562635958.399629	562635958.399629
202		562635958.399629	562635958.399629
201		562635958.399629	562635958.399629
200		562635958.399629	562635958.399629
199		562635958.399629	562635958.399629
198		562635958.399629	562635958.399629
197		562635958.399629	562635958.399629
196		562635958.399629	562635958.399629
195		562635958.399629	562635958.399629
194		562635958.399629	562635958.399629
193		562635958.399629	562635958.399629
192		562635958.399629	562635958.399629
191		562635958.399629	562635958.399629
190		562635958.399629	562635958.399629
189		562635958.399629	562635958.399629
188		562635958.399629	562635958.399629
187		562635958.399629	562635958.399629
186		562635958.399629	562635958.399629
185		562635958.399629	562635958.399629
184		562635958.399629	562635958.399629
183		562635958.399629	562635958.399629
182		562635958.399629	562635958.399629
181		562635958.399629	562635958.399629
180		562635958.399629	562635958.399629
179		562635958.399629	562635958.399629
178		562635958.399629	562635958.399629
177		562635958.399629	562635958.399629
176		562635958.399629	562635958.399629
175		562635958.399629	562635958.399629
174		562635958.399629	562635958.399629
173		562635958.399629	562635958.399629
172		562635958.399629	562635958.399629
171		562635958.399629	562635958.399629
170		562635958.399629	562635958.399629
169		562635958.399629	562635958.399629
168		562635958.399629	562635958.399629
167		562635958.399629	562635958.399629
166		562635958.399629	562635958.399629
165		562635958.399629	562635958.399629
164		562635958.399629	562635958.399629
163		562635958.399629	562635958.399629
162		562635958.399629	562635958.399629
161		562635958.399629	562635958.399629
160		562635958.399629	562635958.399629
159		562635958.399629	562635958.399629
158		562635958.399629	562635958.399629
157		562635958.399629	562635958.399629
156		562635958.399629	562635958.399629
155		562635958.399629	562635958.399629
154		562635958.399629	562635958.399629
153		562635958.399629	562635958.399629
152		562635958.399629	562635958.399629
151		562635958.399629	562635958.399629
150		562635958.399629	562635958.399629
149		562635958.399629	562635958.399629
148		562635958.399629	562635958.399629
147		562635958.399629	562635958.399629
146		562635958.399629	562635958.399629
145		562635958.399629	562635958.399629
144		562635958.399629	562635958.399629
143		562635958.399629	562635958.399629
142		562635958.399629	562635958.399629
141		562635958.399629	562635958.399629
140		562635958.399629	562635958.399629
139		562635958.399629	562635958.399629
138		562635958.399629	562635958.399629
137		562635958.399629	562635958.399629
136		562635958.399629	562635958.399629
135		562635958.399629	562635958.399629
134		562635958.399629	562635958.399629
133		562635958.399629	562635958.399629
132		562635958.399629	562635958.399629
131		562635958.399629	562635958.399629
130		562635958.399629	562635958.399629
129		562635958.399629	562635958.399629
128		562635958.399629	562635958.399629
127		562635958.399629	562635958.399629
126		562635958.399629	562635958.399629
125		562635958.399629	562635958.399629
124		562635958.399629	562635958.399629
123		562635958.399629	562635958.399629
122		562635958.399629	562635958.399629
121		562635958.399629	562635958.399629
120		562635958.399629	562635958.399629
119		562635958.399629	562635958.399629
118		562635958.399629	562635958.399629
117		562635958.399629	562635958.399629
116		562635958.399629	562635958.399629
115		562635958.399629	562635958.399629
114		562635958.399629	562635958.399629
113		562635958.399629	562635958.399629
112		562635958.399629	562635958.399629
111		562635958.399629	562635958.399629
110		562635958.399629	562635958.399629
109		562635958.399629	562635958.399629
108		562635958.399629	562635958.399629
107		562635958.399629	562635958.399629
106		562635958.399629	562635958.399629
105		562635958.399629	562635958.399629
104		562635958.399629	562635958.399629
103		562635958.399629	562635958.399629
102		562635958.399629	562635958.399629
101		562635958.399629	562635958.399629
100		562635958.399629	562635958.399629
99		562635958.399629	562635958.399629
98		562635958.399629	562635958.399629
97		562635958.399629	562635958.399629
96		562635958.399629	562635958.399629
95		562635958.399629	562635958.399629
94		562635958.399629	562635958.399629
93		562635958.399629	562635958.399629
92		562635958.399629	562635958.399629
91		562635958.399629	562635958.399629
90		562635958.399629	562635958.399629
89		562635958.399629	562635958.399629
88		562635958.399629	562635958.399629
87		562635958.399629	562635958.399629
86		562635958.399629	562635958.399629
85		562635958.399629	562635958.399629
84		562635958.399629	562635958.399629
83		562635958.399629	562635958.399629
82		562635958.399629	562635958.399629
81		562635958.399629	562635958.399629
80		562635958.399629	562635958.399629
79		562635958.399629	562635958.399629
78		562635958.399629	562635958.399629
77		562635958.399629	562635958.399629
76		562635958.399629	562635958.399629
75		562635958.399629	562635958.399629
74		562635958.399629	562635958.399629
73		562635958.399629	562635958.399629
72		562635958.399629	562635958.399629
71		562635958.399629	562635958.399629
70		562635958.399629	562635958.399629
69		562635958.399629	562635958.399629
68		562635958.399629	562635958.399629
67		562635958.399629	562635958.399629
66		562635958.399629	562635958.399629
65		562635958.399629	562635958.399629
64		562635958.399629	562635958.399629
63		562635958.399629	562635958.399629
62		562635958.399629	562635958.399629
61		562635958.399629	562635958.399629
60		562635958.399629	562635958.399629
59		562635958.399629	562635958.399629
58		562635958.399629	562635958.399629
57		562635958.399629	562635958.399629
56		562635958.399629	562635958.399629
55		562635958.399629	562635958.399629
54		562635958.399629	562635958.399629
53		562635958.399629	562635958.399629
52		562635958.399629	562635958.399629
51		562635958.399629	562635958.399629
50		562635958.399629	562635958.399629
49		562635958.399629	562635958.399629
48		562635958.399629	562635958.399629
47		562635958.399629	562635958.399629
46		562635958.399629	562635958.399629
45		562635958.399629	562635958.399629
44		562635958.399629	562635958.399629
43		562635958.399629	562635958.399629
42		562635958.399629	562635958.399629
41		562635958.399629	562635958.399629
40		562635958.399629	562635958.399629
39		562635958.399629	562635958.399629
38		562635958.399629	562635958.399629
37		562635958.399629	562635958.399629
36		562635958.399629	562635958.399629
35		562635958.399629	562635958.399629
34		562635958.399629	562635958.399629
33		562635958.399629	562635958.399629
32		562635958.399629	562635958.399629
31		562635958.399629	562635958.399629
30		562635958.399629	562635958.399629
29		562635958.399629	562635958.399629
28		562635958.399629	562635958.399629
27		562635958.399629	562635958.399629
26		562635958.399629	562635958.399629
25		562635958.399629	562635958.399629
24		562635958.399629	562635958.399629
23		562635958.399629	562635958.399629
22		562635958.399629	562635958.399629
21		562635958.399629	562635958.399629
20		562635958.399629	562635958.399629
19		562635958.399629	562635958.399629
18		562635958.399629	562635958.399629
17		562635958.399629	562635958.399629
16		562635958.399629	562635958.399629
15		562635958.399629	562635958.399629
14		562635958.399629	562635958.399629
13		562635958.399629	562635958.399629
12		562635958.399629	562635958.399629
11		562635958.399629	562635958.399629
10		562635958.399629	562635958.399629
9		562635958.399629	562635958.399629
8		562635958.399629	562635958.399629
7		562635958.399629	562635958.399629
6		562635958.399629	562635958.399629
5		562635958.399629	562635958.399629
4		562635958.399629	562635958.399629
3		562635958.399629	562635958.399629
2		562635958.399629	562635958.399629
1		562635958.399629	562635958.399629
247.5		562907266.463712	562907270.323061
249	009	562907272.567483	562907300.957232
250	009	562958311.340706	562958340.168037
251		566240131.370484	566240174.240059
252		566240174.616790	566240231.227154
253	011	566240231.567291	566240265.089518
254		566317344.048588	566317390.320924
255	009	566317390.548473	566317424.941268
256	010	566398267.236199	566398325.039915
257		566492554.425863	566492595.066101
258	010	566492595.282040	566492646.153204
259	009	566695843.998964	566695879.729321
260	009	566926388.191208	566926439.080567
261		567134078.156867	567134123.466291
262	009	567134123.759705	567134157.933597
