1	555606957.442057
z13mangadex	Himouto! Umaru-chan			L	https://mangadex.org/manga/8761/himouto-umaru-chan	0.000000
183		555606956.812399	555606956.812399
182		555606956.812399	555606956.812399
181		555606956.812399	555606956.812399
180		555606956.812399	555606956.812399
179		555606956.812399	555606956.812399
178		555606956.812399	555606956.812399
177		555606956.812399	555606956.812399
176		555606956.812399	555606956.812399
175		555606956.812399	555606956.812399
174		555606956.812399	555606956.812399
173		555606956.812399	555606956.812399
172		555606956.812399	555606956.812399
171		555606956.812399	555606956.812399
170		555606956.812399	555606956.812399
169		555606956.812399	555606956.812399
168		555606956.812399	555606956.812399
167		555606956.812399	555606956.812399
166		555606956.812399	555606956.812399
165		555606956.812399	555606956.812399
164		555606956.812399	555606956.812399
163		555606956.812399	555606956.812399
162		555606956.812399	555606956.812399
161		555606956.812399	555606956.812399
160		555606956.812399	555606956.812399
159		555606956.812399	555606956.812399
158		555606956.812399	555606956.812399
157		555606956.812399	555606956.812399
156		555606956.812399	555606956.812399
155		555606956.812399	555606956.812399
154		555606956.812399	555606956.812399
153		555606956.812399	555606956.812399
152		555606956.812399	555606956.812399
151		555606956.812399	555606956.812399
150		555606956.812399	555606956.812399
149		555606956.812399	555606956.812399
148		555606956.812399	555606956.812399
147		555606956.812399	555606956.812399
146		555606956.812399	555606956.812399
145		555606956.812399	555606956.812399
144		555606956.812399	555606956.812399
143		555606956.812399	555606956.812399
142		555606956.812399	555606956.812399
141		555606956.812399	555606956.812399
140		555606956.812399	555606956.812399
139		555606956.812399	555606956.812399
138		555606956.812399	555606956.812399
137		555606956.812399	555606956.812399
136		555606956.812399	555606956.812399
135.5		555606956.812399	555606956.812399
135		555606956.812399	555606956.812399
134		555606956.812399	555606956.812399
133		555606956.812399	555606956.812399
132		555606956.812399	555606956.812399
131		555606956.812399	555606956.812399
130		555606956.812399	555606956.812399
129		555606956.812399	555606956.812399
128		555606956.812399	555606956.812399
127		555606956.812399	555606956.812399
126		555606956.812399	555606956.812399
125		555606956.812399	555606956.812399
124		555606956.812399	555606956.812399
123		555606956.812399	555606956.812399
122		555606956.812399	555606956.812399
121		555606956.812399	555606956.812399
120		555606956.812399	555606956.812399
119		555606956.812399	555606956.812399
118		555606956.812399	555606956.812399
117		555606956.812399	555606956.812399
116		555606956.812399	555606956.812399
115.5		555606956.812399	555606956.812399
115		555606956.812399	555606956.812399
114		555606956.812399	555606956.812399
113		555606956.812399	555606956.812399
112		555606956.812399	555606956.812399
111		555606956.812399	555606956.812399
110		555606956.812399	555606956.812399
109		555606956.812399	555606956.812399
108		555606956.812399	555606956.812399
107		555606956.812399	555606956.812399
106		555606956.812399	555606956.812399
105		555606956.812399	555606956.812399
104		555606956.812399	555606956.812399
103		555606956.812399	555606956.812399
102		555606956.812399	555606956.812399
101		555606956.812399	555606956.812399
100		555606956.812399	555606956.812399
99		555606956.812399	555606956.812399
98		555606956.812399	555606956.812399
97		555606956.812399	555606956.812399
96		555606956.812399	555606956.812399
95		555606956.812399	555606956.812399
94		555606956.812399	555606956.812399
93		555606956.812399	555606956.812399
92		555606956.812399	555606956.812399
91		555606956.812399	555606956.812399
90		555606956.812399	555606956.812399
89.1		555606956.812399	555606956.812399
89		555606956.812399	555606956.812399
88		555606956.812399	555606956.812399
87		555606956.812399	555606956.812399
86		555606956.812399	555606956.812399
85		555606956.812399	555606956.812399
84		555606956.812399	555606956.812399
83		555606956.812399	555606956.812399
82		555606956.812399	555606956.812399
81		555606956.812399	555606956.812399
80		555606956.812399	555606956.812399
79		555606956.812399	555606956.812399
78		555606956.812399	555606956.812399
77		555606956.812399	555606956.812399
76		555606956.812399	555606956.812399
75		555606956.812399	555606956.812399
74		555606956.812399	555606956.812399
73		555606956.812399	555606956.812399
72		555606956.812399	555606956.812399
71		555606956.812399	555606956.812399
70		555606956.812399	555606956.812399
69		555606956.812399	555606956.812399
68		555606956.812399	555606956.812399
67		555606956.812399	555606956.812399
66		555606956.812399	555606956.812399
65		555606956.812399	555606956.812399
64		555606956.812399	555606956.812399
63		555606956.812399	555606956.812399
62		555606956.812399	555606956.812399
61		555606956.812399	555606956.812399
60		555606956.812399	555606956.812399
59		555606956.812399	555606956.812399
58		555606956.812399	555606956.812399
57		555606956.812399	555606956.812399
56		555606956.812399	555606956.812399
55		555606956.812399	555606956.812399
54		555606956.812399	555606956.812399
53		555606956.812399	555606956.812399
52.1		555606956.812399	555606956.812399
52		555606956.812399	555606956.812399
51		555606956.812399	555606956.812399
50		555606956.812399	555606956.812399
49		555606956.812399	555606956.812399
48		555606956.812399	555606956.812399
47		555606956.812399	555606956.812399
46		555606956.812399	555606956.812399
45		555606956.812399	555606956.812399
44		555606956.812399	555606956.812399
43		555606956.812399	555606956.812399
42		555606956.812399	555606956.812399
41		555606956.812399	555606956.812399
40		555606956.812399	555606956.812399
39		555606956.812399	555606956.812399
38		555606956.812399	555606956.812399
37		555606956.812399	555606956.812399
36		555606956.812399	555606956.812399
35		555606956.812399	555606956.812399
34.2		555606956.812399	555606956.812399
34.1		555606956.812399	555606956.812399
34		555606956.812399	555606956.812399
33		555606956.812399	555606956.812399
32		555606956.812399	555606956.812399
31.5		555606956.812399	555606956.812399
31		555606956.812399	555606956.812399
30		555606956.812399	555606956.812399
29		555606956.812399	555606956.812399
28		555606956.812399	555606956.812399
27		555606956.812399	555606956.812399
26		555606956.812399	555606956.812399
25		555606956.812399	555606956.812399
24		555606956.812399	555606956.812399
23		555606956.812399	555606956.812399
22		555606956.812399	555606956.812399
21		555606956.812399	555606956.812399
20		555606956.812399	555606956.812399
19		555606956.812399	555606956.812399
18.2		555606956.812399	555606956.812399
18.1		555606956.812399	555606956.812399
18		555606956.812399	555606956.812399
17		555606956.812399	555606956.812399
16		555606956.812399	555606956.812399
15		555606956.812399	555606956.812399
14		555606956.812399	555606956.812399
13		555606956.812399	555606956.812399
12		555606956.812399	555606956.812399
11		555606956.812399	555606956.812399
10		555606956.812399	555606956.812399
9		555606956.812399	555606956.812399
8		555606956.812399	555606956.812399
7		555606956.812399	555606956.812399
6		555606956.812399	555606956.812399
5		555606956.812399	555606956.812399
4		555606956.812399	555606956.812399
3		555606956.812399	555606956.812399
2		555606956.812399	555606956.812399
1		555606956.812399	555606956.812399
