1	557941979.239122
z13mangadex	Nakamura Koedo to Daizu Keisuke wa Umakuikanai			L	https://mangadex.org/title/13962/nakamura-koedo-to-daizu-keisuke-wa-umakuikanai	0.000000
17		557941965.301169	557941965.301169
16		557941965.301169	557941965.301169
15		557941965.301169	557941965.301169
14		557941965.301169	557941965.301169
13		557941965.301169	557941965.301169
12		557941965.301169	557941965.301169
11.5		557941965.301169	557941965.301169
11		557941965.301169	557941965.301169
10		557941965.301169	557941965.301169
9		557941965.301169	557941965.301169
8		557941965.301169	557941965.301169
7		557941965.301169	557941965.301169
6		557941965.301169	557941965.301169
5		557941965.301169	557941965.301169
4		557941965.301169	557941965.301169
3		557941965.301169	557941965.301169
2		557941965.301169	557941965.301169
1		557941965.301169	557941965.301169
0		557941965.301169	557941965.301169
