1	557586414.291914
z13mangadex	Rikei ga Koi ni Ochita no de Shoumeishitemita.	14	557586300.551295	L	https://mangadex.org/title/19204/rikei-ga-koi-ni-ochita-no-de-shoumeishitemita	557586300.551295
12		556219276.727928	556219409.469730
13	026	556219409.789854	556219490.522617
11		556219494.009832	556219494.009832
10		556219494.009832	556219494.009832
9		556219494.009832	556219494.009832
8.5		556219494.009832	556219494.009832
8		556219494.009832	556219494.009832
7.5		556219494.009832	556219494.009832
7		556219494.009832	556219494.009832
6		556219494.009832	556219494.009832
5		556219494.009832	556219494.009832
4.5		556219494.009832	556219494.009832
4		556219494.009832	556219494.009832
3		556219494.009832	556219494.009832
2		556219494.009832	556219494.009832
1		556219494.009832	556219494.009832
13.5	007	556547263.646719	556547737.672063
14	023	557586300.551295	557586412.567621
