1	567107571.037905
z13mangadex	Game Yaru kara 100-en Kashite!	11	567107487.204608	L	https://mangadex.org/title/21978/game-yaru-kara-100-en-kashite	567107487.204608
10		555605692.889293	555605692.889293
9		555605692.889293	555605692.889293
8		555605692.889293	555605692.889293
7		555605692.889293	555605692.889293
6		555605692.889293	555605692.889293
5		555605692.889293	555605692.889293
4		555605692.889293	555605692.889293
3		555605692.889293	555605692.889293
2		555605692.889293	555605692.889293
1		555605692.889293	555605692.889293
11	022	567107487.204608	567107569.277328
