1	563478610.877620
z13mangadex	Aharen-san wa Hakarenai			L	https://mangadex.org/title/21374/aharen-san-wa-hakarenai	0.000000
37		555526977.247201	555526977.247201
36		555526977.247201	555526977.247201
35		555526977.247201	555526977.247201
34		555526977.247201	555526977.247201
33		555526977.247201	555526977.247201
32		555526977.247201	555526977.247201
31		555526977.247201	555526977.247201
30		555526977.247201	555526977.247201
29.5		555526977.247201	555526977.247201
29		555526977.247201	555526977.247201
28		555526977.247201	555526977.247201
27		555526977.247201	555526977.247201
26		555526977.247201	555526977.247201
25.5		555526977.247201	555526977.247201
25		555526977.247201	555526977.247201
24		555526977.247201	555526977.247201
23		555526977.247201	555526977.247201
22		555526977.247201	555526977.247201
21		555526977.247201	555526977.247201
20.5		555526977.247201	555526977.247201
20		555526977.247201	555526977.247201
19		555526977.247201	555526977.247201
18		555526977.247201	555526977.247201
17.5		555526977.247201	555526977.247201
17		555526977.247201	555526977.247201
16		555526977.247201	555526977.247201
15		555526977.247201	555526977.247201
14		555526977.247201	555526977.247201
13		555526977.247201	555526977.247201
12		555526977.247201	555526977.247201
11		555526977.247201	555526977.247201
10.5		555526977.247201	555526977.247201
10		555526977.247201	555526977.247201
9		555526977.247201	555526977.247201
8		555526977.247201	555526977.247201
7		555526977.247201	555526977.247201
6		555526977.247201	555526977.247201
5		555526977.247201	555526977.247201
4		555526977.247201	555526977.247201
3		555526977.247201	555526977.247201
2		555526977.247201	555526977.247201
1		555526977.247201	555526977.247201
