1	556733802.218459
z13mangadex	Kono Subarashii Sekai ni Bakuen wo!			L	https://mangadex.org/title/18962/kono-subarashii-sekai-ni-bakuen-wo	0.000000
20		556733801.437510	556733801.437510
19		556733801.437510	556733801.437510
18		556733801.437510	556733801.437510
17		556733801.437510	556733801.437510
16		556733801.437510	556733801.437510
15		556733801.437510	556733801.437510
14		556733801.437510	556733801.437510
13		556733801.437510	556733801.437510
12		556733801.437510	556733801.437510
11		556733801.437510	556733801.437510
10		556733801.437510	556733801.437510
9		556733801.437510	556733801.437510
8		556733801.437510	556733801.437510
7		556733801.437510	556733801.437510
6		556733801.437510	556733801.437510
5		556733801.437510	556733801.437510
4		556733801.437510	556733801.437510
3		556733801.437510	556733801.437510
2		556733801.437510	556733801.437510
1		556733801.437510	556733801.437510
0		556733801.437510	556733801.437510
