1	567992286.064361
z13mangadex	1/11	18	567992159.801254	L	https://mangadex.org/title/3547/1-11	567992159.801254
16		555526597.264715	555526597.264715
15		555526597.264715	555526597.264715
12		555526597.264715	555526597.264715
11		555526597.264715	555526597.264715
10		555526597.264715	555526597.264715
9.5		555526597.264715	555526597.264715
9		555526597.264715	555526597.264715
8		555526597.264715	555526597.264715
7		555526597.264715	555526597.264715
6		555526597.264715	555526597.264715
5		555526597.264715	555526597.264715
4		555526597.264715	555526597.264715
3		555526597.264715	555526597.264715
2		555526597.264715	555526597.264715
1		555526597.264715	555526597.264715
20	053	567033708.398746	567033815.983200
14	002	566124858.346866	566124862.267226
17		567033582.827518	567033707.975363
17.2		567093066.907654	567093066.907654
17.1		567093066.907654	567093066.907654
18	051	567992159.801254	567992286.063931
