1	561233250.222185
z13mangadex	Teen Mom	32	561233161.612481	B	https://mangadex.org/title/18425/teen-mom	561233161.612481
31		555550405.315499	555550405.315499
30		555550405.315499	555550405.315499
29		555550405.315499	555550405.315499
28		555550405.315499	555550405.315499
27.1		555550405.315499	555550405.315499
27		555550405.315499	555550405.315499
26		555550405.315499	555550405.315499
25		555550405.315499	555550405.315499
24		555550405.315499	555550405.315499
23		555550405.315499	555550405.315499
22		555550405.315499	555550405.315499
21		555550405.315499	555550405.315499
20		555550405.315499	555550405.315499
19		555550405.315499	555550405.315499
18		555550405.315499	555550405.315499
17		555550405.315499	555550405.315499
16		555550405.315499	555550405.315499
15		555550405.315499	555550405.315499
14		555550405.315499	555550405.315499
13		555550405.315499	555550405.315499
12		555550405.315499	555550405.315499
11		555550405.315499	555550405.315499
10		555550405.315499	555550405.315499
9		555550405.315499	555550405.315499
8		555550405.315499	555550405.315499
7		555550405.315499	555550405.315499
6		555550405.315499	555550405.315499
5		555550405.315499	555550405.315499
4		555550405.315499	555550405.315499
3		555550405.315499	555550405.315499
2		555550405.315499	555550405.315499
1		555550405.315499	555550405.315499
32	038	561233161.612481	561233248.814232
