1	567991290.455612
z13mangadex	Senryuu Shoujo	61	567991186.697343	L	https://mangadex.org/title/22482/senryuu-shoujo	567991186.697343
1		556501424.366063	556512528.841931
2		556516121.696120	556516208.566580
3		556550977.509564	556551377.955742
4		556551378.161473	556551972.443250
5		556551973.191700	556552773.915202
6		556552774.511341	556554007.853854
7		556554008.438878	556554121.874088
8		556554122.514579	556555598.325908
9		556555599.412114	556558161.741773
10		556558162.089114	556559155.509541
11		556559155.837486	556559357.751712
12		556559358.318872	556562468.411270
13		556562469.060531	556562576.545968
14		556562577.074242	556564445.168520
15		556564445.825684	556564767.718888
16		556564768.383708	556564874.659084
17		556564875.232932	556564974.547043
18		556575821.113025	556576918.739081
19		556576919.100696	556577272.703052
20		556577273.399658	556578411.180168
21		556578411.788986	556578471.928388
22		556578472.506884	556578553.352191
23		556578554.002874	556578849.721410
24		556578850.364480	556579404.655260
25		556579405.280523	556579513.359337
26		556579514.016132	556584929.493800
27		556584930.155960	556586282.844605
28		556586283.455952	556600246.132359
29		556602582.171477	556602673.430733
30		556602673.716550	556633045.564817
31		556637473.944449	556637783.630660
32		556637784.286618	556638247.747417
33		556638248.373752	556638735.490817
34		556638736.243773	556639486.381419
35		556639487.135710	556640633.982738
36		556640634.621166	556644806.748956
37		556644807.317628	556646841.784976
38		556646861.383329	556653385.075125
39		556653385.409284	556655958.917561
40		556655959.546551	556655979.151622
41	009	556655979.692307	556656025.473461
42		559579491.596228	559579765.939853
43		559579766.266351	559579786.157101
44	009	559579786.417766	559579840.260977
45		559756335.358429	559756410.148589
46	009	559756410.443928	559756468.673224
47		560099146.937816	560099406.835684
48		560099407.218635	560099462.388258
49	011	560099462.665424	560099517.806456
50		560358216.061045	560358963.347981
51		560358963.906003	560359245.263903
51.5	016	560359245.489829	560359640.016243
52	013	560698914.214970	560700106.622570
53	012	561218244.621387	561230839.634161
54	009	561386587.873023	561386725.632272
55	013	562613152.539352	562613270.779853
56	012	563125824.490649	563125917.972823
57	010	563209360.230887	563211074.947970
58	012	567145411.435703	567146832.558515
59		567910989.127633	567911113.057747
60	012	567911113.405554	567912792.719938
61	010	567991186.697343	567991288.673320
