1	566844700.108320
z13mangadex	Hare-kon.	149	566832321.435388	L	https://mangadex.org/title/13233/hare-kon	566832321.435388
1		557020316.533404	557020489.232628
2		557020489.651691	557020597.684621
3		557020598.551102	557020691.158088
4		557020691.534132	557020748.310350
5		557020749.096116	557020803.679701
6		557020804.080291	557020867.315587
7		557020867.679690	557020967.169329
8		557020967.896036	557021016.887921
9		557021017.370454	557021084.271626
10		557021084.615006	557021153.556010
11		557021153.905237	557021234.847039
12		557021235.273543	557021314.181672
13		557021314.534831	557021360.002333
14		557021360.538779	557021433.405386
15		557021433.960053	557021515.975326
16		557021516.368918	557021573.661095
17		557021574.017199	557022218.388305
18		557022219.227596	557022275.723598
19	019	557022276.069918	557022331.974891
139	019	557084221.875127	557084343.453359
20		557031354.029282	557031443.401871
21		557031443.806531	557031670.349954
22		557031670.671398	557031749.303338
23		557031750.097438	557032682.526847
24		557032682.795162	557032781.982269
25		557032782.363200	557032840.868071
26		557032841.621897	557032918.234082
27		557032918.494555	557032998.075264
28		557032998.811583	557033079.546066
29		557033079.894882	557033146.412802
30		557033146.784888	557033212.531329
31		557033212.979742	557033281.985790
32		557033282.353099	557033344.355343
33		557033344.786916	557033389.860019
34		557033390.183234	557033445.062272
35		557033445.484534	557033505.715231
36		557033505.995436	557033565.634506
37		557033566.454927	557033663.303201
38		557033664.099815	557033744.292514
39		557033744.581013	557033828.213361
40		557033828.578997	557033913.367107
41		557033914.164106	557033974.167427
42		557033974.601743	557034045.803889
43		557034046.080849	557034100.256443
44		557034100.946543	557034179.829490
45		557034180.244009	557034267.078530
46		557034267.343179	557034357.788172
47		557034358.180315	557034438.528191
48		557034438.905813	557034903.161598
49		557034903.844837	557034976.867225
50		557034977.114103	557035028.552782
51		557035028.946218	557035109.059135
52		557035109.731535	557035198.759568
53		557035199.088679	557035260.311454
54		557035260.597385	557035339.799470
55		557035340.463915	557035408.485495
56		557035409.273108	557035482.138698
57		557035482.886030	557035546.275709
58		557035547.042304	557035610.377335
59		557035727.395517	557035803.996757
60		557035804.688440	557035859.101913
61		557035859.500907	557035955.637353
62		557035956.345327	557036039.174878
63		557036039.613795	557036106.427338
64		557036106.827620	557036382.241990
65		557036382.564456	557036444.797627
66		557036445.435966	557036493.464121
67		557036494.172281	557036948.601941
68		557036949.246169	557037012.492432
69		557037013.150132	557037073.075179
70		557037458.929525	557037543.251833
71		557037543.910308	557037614.672142
72		557037615.400531	557037702.676578
73		557037703.471385	557037983.340271
74		557037983.727726	557038032.626264
75		557038033.393563	557038069.444750
76		557038069.813055	557038112.146805
77		557038112.529727	557038159.762376
78		557038160.142117	557038218.199763
79		557038218.859869	557038255.787214
80		557038256.485408	557038294.372563
81		557038294.691355	557038348.725316
82		557038349.106676	557038416.712081
83		557038417.091379	557038470.831934
84		557038471.179684	557038558.465956
85		557038558.710138	557038621.022302
86		557038621.902612	557038688.222788
87		557038688.598882	557038728.494117
88		557038728.886252	557038774.229863
89		557038774.546298	557038820.231835
90		557038820.504249	557038856.667034
91		557038856.978862	557038927.537388
92		557038927.955627	557064825.665198
93		557064826.084892	557064912.854386
94		557064913.617791	557064994.686951
95		557064994.907027	557065161.700274
96		557065162.385977	557065236.954390
97		557065237.661416	557065433.778850
98		557065434.166912	557065498.210601
99		557065498.855474	557065543.029842
100		557065543.753009	557065630.904762
101		557065631.295481	557065688.256972
102		557065689.078533	557065738.440188
103		557065738.836545	557065806.240779
104		557065806.500673	557065860.814708
105		557065861.237592	557065927.565263
106		557065928.291819	557065960.752661
107		557065961.397577	557066002.468489
108		557066002.837778	557066065.073923
109		557066065.863157	557066104.290518
110		557066105.005337	557066165.795769
111		557066166.160860	557066191.562859
112		557066192.235310	557066228.481066
113		557066228.805608	557066255.065563
114		557066255.720241	557066300.100855
115		557066300.516419	557066330.169533
116		557066330.897907	557066386.321428
117		557066386.734088	557066448.536029
118		557066448.796533	557066490.209466
119		557066491.017501	557069484.325247
120		557069485.121328	557069932.972858
121		557069933.604244	557070080.540857
122		557070081.135536	557071432.051517
123		557071432.650257	557072726.784774
124		557072727.414954	557072983.852446
125		557072984.587895	557076566.305998
126		557076567.057850	557078229.503184
127		557079639.815797	557079660.189692
128		557079660.744092	557079721.346986
129		557079721.700949	557081783.663754
130		557081784.320429	557081945.067599
131		557081945.723365	557083659.328848
132		557083659.964811	557083758.265489
133		557083758.985888	557083934.009683
134		557083934.211708	557083985.733754
135		557083986.333987	557084046.303945
136		557084046.942742	557084110.435813
137		557084111.023510	557084156.420185
138		557084157.019829	557084221.157074
140	020	557849585.999386	557850177.958568
141	020	558503587.005313	558503715.643718
142	021	558969807.357607	558969916.354105
143	021	559574759.898319	559574843.505215
144	020	560176013.526665	560176120.245799
145		561382000.252781	561382148.481977
146	020	561382148.817972	561382254.162884
147	023	562076634.271434	562076694.051183
148	025	566228157.942822	566232100.895250
149	020	566832321.435388	566832433.191073
