1	563551098.158475
z13mangadex	Renai Boukun	53	563550983.308533	L	https://mangadex.org/title/6490/renai-boukun	563550983.308533
52		558976574.999731	558976574.999731
51		558976574.999731	558976574.999731
50		558976574.999731	558976574.999731
49.5		558976574.999731	558976574.999731
49		558976574.999731	558976574.999731
48		558976574.999731	558976574.999731
47		558976574.999731	558976574.999731
46.2		558976574.999731	558976574.999731
46		558976574.999731	558976574.999731
45		558976574.999731	558976574.999731
44		558976574.999731	558976574.999731
43		558976574.999731	558976574.999731
42		558976574.999731	558976574.999731
41		558976574.999731	558976574.999731
40		558976574.999731	558976574.999731
39		558976574.999731	558976574.999731
38		558976574.999731	558976574.999731
37		558976574.999731	558976574.999731
36		558976574.999731	558976574.999731
35		558976574.999731	558976574.999731
34		558976574.999731	558976574.999731
33.5		558976574.999731	558976574.999731
33		558976574.999731	558976574.999731
32		558976574.999731	558976574.999731
31		558976574.999731	558976574.999731
30		558976574.999731	558976574.999731
29.5		558976574.999731	558976574.999731
29		558976574.999731	558976574.999731
28		558976574.999731	558976574.999731
27		558976574.999731	558976574.999731
26		558976574.999731	558976574.999731
25		558976574.999731	558976574.999731
24.5		558976574.999731	558976574.999731
24		558976574.999731	558976574.999731
23		558976574.999731	558976574.999731
22		558976574.999731	558976574.999731
21		558976574.999731	558976574.999731
20		558976574.999731	558976574.999731
19		558976574.999731	558976574.999731
18		558976574.999731	558976574.999731
17.5		558976574.999731	558976574.999731
17		558976574.999731	558976574.999731
16		558976574.999731	558976574.999731
15		558976574.999731	558976574.999731
14		558976574.999731	558976574.999731
13.5		558976574.999731	558976574.999731
13		558976574.999731	558976574.999731
12		558976574.999731	558976574.999731
11		558976574.999731	558976574.999731
10		558976574.999731	558976574.999731
9		558976574.999731	558976574.999731
8		558976574.999731	558976574.999731
7		558976574.999731	558976574.999731
6		558976574.999731	558976574.999731
5		558976574.999731	558976574.999731
4		558976574.999731	558976574.999731
3		558976574.999731	558976574.999731
2		558976574.999731	558976574.999731
1		558976574.999731	558976574.999731
53	032	563550983.308533	563551096.600140
