1	567811135.375493
z13mangadex	Sword Art Online - Progressive			L	https://mangadex.org/title/9604/sword-art-online-progressive	0.000000
35		558984585.425266	558984585.425266
34		558984585.425266	558984585.425266
33.5		558984585.425266	558984585.425266
33		558984585.425266	558984585.425266
32		558984585.425266	558984585.425266
31		558984585.425266	558984585.425266
30		558984585.425266	558984585.425266
17		558984585.425266	558984585.425266
16.5		558984585.425266	558984585.425266
16		558984585.425266	558984585.425266
15		558984585.425266	558984585.425266
14		558984585.425266	558984585.425266
13		558984585.425266	558984585.425266
12		558984585.425266	558984585.425266
11		558984585.425266	558984585.425266
10.5		558984585.425266	558984585.425266
10		558984585.425266	558984585.425266
9		558984585.425266	558984585.425266
8		558984585.425266	558984585.425266
7		558984585.425266	558984585.425266
6.5		558984585.425266	558984585.425266
6		558984585.425266	558984585.425266
5		558984585.425266	558984585.425266
4		558984585.425266	558984585.425266
3		558984585.425266	558984585.425266
2		558984585.425266	558984585.425266
1		558984585.425266	558984585.425266
