1	564932252.209799
z13mangadex	Soukyuu no Ariadne	15	564932215.602149	L	https://mangadex.org/title/22809/soukyuu-no-ariadne	564932215.602149
1		560701316.658786	560701593.930782
2		560701594.563229	560701733.353486
3		560701734.077602	560702159.308671
4		560702159.626507	560702332.546185
5		560702332.903513	560702429.915212
6		560702430.220456	560702472.434904
7		560702472.709170	560702560.071181
8		560702560.345874	560702629.705844
9		560702630.007323	560702696.060130
10		560702696.324737	560702738.278460
11		560702766.525533	560702920.652419
12		560702920.893207	560702959.652470
13		560702960.149798	560703037.574110
14	018	560703037.876530	560703097.730952
15	019	564932215.602149	564932250.719374
