1	557774121.582461
z13mangadex	Pokémon - Dating a Team Magma Grunt (Doujinshi)	10.2	557774083.656063	B	https://mangadex.org/title/14246/pok-mon-dating-a-team-magma-grunt-doujinshi	557774083.656063
1		557771931.330973	557772033.762976
2		557772034.419141	557772090.994332
3		557772091.189635	557772188.383618
4		557772189.040903	557772255.838762
5		557772256.424950	557772386.699909
6		557772387.349450	557772629.261107
6.5		557772629.903102	557773329.195681
7		557773329.883911	557773570.563030
8		557773571.188760	557773827.289581
8.5		557773827.928912	557773849.890389
9		557773850.132272	557773953.295591
10		557773954.162694	557774082.867548
10.2	004	557774083.656063	557774121.582048
