1	565941015.484852
z13mangadex	D-Frag!	108	565939066.123259	L	https://mangadex.org/title/444/d-frag	565939066.123259
102		555604098.194971	555604098.194971
101		555604098.194971	555604098.194971
100		555604098.194971	555604098.194971
99		555604098.194971	555604098.194971
98		555604098.194971	555604098.194971
97		555604098.194971	555604098.194971
96		555604098.194971	555604098.194971
95		555604098.194971	555604098.194971
94		555604098.194971	555604098.194971
93		555604098.194971	555604098.194971
92		555604098.194971	555604098.194971
91		555604098.194971	555604098.194971
90		555604098.194971	555604098.194971
89		555604098.194971	555604098.194971
88		555604098.194971	555604098.194971
87		555604098.194971	555604098.194971
86		555604098.194971	555604098.194971
85		555604098.194971	555604098.194971
84		555604098.194971	555604098.194971
83		555604098.194971	555604098.194971
82		555604098.194971	555604098.194971
81		555604098.194971	555604098.194971
80		555604098.194971	555604098.194971
79		555604098.194971	555604098.194971
78.5		555604098.194971	555604098.194971
78		555604098.194971	555604098.194971
77		555604098.194971	555604098.194971
76		555604098.194971	555604098.194971
75		555604098.194971	555604098.194971
74		555604098.194971	555604098.194971
73		555604098.194971	555604098.194971
72		555604098.194971	555604098.194971
71		555604098.194971	555604098.194971
70		555604098.194971	555604098.194971
69		555604098.194971	555604098.194971
68		555604098.194971	555604098.194971
67		555604098.194971	555604098.194971
66		555604098.194971	555604098.194971
65.5		555604098.194971	555604098.194971
65		555604098.194971	555604098.194971
64		555604098.194971	555604098.194971
63		555604098.194971	555604098.194971
62		555604098.194971	555604098.194971
61		555604098.194971	555604098.194971
60		555604098.194971	555604098.194971
59		555604098.194971	555604098.194971
58.5		555604098.194971	555604098.194971
58		555604098.194971	555604098.194971
57		555604098.194971	555604098.194971
56		555604098.194971	555604098.194971
55		555604098.194971	555604098.194971
54		555604098.194971	555604098.194971
53		555604098.194971	555604098.194971
52		555604098.194971	555604098.194971
51		555604098.194971	555604098.194971
50		555604098.194971	555604098.194971
49		555604098.194971	555604098.194971
48		555604098.194971	555604098.194971
47		555604098.194971	555604098.194971
46		555604098.194971	555604098.194971
45		555604098.194971	555604098.194971
44		555604098.194971	555604098.194971
43		555604098.194971	555604098.194971
42		555604098.194971	555604098.194971
41		555604098.194971	555604098.194971
40		555604098.194971	555604098.194971
39		555604098.194971	555604098.194971
38		555604098.194971	555604098.194971
37		555604098.194971	555604098.194971
36		555604098.194971	555604098.194971
35		555604098.194971	555604098.194971
34		555604098.194971	555604098.194971
33		555604098.194971	555604098.194971
32		555604098.194971	555604098.194971
31		555604098.194971	555604098.194971
30		555604098.194971	555604098.194971
29		555604098.194971	555604098.194971
28		555604098.194971	555604098.194971
27		555604098.194971	555604098.194971
26		555604098.194971	555604098.194971
25		555604098.194971	555604098.194971
24		555604098.194971	555604098.194971
23		555604098.194971	555604098.194971
22		555604098.194971	555604098.194971
21		555604098.194971	555604098.194971
20		555604098.194971	555604098.194971
19		555604098.194971	555604098.194971
18		555604098.194971	555604098.194971
17		555604098.194971	555604098.194971
16		555604098.194971	555604098.194971
15		555604098.194971	555604098.194971
14.5		555604098.194971	555604098.194971
14		555604098.194971	555604098.194971
13		555604098.194971	555604098.194971
12		555604098.194971	555604098.194971
11		555604098.194971	555604098.194971
10		555604098.194971	555604098.194971
9		555604098.194971	555604098.194971
8		555604098.194971	555604098.194971
7		555604098.194971	555604098.194971
6		555604098.194971	555604098.194971
5		555604098.194971	555604098.194971
4		555604098.194971	555604098.194971
3		555604098.194971	555604098.194971
2		555604098.194971	555604098.194971
1		555604098.194971	555604098.194971
103	013	555873841.278045	555873948.658206
104		559147472.563941	559147619.262981
105	013	559147619.524520	559147715.413812
106		565938906.620869	565938991.230610
107		565938991.508401	565939065.869684
108	015	565939066.123259	565939174.869131
