1	565209121.539504
z13mangadex	Horimiya	93	565208853.740983	L	https://mangadex.org/title/6770/horimiya	565208853.740983
91		555525817.412621	555525817.412621
90		555525817.412621	555525817.412621
89		555525817.412621	555525817.412621
88		555525817.412621	555525817.412621
87		555525817.412621	555525817.412621
86		555525817.412621	555525817.412621
85		555525817.412621	555525817.412621
84		555525817.412621	555525817.412621
83		555525817.412621	555525817.412621
82		555525817.412621	555525817.412621
81.5		555525817.412621	555525817.412621
81		555525817.412621	555525817.412621
80		555525817.412621	555525817.412621
79		555525817.412621	555525817.412621
78		555525817.412621	555525817.412621
77		555525817.412621	555525817.412621
76		555525817.412621	555525817.412621
75		555525817.412621	555525817.412621
74		555525817.412621	555525817.412621
73		555525817.412621	555525817.412621
72		555525817.412621	555525817.412621
71.7		555525817.412621	555525817.412621
71.6		555525817.412621	555525817.412621
71.5		555525817.412621	555525817.412621
71		555525817.412621	555525817.412621
70		555525817.412621	555525817.412621
69		555525817.412621	555525817.412621
68		555525817.412621	555525817.412621
67		555525817.412621	555525817.412621
66		555525817.412621	555525817.412621
65		555525817.412621	555525817.412621
64		555525817.412621	555525817.412621
63.5		555525817.412621	555525817.412621
63		555525817.412621	555525817.412621
62		555525817.412621	555525817.412621
61		555525817.412621	555525817.412621
60		555525817.412621	555525817.412621
59		555525817.412621	555525817.412621
58		555525817.412621	555525817.412621
57		555525817.412621	555525817.412621
56.5		555525817.412621	555525817.412621
56		555525817.412621	555525817.412621
55		555525817.412621	555525817.412621
54		555525817.412621	555525817.412621
53		555525817.412621	555525817.412621
52		555525817.412621	555525817.412621
51		555525817.412621	555525817.412621
50.5		555525817.412621	555525817.412621
50		555525817.412621	555525817.412621
49		555525817.412621	555525817.412621
48		555525817.412621	555525817.412621
47		555525817.412621	555525817.412621
46		555525817.412621	555525817.412621
45		555525817.412621	555525817.412621
44		555525817.412621	555525817.412621
43		555525817.412621	555525817.412621
42.5		555525817.412621	555525817.412621
42		555525817.412621	555525817.412621
41		555525817.412621	555525817.412621
40		555525817.412621	555525817.412621
39		555525817.412621	555525817.412621
38		555525817.412621	555525817.412621
37		555525817.412621	555525817.412621
36		555525817.412621	555525817.412621
35		555525817.412621	555525817.412621
34.5		555525817.412621	555525817.412621
34		555525817.412621	555525817.412621
33		555525817.412621	555525817.412621
32		555525817.412621	555525817.412621
31		555525817.412621	555525817.412621
30		555525817.412621	555525817.412621
29		555525817.412621	555525817.412621
28		555525817.412621	555525817.412621
27		555525817.412621	555525817.412621
26.5		555525817.412621	555525817.412621
26		555525817.412621	555525817.412621
25		555525817.412621	555525817.412621
24		555525817.412621	555525817.412621
23		555525817.412621	555525817.412621
22		555525817.412621	555525817.412621
21		555525817.412621	555525817.412621
20.5		555525817.412621	555525817.412621
20		555525817.412621	555525817.412621
19		555525817.412621	555525817.412621
18		555525817.412621	555525817.412621
17		555525817.412621	555525817.412621
16		555525817.412621	555525817.412621
15		555525817.412621	555525817.412621
14		555525817.412621	555525817.412621
13.5		555525817.412621	555525817.412621
13		555525817.412621	555525817.412621
12		555525817.412621	555525817.412621
11		555525817.412621	555525817.412621
10		555525817.412621	555525817.412621
9		555525817.412621	555525817.412621
8		555525817.412621	555525817.412621
7		555525817.412621	555525817.412621
6		555525817.412621	555525817.412621
5		555525817.412621	555525817.412621
4		555525817.412621	555525817.412621
3		555525817.412621	555525817.412621
2		555525817.412621	555525817.412621
1		555525817.412621	555525817.412621
92	018	561578846.927350	561578986.131048
93	017	565208853.740983	565209121.538324
