1	567702010.076757
z13mangadex	Sousei no Onmyouji	59	567701342.775515	L	https://mangadex.org/title/10456/sousei-no-onmyouji	567701342.775515
51	001	558978723.704723	558978726.605360
50		558978731.196783	558978731.196783
49.1		558978731.196783	558978731.196783
49		558978731.196783	558978731.196783
48		558978731.196783	558978731.196783
47		558978731.196783	558978731.196783
46		558978731.196783	558978731.196783
45		558978731.196783	558978731.196783
44		558978731.196783	558978731.196783
43		558978731.196783	558978731.196783
42		558978731.196783	558978731.196783
41		558978731.196783	558978731.196783
40		558978731.196783	558978731.196783
39.1		558978731.196783	558978731.196783
39		558978731.196783	558978731.196783
38		558978731.196783	558978731.196783
37		558978731.196783	558978731.196783
36		558978731.196783	558978731.196783
35		558978731.196783	558978731.196783
34		558978731.196783	558978731.196783
33		558978731.196783	558978731.196783
32		558978731.196783	558978731.196783
31		558978731.196783	558978731.196783
30		558978731.196783	558978731.196783
29.5		558978731.196783	558978731.196783
29		558978731.196783	558978731.196783
28		558978731.196783	558978731.196783
27		558978731.196783	558978731.196783
26		558978731.196783	558978731.196783
25		558978731.196783	558978731.196783
24		558978731.196783	558978731.196783
23		558978731.196783	558978731.196783
22		558978731.196783	558978731.196783
21		558978731.196783	558978731.196783
20		558978731.196783	558978731.196783
19		558978731.196783	558978731.196783
18		558978731.196783	558978731.196783
17		558978731.196783	558978731.196783
16		558978731.196783	558978731.196783
15		558978731.196783	558978731.196783
14		558978731.196783	558978731.196783
13.5		558978731.196783	558978731.196783
13		558978731.196783	558978731.196783
12		558978731.196783	558978731.196783
11		558978731.196783	558978731.196783
10		558978731.196783	558978731.196783
9		558978731.196783	558978731.196783
8		558978731.196783	558978731.196783
7		558978731.196783	558978731.196783
6		558978731.196783	558978731.196783
5		558978731.196783	558978731.196783
4		558978731.196783	558978731.196783
3.5		558978731.196783	558978731.196783
3		558978731.196783	558978731.196783
2		558978731.196783	558978731.196783
1		558978731.196783	558978731.196783
52		559056835.184606	559058031.771792
53	046	559058032.673907	559058320.583062
54		560790010.170016	560790192.311978
55	042	560790192.668129	560790339.186011
57	041	561912898.882675	561913351.959281
56		563125819.638343	563125819.638343
58	042	566778526.918648	566778643.778695
59	042	567701342.775515	567702007.085276
