1	557942852.257358
z13mangadex	Nisekoi Doumei.			L	https://mangadex.org/title/14531/nisekoi-doumei	0.000000
112		557942842.064910	557942842.064910
111		557942842.064910	557942842.064910
110		557942842.064910	557942842.064910
109		557942842.064910	557942842.064910
108		557942842.064910	557942842.064910
107		557942842.064910	557942842.064910
106		557942842.064910	557942842.064910
105		557942842.064910	557942842.064910
104		557942842.064910	557942842.064910
103		557942842.064910	557942842.064910
102		557942842.064910	557942842.064910
101		557942842.064910	557942842.064910
100		557942842.064910	557942842.064910
99		557942842.064910	557942842.064910
98		557942842.064910	557942842.064910
97		557942842.064910	557942842.064910
96		557942842.064910	557942842.064910
95		557942842.064910	557942842.064910
94		557942842.064910	557942842.064910
93		557942842.064910	557942842.064910
92		557942842.064910	557942842.064910
91		557942842.064910	557942842.064910
90		557942842.064910	557942842.064910
89		557942842.064910	557942842.064910
88		557942842.064910	557942842.064910
87		557942842.064910	557942842.064910
86		557942842.064910	557942842.064910
85		557942842.064910	557942842.064910
84		557942842.064910	557942842.064910
83		557942842.064910	557942842.064910
82		557942842.064910	557942842.064910
81		557942842.064910	557942842.064910
80		557942842.064910	557942842.064910
79		557942842.064910	557942842.064910
78		557942842.064910	557942842.064910
77		557942842.064910	557942842.064910
76		557942842.064910	557942842.064910
75		557942842.064910	557942842.064910
74		557942842.064910	557942842.064910
73		557942842.064910	557942842.064910
72		557942842.064910	557942842.064910
71		557942842.064910	557942842.064910
70		557942842.064910	557942842.064910
69		557942842.064910	557942842.064910
68		557942842.064910	557942842.064910
67		557942842.064910	557942842.064910
66		557942842.064910	557942842.064910
65		557942842.064910	557942842.064910
64		557942842.064910	557942842.064910
63		557942842.064910	557942842.064910
62		557942842.064910	557942842.064910
61		557942842.064910	557942842.064910
60		557942842.064910	557942842.064910
59		557942842.064910	557942842.064910
58		557942842.064910	557942842.064910
57		557942842.064910	557942842.064910
56		557942842.064910	557942842.064910
55		557942842.064910	557942842.064910
54		557942842.064910	557942842.064910
53		557942842.064910	557942842.064910
52		557942842.064910	557942842.064910
51		557942842.064910	557942842.064910
50		557942842.064910	557942842.064910
49		557942842.064910	557942842.064910
48		557942842.064910	557942842.064910
47		557942842.064910	557942842.064910
46		557942842.064910	557942842.064910
45		557942842.064910	557942842.064910
44		557942842.064910	557942842.064910
43		557942842.064910	557942842.064910
42		557942842.064910	557942842.064910
41		557942842.064910	557942842.064910
40		557942842.064910	557942842.064910
39		557942842.064910	557942842.064910
38		557942842.064910	557942842.064910
37		557942842.064910	557942842.064910
36		557942842.064910	557942842.064910
35		557942842.064910	557942842.064910
34		557942842.064910	557942842.064910
33		557942842.064910	557942842.064910
32		557942842.064910	557942842.064910
31		557942842.064910	557942842.064910
30		557942842.064910	557942842.064910
29		557942842.064910	557942842.064910
28		557942842.064910	557942842.064910
27		557942842.064910	557942842.064910
26		557942842.064910	557942842.064910
25		557942842.064910	557942842.064910
24		557942842.064910	557942842.064910
23		557942842.064910	557942842.064910
22		557942842.064910	557942842.064910
21		557942842.064910	557942842.064910
20		557942842.064910	557942842.064910
19		557942842.064910	557942842.064910
18		557942842.064910	557942842.064910
17		557942842.064910	557942842.064910
16		557942842.064910	557942842.064910
15		557942842.064910	557942842.064910
14		557942842.064910	557942842.064910
13		557942842.064910	557942842.064910
12		557942842.064910	557942842.064910
11		557942842.064910	557942842.064910
10		557942842.064910	557942842.064910
9		557942842.064910	557942842.064910
8		557942842.064910	557942842.064910
7		557942842.064910	557942842.064910
6		557942842.064910	557942842.064910
5		557942842.064910	557942842.064910
4		557942842.064910	557942842.064910
3		557942842.064910	557942842.064910
2		557942842.064910	557942842.064910
1		557942842.064910	557942842.064910
