1	555528691.931928
z13mangadex	Boku to Majo no Jikan			L	https://mangadex.org/manga/1693/boku-to-majo-no-jikan	0.000000
14		555528691.265461	555528691.265461
13		555528691.265461	555528691.265461
12		555528691.265461	555528691.265461
11		555528691.265461	555528691.265461
10		555528691.265461	555528691.265461
9		555528691.265461	555528691.265461
8		555528691.265461	555528691.265461
7		555528691.265461	555528691.265461
6		555528691.265461	555528691.265461
5		555528691.265461	555528691.265461
4		555528691.265461	555528691.265461
3		555528691.265461	555528691.265461
2		555528691.265461	555528691.265461
1		555528691.265461	555528691.265461
