1	565466326.378905
z13mangadex	Nijiiro Days	56	565466191.136147	L	https://mangadex.org/title/6328/nijiiro-days	565466191.136147
54		557942587.177518	557942587.177518
53		557942587.177518	557942587.177518
52		557942587.177518	557942587.177518
51		557942587.177518	557942587.177518
50		557942587.177518	557942587.177518
49		557942587.177518	557942587.177518
48		557942587.177518	557942587.177518
47		557942587.177518	557942587.177518
46		557942587.177518	557942587.177518
45		557942587.177518	557942587.177518
44		557942587.177518	557942587.177518
43		557942587.177518	557942587.177518
42		557942587.177518	557942587.177518
41.5		557942587.177518	557942587.177518
41		557942587.177518	557942587.177518
40		557942587.177518	557942587.177518
39		557942587.177518	557942587.177518
38		557942587.177518	557942587.177518
37		557942587.177518	557942587.177518
36		557942587.177518	557942587.177518
35		557942587.177518	557942587.177518
34		557942587.177518	557942587.177518
33		557942587.177518	557942587.177518
32.5		557942587.177518	557942587.177518
32		557942587.177518	557942587.177518
31		557942587.177518	557942587.177518
30		557942587.177518	557942587.177518
29		557942587.177518	557942587.177518
28		557942587.177518	557942587.177518
27		557942587.177518	557942587.177518
26.5		557942587.177518	557942587.177518
26		557942587.177518	557942587.177518
25		557942587.177518	557942587.177518
24		557942587.177518	557942587.177518
23		557942587.177518	557942587.177518
22		557942587.177518	557942587.177518
21		557942587.177518	557942587.177518
20		557942587.177518	557942587.177518
19		557942587.177518	557942587.177518
VOL6 18.3		557942587.177518	557942587.177518
18.3		557942587.177518	557942587.177518
18.2		557942587.177518	557942587.177518
18.1		557942587.177518	557942587.177518
18		557942587.177518	557942587.177518
17		557942587.177518	557942587.177518
16		557942587.177518	557942587.177518
15		557942587.177518	557942587.177518
14.5		557942587.177518	557942587.177518
14		557942587.177518	557942587.177518
13		557942587.177518	557942587.177518
12		557942587.177518	557942587.177518
11		557942587.177518	557942587.177518
10		557942587.177518	557942587.177518
9		557942587.177518	557942587.177518
8		557942587.177518	557942587.177518
7		557942587.177518	557942587.177518
6		557942587.177518	557942587.177518
5.5		557942587.177518	557942587.177518
5.3		557942587.177518	557942587.177518
5.2		557942587.177518	557942587.177518
5.1		557942587.177518	557942587.177518
5		557942587.177518	557942587.177518
4		557942587.177518	557942587.177518
3		557942587.177518	557942587.177518
2		557942587.177518	557942587.177518
1		557942587.177518	557942587.177518
0		557942587.177518	557942587.177518
55	044	559350587.765448	559350740.634088
56	042	565466191.136147	565466324.899662
