1	558977277.433022
z13mangadex	Sensei Lock-On!			L	https://mangadex.org/title/14052/sensei-lock-on	0.000000
31		558977230.933003	558977230.933003
30		558977230.933003	558977230.933003
29		558977230.933003	558977230.933003
28		558977230.933003	558977230.933003
27		558977230.933003	558977230.933003
26		558977230.933003	558977230.933003
25		558977230.933003	558977230.933003
24		558977230.933003	558977230.933003
23		558977230.933003	558977230.933003
22		558977230.933003	558977230.933003
21		558977230.933003	558977230.933003
20		558977230.933003	558977230.933003
19		558977230.933003	558977230.933003
18		558977230.933003	558977230.933003
17		558977230.933003	558977230.933003
16		558977230.933003	558977230.933003
15.9		558977230.933003	558977230.933003
15.5		558977230.933003	558977230.933003
15.1		558977230.933003	558977230.933003
14		558977230.933003	558977230.933003
13		558977230.933003	558977230.933003
12		558977230.933003	558977230.933003
11		558977230.933003	558977230.933003
10		558977230.933003	558977230.933003
9		558977230.933003	558977230.933003
8		558977230.933003	558977230.933003
7		558977230.933003	558977230.933003
6		558977230.933003	558977230.933003
5		558977230.933003	558977230.933003
4		558977230.933003	558977230.933003
3		558977230.933003	558977230.933003
2		558977230.933003	558977230.933003
1		558977230.933003	558977230.933003
0		558977230.933003	558977230.933003
