1	556730333.301766
z13mangadex	Guarding			L	https://mangadex.org/title/15512/guarding	0.000000
46		555605955.403350	555605955.403350
45		555605955.403350	555605955.403350
43		555605955.403350	555605955.403350
42		555605955.403350	555605955.403350
41		555605955.403350	555605955.403350
40		555605955.403350	555605955.403350
39		555605955.403350	555605955.403350
38		555605955.403350	555605955.403350
37		555605955.403350	555605955.403350
36		555605955.403350	555605955.403350
35		555605955.403350	555605955.403350
34		555605955.403350	555605955.403350
33		555605955.403350	555605955.403350
32		555605955.403350	555605955.403350
31		555605955.403350	555605955.403350
30		555605955.403350	555605955.403350
29		555605955.403350	555605955.403350
28		555605955.403350	555605955.403350
27		555605955.403350	555605955.403350
26		555605955.403350	555605955.403350
25		555605955.403350	555605955.403350
24		555605955.403350	555605955.403350
23		555605955.403350	555605955.403350
22		555605955.403350	555605955.403350
21		555605955.403350	555605955.403350
20		555605955.403350	555605955.403350
19		555605955.403350	555605955.403350
18		555605955.403350	555605955.403350
17		555605955.403350	555605955.403350
16		555605955.403350	555605955.403350
15		555605955.403350	555605955.403350
14		555605955.403350	555605955.403350
13		555605955.403350	555605955.403350
12		555605955.403350	555605955.403350
11		555605955.403350	555605955.403350
10		555605955.403350	555605955.403350
9		555605955.403350	555605955.403350
8		555605955.403350	555605955.403350
7		555605955.403350	555605955.403350
6		555605955.403350	555605955.403350
5		555605955.403350	555605955.403350
4		555605955.403350	555605955.403350
3		555605955.403350	555605955.403350
2		555605955.403350	555605955.403350
1		555605955.403350	555605955.403350
