1	555604776.450831
z13mangadex	Dr. Stone			L	https://mangadex.org/manga/20882/dr-stone	0.000000
67		555604773.084182	555604773.084182
66		555604773.084182	555604773.084182
65		555604773.084182	555604773.084182
64		555604773.084182	555604773.084182
63		555604773.084182	555604773.084182
62		555604773.084182	555604773.084182
61		555604773.084182	555604773.084182
60		555604773.084182	555604773.084182
59		555604773.084182	555604773.084182
58		555604773.084182	555604773.084182
57		555604773.084182	555604773.084182
56		555604773.084182	555604773.084182
55		555604773.084182	555604773.084182
54		555604773.084182	555604773.084182
53		555604773.084182	555604773.084182
52		555604773.084182	555604773.084182
51		555604773.084182	555604773.084182
50		555604773.084182	555604773.084182
49		555604773.084182	555604773.084182
48		555604773.084182	555604773.084182
47		555604773.084182	555604773.084182
46		555604773.084182	555604773.084182
45		555604773.084182	555604773.084182
44		555604773.084182	555604773.084182
43		555604773.084182	555604773.084182
42		555604773.084182	555604773.084182
41		555604773.084182	555604773.084182
40		555604773.084182	555604773.084182
39		555604773.084182	555604773.084182
38		555604773.084182	555604773.084182
37		555604773.084182	555604773.084182
36		555604773.084182	555604773.084182
35		555604773.084182	555604773.084182
34		555604773.084182	555604773.084182
33		555604773.084182	555604773.084182
32		555604773.084182	555604773.084182
31		555604773.084182	555604773.084182
30		555604773.084182	555604773.084182
29		555604773.084182	555604773.084182
28		555604773.084182	555604773.084182
27		555604773.084182	555604773.084182
26		555604773.084182	555604773.084182
25		555604773.084182	555604773.084182
24		555604773.084182	555604773.084182
23		555604773.084182	555604773.084182
22		555604773.084182	555604773.084182
21		555604773.084182	555604773.084182
20		555604773.084182	555604773.084182
19		555604773.084182	555604773.084182
18		555604773.084182	555604773.084182
17		555604773.084182	555604773.084182
16		555604773.084182	555604773.084182
15		555604773.084182	555604773.084182
14		555604773.084182	555604773.084182
13		555604773.084182	555604773.084182
12		555604773.084182	555604773.084182
11		555604773.084182	555604773.084182
10		555604773.084182	555604773.084182
9		555604773.084182	555604773.084182
8.5		555604773.084182	555604773.084182
8		555604773.084182	555604773.084182
7		555604773.084182	555604773.084182
6		555604773.084182	555604773.084182
5		555604773.084182	555604773.084182
4		555604773.084182	555604773.084182
3		555604773.084182	555604773.084182
2		555604773.084182	555604773.084182
1		555604773.084182	555604773.084182
