1	565027245.539860
z13mangadex	Soredemo Boku wa Kimi ga Suki	31	565027226.706445	L	https://mangadex.org/title/12355/soredemo-boku-wa-kimi-ga-suki	565027226.706445
31	039	565027226.706445	565027245.539275
30		565027223.522192	565027223.522192
29		565027223.522192	565027223.522192
28		565027223.522192	565027223.522192
27		565027223.522192	565027223.522192
26		565027223.522192	565027223.522192
25		565027223.522192	565027223.522192
24		565027223.522192	565027223.522192
23		565027223.522192	565027223.522192
22		565027223.522192	565027223.522192
21		565027223.522192	565027223.522192
20		565027223.522192	565027223.522192
19		565027223.522192	565027223.522192
18		565027223.522192	565027223.522192
17		565027223.522192	565027223.522192
16		565027223.522192	565027223.522192
15		565027223.522192	565027223.522192
14		565027223.522192	565027223.522192
13		565027223.522192	565027223.522192
12		565027223.522192	565027223.522192
11		565027223.522192	565027223.522192
10		565027223.522192	565027223.522192
9		565027223.522192	565027223.522192
8		565027223.522192	565027223.522192
7		565027223.522192	565027223.522192
6		565027223.522192	565027223.522192
5		565027223.522192	565027223.522192
4		565027223.522192	565027223.522192
3		565027223.522192	565027223.522192
2		565027223.522192	565027223.522192
1		565027223.522192	565027223.522192
