1	562249340.204160
z13mangadex	Tsuyuki-san Hasn't Been Rejected	30	562249317.181181	L	https://mangadex.org/title/30872/tsuyuki-san-hasn-t-been-rejected	562249317.181181
1		560923322.290215	560923334.246176
2		560923334.487241	560923342.311672
3		560923343.236952	560923357.395502
4		560923357.622459	560923371.430031
5		560923371.666175	560923380.863149
6		560923381.085391	560923391.365405
7		560923391.712623	560923406.582745
8		560923406.838831	560923428.867169
9		560923429.189199	560923441.250906
10		560923441.581089	560923452.166372
11		560923452.752466	560923457.621934
12	001	560923457.966324	560923462.563411
13	001	561009914.644684	561009931.318458
14	001	561134435.605754	561134460.572766
15	001	561214355.294444	561214380.021868
16	001	561301322.441445	561301344.982418
17	001	561382265.196218	561382281.761892
18		561440303.490660	561440307.811736
19		561440308.089124	561440316.297250
20	001	561440316.640737	561440329.769671
21	001	561526221.019229	561526235.639611
22	001	561649650.739484	561649662.655690
23	001	561734928.728022	561734935.105118
24	001	561816848.986910	561816864.415956
25	001	561873904.195492	561873911.685713
26		561990379.332644	561990395.264687
27	001	561990395.577975	561990415.432756
28	001	562046782.462985	562046790.452037
29	001	562139605.966464	562139619.337577
30	001	562249317.181181	562249338.812577
