1	557942221.483049
z13mangadex	Naze Toudouin Seiya 16-sai wa Kanojo ga Dekinai no ka?			L	https://mangadex.org/title/8150/naze-toudouin-seiya-16-sai-wa-kanojo-ga-dekinai-no-ka	0.000000
67		557942220.582846	557942220.582846
66		557942220.582846	557942220.582846
65		557942220.582846	557942220.582846
64		557942220.582846	557942220.582846
63		557942220.582846	557942220.582846
62		557942220.582846	557942220.582846
61		557942220.582846	557942220.582846
60		557942220.582846	557942220.582846
59		557942220.582846	557942220.582846
58		557942220.582846	557942220.582846
57		557942220.582846	557942220.582846
56		557942220.582846	557942220.582846
55		557942220.582846	557942220.582846
54		557942220.582846	557942220.582846
53		557942220.582846	557942220.582846
52		557942220.582846	557942220.582846
51		557942220.582846	557942220.582846
50		557942220.582846	557942220.582846
49		557942220.582846	557942220.582846
48		557942220.582846	557942220.582846
47		557942220.582846	557942220.582846
46		557942220.582846	557942220.582846
45		557942220.582846	557942220.582846
44		557942220.582846	557942220.582846
43		557942220.582846	557942220.582846
42		557942220.582846	557942220.582846
41		557942220.582846	557942220.582846
40		557942220.582846	557942220.582846
39		557942220.582846	557942220.582846
38		557942220.582846	557942220.582846
37		557942220.582846	557942220.582846
36		557942220.582846	557942220.582846
35		557942220.582846	557942220.582846
34		557942220.582846	557942220.582846
33		557942220.582846	557942220.582846
32		557942220.582846	557942220.582846
31		557942220.582846	557942220.582846
30		557942220.582846	557942220.582846
29		557942220.582846	557942220.582846
28		557942220.582846	557942220.582846
27		557942220.582846	557942220.582846
26		557942220.582846	557942220.582846
25		557942220.582846	557942220.582846
24		557942220.582846	557942220.582846
23		557942220.582846	557942220.582846
22		557942220.582846	557942220.582846
21		557942220.582846	557942220.582846
20		557942220.582846	557942220.582846
19		557942220.582846	557942220.582846
18		557942220.582846	557942220.582846
17		557942220.582846	557942220.582846
16		557942220.582846	557942220.582846
15		557942220.582846	557942220.582846
14		557942220.582846	557942220.582846
13		557942220.582846	557942220.582846
12		557942220.582846	557942220.582846
11		557942220.582846	557942220.582846
10		557942220.582846	557942220.582846
9		557942220.582846	557942220.582846
8		557942220.582846	557942220.582846
7		557942220.582846	557942220.582846
6		557942220.582846	557942220.582846
5		557942220.582846	557942220.582846
4		557942220.582846	557942220.582846
3		557942220.582846	557942220.582846
2		557942220.582846	557942220.582846
1		557942220.582846	557942220.582846
