1	556730348.388566
z13mangadex	Hachimitsu ni Hatsukoi			L	https://mangadex.org/title/5052/hachimitsu-ni-hatsukoi	0.000000
14		555606020.555713	555606020.555713
13		555606020.555713	555606020.555713
12		555606020.555713	555606020.555713
11		555606020.555713	555606020.555713
10		555606020.555713	555606020.555713
9		555606020.555713	555606020.555713
8		555606020.555713	555606020.555713
7		555606020.555713	555606020.555713
6		555606020.555713	555606020.555713
5		555606020.555713	555606020.555713
4		555606020.555713	555606020.555713
3		555606020.555713	555606020.555713
2		555606020.555713	555606020.555713
1		555606020.555713	555606020.555713
0		555606020.555713	555606020.555713
