1	558371171.609988
z13mangadex	Rough Sketch Senpai	25	558371091.483190	L	https://mangadex.org/title/20617/rough-sketch-senpai	558371091.483190
25	019	558371091.483190	558371171.609554
24		558371073.612352	558371073.612352
23		558371073.612352	558371073.612352
22		558371073.612352	558371073.612352
21		558371073.612352	558371073.612352
20		558371073.612352	558371073.612352
19		558371073.612352	558371073.612352
18		558371073.612352	558371073.612352
17		558371073.612352	558371073.612352
16		558371073.612352	558371073.612352
15		558371073.612352	558371073.612352
14		558371073.612352	558371073.612352
13		558371073.612352	558371073.612352
12		558371073.612352	558371073.612352
11		558371073.612352	558371073.612352
10		558371073.612352	558371073.612352
9		558371073.612352	558371073.612352
8		558371073.612352	558371073.612352
7		558371073.612352	558371073.612352
6		558371073.612352	558371073.612352
5		558371073.612352	558371073.612352
4		558371073.612352	558371073.612352
3		558371073.612352	558371073.612352
2		558371073.612352	558371073.612352
1		558371073.612352	558371073.612352
