1	561384779.913869
z13mangadex	Sukitte Ii na yo	60	561384595.897038	L	https://mangadex.org/title/994/sukitte-ii-na-yo	561384595.897038
59	041	557939131.837702	557939208.955491
58		557939114.827982	557939114.827982
57		557939114.827982	557939114.827982
56		557939114.827982	557939114.827982
20		557939114.827982	557939114.827982
19		557939114.827982	557939114.827982
18		557939114.827982	557939114.827982
17		557939114.827982	557939114.827982
16		557939114.827982	557939114.827982
15		557939114.827982	557939114.827982
14		557939114.827982	557939114.827982
13		557939114.827982	557939114.827982
12		557939114.827982	557939114.827982
11		557939114.827982	557939114.827982
10		557939114.827982	557939114.827982
9		557939114.827982	557939114.827982
8		557939114.827982	557939114.827982
7		557939114.827982	557939114.827982
6		557939114.827982	557939114.827982
5		557939114.827982	557939114.827982
4		557939114.827982	557939114.827982
3		557939114.827982	557939114.827982
2		557939114.827982	557939114.827982
1		557939114.827982	557939114.827982
60	042	561384595.897038	561384777.832761
