1	567093299.281714
z13mangadex	Tsuyokute New Saga	58	567093248.702612	L	https://mangadex.org/title/12329/tsuyokute-new-saga	567093248.702612
54	001	558986145.057892	558986147.090519
53		558986150.353022	558986150.353022
52		558986150.353022	558986150.353022
51		558986150.353022	558986150.353022
50		558986150.353022	558986150.353022
49		558986150.353022	558986150.353022
48		558986150.353022	558986150.353022
47		558986150.353022	558986150.353022
46		558986150.353022	558986150.353022
45		558986150.353022	558986150.353022
44		558986150.353022	558986150.353022
43		558986150.353022	558986150.353022
42		558986150.353022	558986150.353022
41		558986150.353022	558986150.353022
40		558986150.353022	558986150.353022
39		558986150.353022	558986150.353022
38		558986150.353022	558986150.353022
37		558986150.353022	558986150.353022
36		558986150.353022	558986150.353022
35		558986150.353022	558986150.353022
34		558986150.353022	558986150.353022
33		558986150.353022	558986150.353022
32		558986150.353022	558986150.353022
31		558986150.353022	558986150.353022
30		558986150.353022	558986150.353022
29		558986150.353022	558986150.353022
28		558986150.353022	558986150.353022
27		558986150.353022	558986150.353022
26		558986150.353022	558986150.353022
25		558986150.353022	558986150.353022
24		558986150.353022	558986150.353022
23		558986150.353022	558986150.353022
22		558986150.353022	558986150.353022
21		558986150.353022	558986150.353022
20		558986150.353022	558986150.353022
19		558986150.353022	558986150.353022
18		558986150.353022	558986150.353022
17		558986150.353022	558986150.353022
16		558986150.353022	558986150.353022
15		558986150.353022	558986150.353022
14		558986150.353022	558986150.353022
13		558986150.353022	558986150.353022
12		558986150.353022	558986150.353022
11		558986150.353022	558986150.353022
10		558986150.353022	558986150.353022
9		558986150.353022	558986150.353022
8		558986150.353022	558986150.353022
7		558986150.353022	558986150.353022
6		558986150.353022	558986150.353022
5		558986150.353022	558986150.353022
4		558986150.353022	558986150.353022
3		558986150.353022	558986150.353022
2		558986150.353022	558986150.353022
1		558986150.353022	558986150.353022
55	025	559061970.866543	559062050.484546
56	018	560099523.591260	560099558.878552
57	014	563395490.994301	563395558.957272
58	016	567093248.702612	567093299.281100
