1	567992151.664787
z13mangadex	Amano Megumi wa Suki Darake!	143	567992046.370029	L	https://mangadex.org/title/18221/amano-megumi-wa-suki-darake	567992046.370029
132		565210004.073662	565210153.200245
131		565209831.539555	565210003.460316
130		565209723.751167	565209831.203070
129		565209587.023711	565209714.146151
128		565209439.145814	565209586.657641
127		555527208.373652	555527208.373652
126		555527208.373652	555527208.373652
125		555527208.373652	555527208.373652
124		555527208.373652	555527208.373652
123		555527208.373652	555527208.373652
122		555527208.373652	555527208.373652
121		555527208.373652	555527208.373652
120	001	558707573.122127	558707575.822643
119		555527208.373652	555527208.373652
118		555527208.373652	555527208.373652
117		555527208.373652	555527208.373652
116		555527208.373652	555527208.373652
115		555527208.373652	555527208.373652
114		555527208.373652	555527208.373652
113		555527208.373652	555527208.373652
112		555527208.373652	555527208.373652
111		555527208.373652	555527208.373652
110		555527208.373652	555527208.373652
109.5		555527208.373652	555527208.373652
109		555527208.373652	555527208.373652
108		555527208.373652	555527208.373652
107		555527208.373652	555527208.373652
106		555527208.373652	555527208.373652
105		555527208.373652	555527208.373652
104		555527208.373652	555527208.373652
103		555527208.373652	555527208.373652
102		555527208.373652	555527208.373652
101		555527208.373652	555527208.373652
100		555527208.373652	555527208.373652
99.5		555527208.373652	555527208.373652
99		555527208.373652	555527208.373652
98		555527208.373652	555527208.373652
97		555527208.373652	555527208.373652
96		555527208.373652	555527208.373652
95		555527208.373652	555527208.373652
94		555527208.373652	555527208.373652
93		555527208.373652	555527208.373652
92		555527208.373652	555527208.373652
91		555527208.373652	555527208.373652
90		555527208.373652	555527208.373652
89.5		555527208.373652	555527208.373652
89		555527208.373652	555527208.373652
88		555527208.373652	555527208.373652
87		555527208.373652	555527208.373652
86		555527208.373652	555527208.373652
85		555527208.373652	555527208.373652
84		555527208.373652	555527208.373652
83		555527208.373652	555527208.373652
82		555527208.373652	555527208.373652
81		555527208.373652	555527208.373652
80		555527208.373652	555527208.373652
79.5		555527208.373652	555527208.373652
79		555527208.373652	555527208.373652
78		555527208.373652	555527208.373652
77		555527208.373652	555527208.373652
76		555527208.373652	555527208.373652
75		555527208.373652	555527208.373652
74		555527208.373652	555527208.373652
73		555527208.373652	555527208.373652
72		555527208.373652	555527208.373652
71		555527208.373652	555527208.373652
70		555527208.373652	555527208.373652
69.5		555527208.373652	555527208.373652
69		555527208.373652	555527208.373652
68		555527208.373652	555527208.373652
67		555527208.373652	555527208.373652
66		555527208.373652	555527208.373652
65		555527208.373652	555527208.373652
64		555527208.373652	555527208.373652
63		555527208.373652	555527208.373652
62		555527208.373652	555527208.373652
61		555527208.373652	555527208.373652
60		555527208.373652	555527208.373652
59.5		555527208.373652	555527208.373652
59		555527208.373652	555527208.373652
58		555527208.373652	555527208.373652
57		555527208.373652	555527208.373652
56		555527208.373652	555527208.373652
55		555527208.373652	555527208.373652
54		555527208.373652	555527208.373652
53		555527208.373652	555527208.373652
52		555527208.373652	555527208.373652
51		555527208.373652	555527208.373652
50		555527208.373652	555527208.373652
49.5		555527208.373652	555527208.373652
49		555527208.373652	555527208.373652
48		555527208.373652	555527208.373652
47		555527208.373652	555527208.373652
46		555527208.373652	555527208.373652
45		555527208.373652	555527208.373652
44		555527208.373652	555527208.373652
43		555527208.373652	555527208.373652
42		555527208.373652	555527208.373652
41		555527208.373652	555527208.373652
40		555527208.373652	555527208.373652
39.5		555527208.373652	555527208.373652
39		555527208.373652	555527208.373652
38		555527208.373652	555527208.373652
37		555527208.373652	555527208.373652
36		555527208.373652	555527208.373652
35		555527208.373652	555527208.373652
34		555527208.373652	555527208.373652
33		555527208.373652	555527208.373652
32		555527208.373652	555527208.373652
31		555527208.373652	555527208.373652
30		555527208.373652	555527208.373652
29.5		555527208.373652	555527208.373652
29		555527208.373652	555527208.373652
28		555527208.373652	555527208.373652
27		555527208.373652	555527208.373652
26		555527208.373652	555527208.373652
25		555527208.373652	555527208.373652
24		555527208.373652	555527208.373652
23		555527208.373652	555527208.373652
22		555527208.373652	555527208.373652
21		555527208.373652	555527208.373652
20		555527208.373652	555527208.373652
19.5		555527208.373652	555527208.373652
19		555527208.373652	555527208.373652
18		555527208.373652	555527208.373652
17		555527208.373652	555527208.373652
16		555527208.373652	555527208.373652
15		555527208.373652	555527208.373652
14		555527208.373652	555527208.373652
13		555527208.373652	555527208.373652
12		555527208.373652	555527208.373652
11		555527208.373652	555527208.373652
10		555527208.373652	555527208.373652
9		555527208.373652	555527208.373652
8		555527208.373652	555527208.373652
7		555527208.373652	555527208.373652
6		555527208.373652	555527208.373652
5		555527208.373652	555527208.373652
4		555527208.373652	555527208.373652
3		555527208.373652	555527208.373652
2		555527208.373652	555527208.373652
1		555527208.373652	555527208.373652
133		565210153.446843	565210241.434552
134		565210241.699967	565210319.554362
135		565210319.831486	565210389.259464
136		565210389.781973	565210464.012794
137		565210464.286087	565210534.764825
119.5		558707486.300629	558707572.367999
138		565210534.985373	565210569.233006
139		565210569.455553	565210635.119065
129.5		565209714.449189	565209723.416761
140		567287329.389480	567287425.082849
141		567287425.381812	567287429.100767
142	016	567287429.321718	567287530.827512
143	016	567992046.370029	567992151.664189
