1	555605315.954585
z13mangadex	Fairy Tail Gaiden - Road Knight			L	https://mangadex.org/manga/17224/fairy-tail-gaiden-road-knight	0.000000
18		555605315.437770	555605315.437770
17		555605315.437770	555605315.437770
16		555605315.437770	555605315.437770
15		555605315.437770	555605315.437770
14		555605315.437770	555605315.437770
13		555605315.437770	555605315.437770
12		555605315.437770	555605315.437770
11		555605315.437770	555605315.437770
10		555605315.437770	555605315.437770
9		555605315.437770	555605315.437770
8		555605315.437770	555605315.437770
7		555605315.437770	555605315.437770
6		555605315.437770	555605315.437770
5		555605315.437770	555605315.437770
4		555605315.437770	555605315.437770
3		555605315.437770	555605315.437770
2		555605315.437770	555605315.437770
1		555605315.437770	555605315.437770
