1	568335365.243489
z13mangadex	Hinamatsuri	83	568335144.433306	L	https://mangadex.org/title/7950/hinamatsuri	568335144.433306
79		555607006.101264	555607006.101264
78		555607006.101264	555607006.101264
77		555607006.101264	555607006.101264
76		555607006.101264	555607006.101264
75		555607006.101264	555607006.101264
74.5		555607006.101264	555607006.101264
74		555607006.101264	555607006.101264
73		555607006.101264	555607006.101264
72		555607006.101264	555607006.101264
71		555607006.101264	555607006.101264
70		555607006.101264	555607006.101264
69.5		555607006.101264	555607006.101264
69		555607006.101264	555607006.101264
68		555607006.101264	555607006.101264
67		555607006.101264	555607006.101264
66		555607006.101264	555607006.101264
65		555607006.101264	555607006.101264
64		555607006.101264	555607006.101264
63		555607006.101264	555607006.101264
62		555607006.101264	555607006.101264
61.5		555607006.101264	555607006.101264
61		555607006.101264	555607006.101264
60		555607006.101264	555607006.101264
59		555607006.101264	555607006.101264
58		555607006.101264	555607006.101264
57		555607006.101264	555607006.101264
56.5		555607006.101264	555607006.101264
56		555607006.101264	555607006.101264
55		555607006.101264	555607006.101264
54		555607006.101264	555607006.101264
53		555607006.101264	555607006.101264
52.5		555607006.101264	555607006.101264
52		555607006.101264	555607006.101264
51		555607006.101264	555607006.101264
50.5		555607006.101264	555607006.101264
50		555607006.101264	555607006.101264
49.5		555607006.101264	555607006.101264
49		555607006.101264	555607006.101264
48		555607006.101264	555607006.101264
47		555607006.101264	555607006.101264
46.5		555607006.101264	555607006.101264
46		555607006.101264	555607006.101264
45		555607006.101264	555607006.101264
44.5		555607006.101264	555607006.101264
44		555607006.101264	555607006.101264
43		555607006.101264	555607006.101264
42		555607006.101264	555607006.101264
41.5		555607006.101264	555607006.101264
41		555607006.101264	555607006.101264
40.5		555607006.101264	555607006.101264
40		555607006.101264	555607006.101264
39		555607006.101264	555607006.101264
38		555607006.101264	555607006.101264
37.5		555607006.101264	555607006.101264
37		555607006.101264	555607006.101264
36		555607006.101264	555607006.101264
35		555607006.101264	555607006.101264
34.5		555607006.101264	555607006.101264
34		555607006.101264	555607006.101264
33		555607006.101264	555607006.101264
32.5		555607006.101264	555607006.101264
32		555607006.101264	555607006.101264
31.5		555607006.101264	555607006.101264
31		555607006.101264	555607006.101264
30		555607006.101264	555607006.101264
29.5		555607006.101264	555607006.101264
29		555607006.101264	555607006.101264
28		555607006.101264	555607006.101264
27.5		555607006.101264	555607006.101264
27		555607006.101264	555607006.101264
26		555607006.101264	555607006.101264
25		555607006.101264	555607006.101264
24.5		555607006.101264	555607006.101264
24		555607006.101264	555607006.101264
23		555607006.101264	555607006.101264
22		555607006.101264	555607006.101264
21.5		555607006.101264	555607006.101264
21		555607006.101264	555607006.101264
20		555607006.101264	555607006.101264
19		555607006.101264	555607006.101264
18.5		555607006.101264	555607006.101264
18		555607006.101264	555607006.101264
17		555607006.101264	555607006.101264
16.6		555607006.101264	555607006.101264
16.5		555607006.101264	555607006.101264
16		555607006.101264	555607006.101264
15		555607006.101264	555607006.101264
14		555607006.101264	555607006.101264
13.5		555607006.101264	555607006.101264
13		555607006.101264	555607006.101264
12		555607006.101264	555607006.101264
11		555607006.101264	555607006.101264
10.5		555607006.101264	555607006.101264
10		555607006.101264	555607006.101264
9		555607006.101264	555607006.101264
8		555607006.101264	555607006.101264
7		555607006.101264	555607006.101264
6		555607006.101264	555607006.101264
5.5		555607006.101264	555607006.101264
5		555607006.101264	555607006.101264
4.5		555607006.101264	555607006.101264
4		555607006.101264	555607006.101264
3		555607006.101264	555607006.101264
2		555607006.101264	555607006.101264
1		555607006.101264	555607006.101264
80		565640406.360482	565640407.037728
81	001	565640407.277069	565640409.716836
82	031	565640424.137758	565640612.524173
83	033	568335144.433306	568335363.263059
