1	558985344.246207
z13mangadex	Daremo Shiranai Tou no Aru Machi			L	https://mangadex.org/title/13847/daremo-shiranai-tou-no-aru-machi	0.000000
12		558985343.563997	558985343.563997
11		558985343.563997	558985343.563997
10		558985343.563997	558985343.563997
9		558985343.563997	558985343.563997
8		558985343.563997	558985343.563997
7		558985343.563997	558985343.563997
6		558985343.563997	558985343.563997
5		558985343.563997	558985343.563997
4		558985343.563997	558985343.563997
3		558985343.563997	558985343.563997
2		558985343.563997	558985343.563997
1		558985343.563997	558985343.563997
