1	567469319.905300
z13mangadex	Saike Mata Shite mo	83	567467437.801603	L	https://mangadex.org/title/12844/saike-mata-shite-mo	567467437.801603
78		562524297.012940	562524336.131438
79		562524336.373959	562524386.915233
80	020	562524387.238046	562524445.893601
77		562524448.705264	562524448.705264
76		562524448.705264	562524448.705264
75		562524448.705264	562524448.705264
74		562524448.705264	562524448.705264
73		562524448.705264	562524448.705264
72		562524448.705264	562524448.705264
71		562524448.705264	562524448.705264
70		562524448.705264	562524448.705264
69		562524448.705264	562524448.705264
68		562524448.705264	562524448.705264
67		562524448.705264	562524448.705264
66		562524448.705264	562524448.705264
65		562524448.705264	562524448.705264
64		562524448.705264	562524448.705264
63		562524448.705264	562524448.705264
62		562524448.705264	562524448.705264
61		562524448.705264	562524448.705264
60		562524448.705264	562524448.705264
59		562524448.705264	562524448.705264
58		562524448.705264	562524448.705264
57		562524448.705264	562524448.705264
56		562524448.705264	562524448.705264
55		562524448.705264	562524448.705264
54		562524448.705264	562524448.705264
53		562524448.705264	562524448.705264
52		562524448.705264	562524448.705264
51		562524448.705264	562524448.705264
50		562524448.705264	562524448.705264
49		562524448.705264	562524448.705264
48		562524448.705264	562524448.705264
47		562524448.705264	562524448.705264
46		562524448.705264	562524448.705264
45		562524448.705264	562524448.705264
44		562524448.705264	562524448.705264
43		562524448.705264	562524448.705264
42		562524448.705264	562524448.705264
41		562524448.705264	562524448.705264
40		562524448.705264	562524448.705264
39		562524448.705264	562524448.705264
38		562524448.705264	562524448.705264
37		562524448.705264	562524448.705264
36		562524448.705264	562524448.705264
35		562524448.705264	562524448.705264
34		562524448.705264	562524448.705264
33		562524448.705264	562524448.705264
32		562524448.705264	562524448.705264
31		562524448.705264	562524448.705264
30		562524448.705264	562524448.705264
29		562524448.705264	562524448.705264
28		562524448.705264	562524448.705264
27		562524448.705264	562524448.705264
26		562524448.705264	562524448.705264
25		562524448.705264	562524448.705264
24		562524448.705264	562524448.705264
23		562524448.705264	562524448.705264
22.5		562524448.705264	562524448.705264
22		562524448.705264	562524448.705264
21		562524448.705264	562524448.705264
20		562524448.705264	562524448.705264
19		562524448.705264	562524448.705264
18		562524448.705264	562524448.705264
17		562524448.705264	562524448.705264
16		562524448.705264	562524448.705264
15		562524448.705264	562524448.705264
14		562524448.705264	562524448.705264
13		562524448.705264	562524448.705264
12		562524448.705264	562524448.705264
11		562524448.705264	562524448.705264
10		562524448.705264	562524448.705264
9		562524448.705264	562524448.705264
8		562524448.705264	562524448.705264
7		562524448.705264	562524448.705264
6		562524448.705264	562524448.705264
5		562524448.705264	562524448.705264
4		562524448.705264	562524448.705264
3		562524448.705264	562524448.705264
2		562524448.705264	562524448.705264
1		562524448.705264	562524448.705264
81	019	564240371.638686	564240434.945545
82	021	564764262.090099	564764373.875896
82.5	011	566125270.139634	566125321.131361
83	025	567467437.801603	567469319.903779
