1	557944105.898438
z13mangadex	Odette			L	https://mangadex.org/title/16445/odette	0.000000
23		557944093.962308	557944093.962308
22		557944093.962308	557944093.962308
21		557944093.962308	557944093.962308
20		557944093.962308	557944093.962308
19		557944093.962308	557944093.962308
18		557944093.962308	557944093.962308
17		557944093.962308	557944093.962308
16		557944093.962308	557944093.962308
15		557944093.962308	557944093.962308
14		557944093.962308	557944093.962308
13		557944093.962308	557944093.962308
12.1		557944093.962308	557944093.962308
12		557944093.962308	557944093.962308
11		557944093.962308	557944093.962308
10		557944093.962308	557944093.962308
9		557944093.962308	557944093.962308
8		557944093.962308	557944093.962308
7		557944093.962308	557944093.962308
6		557944093.962308	557944093.962308
5		557944093.962308	557944093.962308
4		557944093.962308	557944093.962308
3		557944093.962308	557944093.962308
2		557944093.962308	557944093.962308
1		557944093.962308	557944093.962308
