1	558977929.277848
z13mangadex	Shirayukihime to 7-nin no Shuujin			L	https://mangadex.org/title/7659/shirayukihime-to-7-nin-no-shuujin	0.000000
33		558977913.815595	558977913.815595
32		558977913.815595	558977913.815595
31		558977913.815595	558977913.815595
30		558977913.815595	558977913.815595
29		558977913.815595	558977913.815595
28		558977913.815595	558977913.815595
27		558977913.815595	558977913.815595
26		558977913.815595	558977913.815595
25		558977913.815595	558977913.815595
24		558977913.815595	558977913.815595
23		558977913.815595	558977913.815595
22		558977913.815595	558977913.815595
21		558977913.815595	558977913.815595
20		558977913.815595	558977913.815595
19		558977913.815595	558977913.815595
18		558977913.815595	558977913.815595
17		558977913.815595	558977913.815595
16		558977913.815595	558977913.815595
15		558977913.815595	558977913.815595
14		558977913.815595	558977913.815595
13		558977913.815595	558977913.815595
12		558977913.815595	558977913.815595
11		558977913.815595	558977913.815595
10		558977913.815595	558977913.815595
9		558977913.815595	558977913.815595
8		558977913.815595	558977913.815595
7		558977913.815595	558977913.815595
6		558977913.815595	558977913.815595
5		558977913.815595	558977913.815595
4		558977913.815595	558977913.815595
3		558977913.815595	558977913.815595
2		558977913.815595	558977913.815595
1		558977913.815595	558977913.815595
