1	563844390.498642
z13mangadex	Imadoki no Wakai Mon wa	10	563844334.085122	L	https://mangadex.org/title/30159/imadoki-no-wakai-mon-wa	563844334.085122
1		558413224.704193	558413269.848251
VOL1 1		558413270.165712	558413277.715394
2		558413278.453010	558413300.067206
3	007	558413300.371412	558413347.957875
4		559197174.442782	559197176.038161
5	004	559197176.297963	559197214.435433
6	007	560142818.228575	560142863.707938
7	005	560468255.080721	560468330.032352
8	005	561578812.941230	561578840.881420
9	005	562284833.611967	562284879.370102
10	007	563844334.085122	563844388.726730
