1	567325321.399155
z13mangadex	Danberu nan kiro moteru?	50	567325185.134549	L	https://mangadex.org/title/19600/danberu-nan-kiro-moteru	567325185.134549
42		555525579.252432	555525579.252432
41		555525579.252432	555525579.252432
40		555525579.252432	555525579.252432
39		555525579.252432	555525579.252432
38		555525579.252432	555525579.252432
37		555525579.252432	555525579.252432
36		555525579.252432	555525579.252432
35		555525579.252432	555525579.252432
34		555525579.252432	555525579.252432
33		555525579.252432	555525579.252432
32		555525579.252432	555525579.252432
31		555525579.252432	555525579.252432
30		555525579.252432	555525579.252432
29		555525579.252432	555525579.252432
28		555525579.252432	555525579.252432
27		555525579.252432	555525579.252432
26		555525579.252432	555525579.252432
25		555525579.252432	555525579.252432
24		555525579.252432	555525579.252432
23		555525579.252432	555525579.252432
22		555525579.252432	555525579.252432
21		555525579.252432	555525579.252432
20		555525579.252432	555525579.252432
19		555525579.252432	555525579.252432
18		555525579.252432	555525579.252432
17		555525579.252432	555525579.252432
16		555525579.252432	555525579.252432
15		555525579.252432	555525579.252432
14		555525579.252432	555525579.252432
13		555525579.252432	555525579.252432
12		555525579.252432	555525579.252432
11		555525579.252432	555525579.252432
10		555525579.252432	555525579.252432
9		555525579.252432	555525579.252432
8		555525579.252432	555525579.252432
7		555525579.252432	555525579.252432
6		555525579.252432	555525579.252432
5		555525579.252432	555525579.252432
4		555525579.252432	555525579.252432
3		555525579.252432	555525579.252432
2		555525579.252432	555525579.252432
1		555525579.252432	555525579.252432
43	016	555828490.240364	555828610.750372
44	018	556600264.461669	556600403.379630
45	017	556981867.820622	556981987.062517
46	017	557534973.022704	557535146.329975
47	016	558022896.579368	558023071.645396
48	018	560406060.319525	560406175.972051
49	017	563341514.028009	563343208.003700
50	016	567325185.134549	567325318.558297
