1	560467856.467527
z13mangadex	Asoko de Hataraku Musubu-san	9	560467748.922877	L	https://mangadex.org/title/28409/asoko-de-hataraku-musubu-san	560467748.922877
1		555262231.968121	555262617.123066
2		555262952.669071	555262982.433363
3		555262983.058070	555263013.734628
4		555263014.391885	555263055.070391
5		555263055.847166	555263206.641478
6	10	555263210.154071	555263253.802570
7	010	556745905.957406	556745963.404650
8	010	558075996.768553	558076068.801172
9	010	560467748.922877	560467856.466726
