1	568017251.927969
z13mangadex	Yaoguai Mingdan	410	568017180.279247	L	https://mangadex.org/title/14159/yaoguai-mingdan	568017180.279247
357	1	555614022.414759	555614025.753303
356		555613967.060220	555613969.797329
355		555613979.776162	555613979.776162
354.5		555613979.776162	555613979.776162
354		555613979.776162	555613979.776162
353		555613979.776162	555613979.776162
352		555613979.776162	555613979.776162
351		555613979.776162	555613979.776162
350		555613979.776162	555613979.776162
349		555613979.776162	555613979.776162
348		555613979.776162	555613979.776162
347		555613979.776162	555613979.776162
346		555613979.776162	555613979.776162
345		555613979.776162	555613979.776162
344		555613979.776162	555613979.776162
343		555613979.776162	555613979.776162
342		555613979.776162	555613979.776162
341		555613979.776162	555613979.776162
340		555613979.776162	555613979.776162
339		555613979.776162	555613979.776162
338		555613979.776162	555613979.776162
337		555613979.776162	555613979.776162
336		555613979.776162	555613979.776162
335		555613979.776162	555613979.776162
334		555613979.776162	555613979.776162
333		555613979.776162	555613979.776162
332		555613979.776162	555613979.776162
331		555613979.776162	555613979.776162
330		555613979.776162	555613979.776162
329		555613979.776162	555613979.776162
328		555613979.776162	555613979.776162
327		555613979.776162	555613979.776162
326		555613979.776162	555613979.776162
325		555613979.776162	555613979.776162
324		555613979.776162	555613979.776162
323		555613979.776162	555613979.776162
322		555613979.776162	555613979.776162
321		555613979.776162	555613979.776162
320		555613979.776162	555613979.776162
319		555613979.776162	555613979.776162
318		555613979.776162	555613979.776162
317		555613979.776162	555613979.776162
316		555613979.776162	555613979.776162
315		555613979.776162	555613979.776162
314		555613979.776162	555613979.776162
313		555613979.776162	555613979.776162
312		555613979.776162	555613979.776162
311		555613979.776162	555613979.776162
310		555613979.776162	555613979.776162
309		555613979.776162	555613979.776162
308		555613979.776162	555613979.776162
307		555613979.776162	555613979.776162
306		555613979.776162	555613979.776162
305		555613979.776162	555613979.776162
304		555613979.776162	555613979.776162
303		555613979.776162	555613979.776162
302		555613979.776162	555613979.776162
301		555613979.776162	555613979.776162
300		555613979.776162	555613979.776162
299		555613979.776162	555613979.776162
298		555613979.776162	555613979.776162
297		555613979.776162	555613979.776162
296		555613979.776162	555613979.776162
295		555613979.776162	555613979.776162
294		555613979.776162	555613979.776162
293		555613979.776162	555613979.776162
292		555613979.776162	555613979.776162
291		555613979.776162	555613979.776162
290		555613979.776162	555613979.776162
289		555613979.776162	555613979.776162
288		555613979.776162	555613979.776162
287		555613979.776162	555613979.776162
286		555613979.776162	555613979.776162
285		555613979.776162	555613979.776162
284		555613979.776162	555613979.776162
283		555613979.776162	555613979.776162
282		555613979.776162	555613979.776162
281		555613979.776162	555613979.776162
280		555613979.776162	555613979.776162
279		555613979.776162	555613979.776162
278		555613979.776162	555613979.776162
277		555613979.776162	555613979.776162
276		555613979.776162	555613979.776162
275		555613979.776162	555613979.776162
274		555613979.776162	555613979.776162
273		555613979.776162	555613979.776162
272		555613979.776162	555613979.776162
271		555613979.776162	555613979.776162
270		555613979.776162	555613979.776162
269		555613979.776162	555613979.776162
268		555613979.776162	555613979.776162
267		555613979.776162	555613979.776162
266		555613979.776162	555613979.776162
265		555613979.776162	555613979.776162
264		555613979.776162	555613979.776162
263		555613979.776162	555613979.776162
262		555613979.776162	555613979.776162
261		555613979.776162	555613979.776162
260		555613979.776162	555613979.776162
259		555613979.776162	555613979.776162
258		555613979.776162	555613979.776162
257		555613979.776162	555613979.776162
256		555613979.776162	555613979.776162
255		555613979.776162	555613979.776162
254		555613979.776162	555613979.776162
253		555613979.776162	555613979.776162
252		555613979.776162	555613979.776162
251		555613979.776162	555613979.776162
250		555613979.776162	555613979.776162
249		555613979.776162	555613979.776162
248		555613979.776162	555613979.776162
247		555613979.776162	555613979.776162
246		555613979.776162	555613979.776162
245		555613979.776162	555613979.776162
244		555613979.776162	555613979.776162
243		555613979.776162	555613979.776162
242		555613979.776162	555613979.776162
241		555613979.776162	555613979.776162
240		555613979.776162	555613979.776162
239		555613979.776162	555613979.776162
238		555613979.776162	555613979.776162
237		555613979.776162	555613979.776162
236		555613979.776162	555613979.776162
235		555613979.776162	555613979.776162
234		555613979.776162	555613979.776162
233		555613979.776162	555613979.776162
232		555613979.776162	555613979.776162
231		555613979.776162	555613979.776162
230		555613979.776162	555613979.776162
229		555613979.776162	555613979.776162
228		555613979.776162	555613979.776162
227		555613979.776162	555613979.776162
226		555613979.776162	555613979.776162
225		555613979.776162	555613979.776162
224		555613979.776162	555613979.776162
223		555613979.776162	555613979.776162
222		555613979.776162	555613979.776162
221		555613979.776162	555613979.776162
220		555613979.776162	555613979.776162
219		555613979.776162	555613979.776162
218		555613979.776162	555613979.776162
217		555613979.776162	555613979.776162
216		555613979.776162	555613979.776162
215		555613979.776162	555613979.776162
214		555613979.776162	555613979.776162
213		555613979.776162	555613979.776162
212		555613979.776162	555613979.776162
211		555613979.776162	555613979.776162
210		555613979.776162	555613979.776162
209		555613979.776162	555613979.776162
208		555613979.776162	555613979.776162
207		555613979.776162	555613979.776162
206		555613979.776162	555613979.776162
205		555613979.776162	555613979.776162
204		555613979.776162	555613979.776162
203		555613979.776162	555613979.776162
202		555613979.776162	555613979.776162
201		555613979.776162	555613979.776162
200		555613979.776162	555613979.776162
199		555613979.776162	555613979.776162
198		555613979.776162	555613979.776162
197		555613979.776162	555613979.776162
196		555613979.776162	555613979.776162
195		555613979.776162	555613979.776162
194		555613979.776162	555613979.776162
193		555613979.776162	555613979.776162
192		555613979.776162	555613979.776162
191		555613979.776162	555613979.776162
190		555613979.776162	555613979.776162
189		555613979.776162	555613979.776162
188		555613979.776162	555613979.776162
187		555613979.776162	555613979.776162
186		555613979.776162	555613979.776162
185		555613979.776162	555613979.776162
184		555613979.776162	555613979.776162
183		555613979.776162	555613979.776162
182		555613979.776162	555613979.776162
181		555613979.776162	555613979.776162
180		555613979.776162	555613979.776162
179		555613979.776162	555613979.776162
178		555613979.776162	555613979.776162
177		555613979.776162	555613979.776162
176		555613979.776162	555613979.776162
175		555613979.776162	555613979.776162
174		555613979.776162	555613979.776162
173		555613979.776162	555613979.776162
172		555613979.776162	555613979.776162
171		555613979.776162	555613979.776162
170		555613979.776162	555613979.776162
169		555613979.776162	555613979.776162
168		555613979.776162	555613979.776162
167		555613979.776162	555613979.776162
166		555613979.776162	555613979.776162
165		555613979.776162	555613979.776162
164		555613979.776162	555613979.776162
163		555613979.776162	555613979.776162
162		555613979.776162	555613979.776162
161		555613979.776162	555613979.776162
160		555613979.776162	555613979.776162
159		555613979.776162	555613979.776162
158		555613979.776162	555613979.776162
157		555613979.776162	555613979.776162
156		555613979.776162	555613979.776162
155		555613979.776162	555613979.776162
154		555613979.776162	555613979.776162
153		555613979.776162	555613979.776162
152		555613979.776162	555613979.776162
151		555613979.776162	555613979.776162
150		555613979.776162	555613979.776162
149		555613979.776162	555613979.776162
148		555613979.776162	555613979.776162
147		555613979.776162	555613979.776162
146		555613979.776162	555613979.776162
145		555613979.776162	555613979.776162
144		555613979.776162	555613979.776162
143		555613979.776162	555613979.776162
142		555613979.776162	555613979.776162
141		555613979.776162	555613979.776162
140		555613979.776162	555613979.776162
139		555613979.776162	555613979.776162
138		555613979.776162	555613979.776162
137		555613979.776162	555613979.776162
136		555613979.776162	555613979.776162
135		555613979.776162	555613979.776162
134		555613979.776162	555613979.776162
133		555613979.776162	555613979.776162
132		555613979.776162	555613979.776162
131		555613979.776162	555613979.776162
130		555613979.776162	555613979.776162
129		555613979.776162	555613979.776162
128		555613979.776162	555613979.776162
127		555613979.776162	555613979.776162
126		555613979.776162	555613979.776162
125		555613979.776162	555613979.776162
124		555613979.776162	555613979.776162
123		555613979.776162	555613979.776162
122		555613979.776162	555613979.776162
121		555613979.776162	555613979.776162
120		555613979.776162	555613979.776162
119		555613979.776162	555613979.776162
118		555613979.776162	555613979.776162
117		555613979.776162	555613979.776162
116		555613979.776162	555613979.776162
115		555613979.776162	555613979.776162
114		555613979.776162	555613979.776162
113		555613979.776162	555613979.776162
112		555613979.776162	555613979.776162
111		555613979.776162	555613979.776162
110		555613979.776162	555613979.776162
109		555613979.776162	555613979.776162
108		555613979.776162	555613979.776162
107		555613979.776162	555613979.776162
106		555613979.776162	555613979.776162
105		555613979.776162	555613979.776162
104		555613979.776162	555613979.776162
103		555613979.776162	555613979.776162
102		555613979.776162	555613979.776162
101		555613979.776162	555613979.776162
100		555613979.776162	555613979.776162
99		555613979.776162	555613979.776162
98		555613979.776162	555613979.776162
97		555613979.776162	555613979.776162
96		555613979.776162	555613979.776162
95		555613979.776162	555613979.776162
94		555613979.776162	555613979.776162
93		555613979.776162	555613979.776162
92		555613979.776162	555613979.776162
91		555613979.776162	555613979.776162
90		555613979.776162	555613979.776162
89		555613979.776162	555613979.776162
88		555613979.776162	555613979.776162
87		555613979.776162	555613979.776162
86		555613979.776162	555613979.776162
85		555613979.776162	555613979.776162
84		555613979.776162	555613979.776162
83		555613979.776162	555613979.776162
82		555613979.776162	555613979.776162
81		555613979.776162	555613979.776162
80		555613979.776162	555613979.776162
79		555613979.776162	555613979.776162
78		555613979.776162	555613979.776162
77		555613979.776162	555613979.776162
76		555613979.776162	555613979.776162
75		555613979.776162	555613979.776162
74		555613979.776162	555613979.776162
73		555613979.776162	555613979.776162
72		555613979.776162	555613979.776162
71		555613979.776162	555613979.776162
70		555613979.776162	555613979.776162
69		555613979.776162	555613979.776162
68		555613979.776162	555613979.776162
67		555613979.776162	555613979.776162
66		555613979.776162	555613979.776162
65		555613979.776162	555613979.776162
64		555613979.776162	555613979.776162
63		555613979.776162	555613979.776162
62		555613979.776162	555613979.776162
61		555613979.776162	555613979.776162
60		555613979.776162	555613979.776162
59		555613979.776162	555613979.776162
58		555613979.776162	555613979.776162
57		555613979.776162	555613979.776162
56		555613979.776162	555613979.776162
55		555613979.776162	555613979.776162
54		555613979.776162	555613979.776162
53		555613979.776162	555613979.776162
52		555613979.776162	555613979.776162
51		555613979.776162	555613979.776162
50		555613979.776162	555613979.776162
49		555613979.776162	555613979.776162
48		555613979.776162	555613979.776162
47		555613979.776162	555613979.776162
46		555613979.776162	555613979.776162
45		555613979.776162	555613979.776162
44		555613979.776162	555613979.776162
43		555613979.776162	555613979.776162
42		555613979.776162	555613979.776162
41		555613979.776162	555613979.776162
40		555613979.776162	555613979.776162
39		555613979.776162	555613979.776162
38		555613979.776162	555613979.776162
37		555613979.776162	555613979.776162
36		555613979.776162	555613979.776162
35		555613979.776162	555613979.776162
34		555613979.776162	555613979.776162
33		555613979.776162	555613979.776162
32		555613979.776162	555613979.776162
31		555613979.776162	555613979.776162
30		555613979.776162	555613979.776162
29		555613979.776162	555613979.776162
28		555613979.776162	555613979.776162
27		555613979.776162	555613979.776162
26		555613979.776162	555613979.776162
25		555613979.776162	555613979.776162
24		555613979.776162	555613979.776162
23		555613979.776162	555613979.776162
22		555613979.776162	555613979.776162
21		555613979.776162	555613979.776162
20		555613979.776162	555613979.776162
19		555613979.776162	555613979.776162
18		555613979.776162	555613979.776162
17		555613979.776162	555613979.776162
16		555613979.776162	555613979.776162
15		555613979.776162	555613979.776162
14		555613979.776162	555613979.776162
13		555613979.776162	555613979.776162
12		555613979.776162	555613979.776162
11		555613979.776162	555613979.776162
10		555613979.776162	555613979.776162
9		555613979.776162	555613979.776162
8		555613979.776162	555613979.776162
7		555613979.776162	555613979.776162
6		555613979.776162	555613979.776162
5		555613979.776162	555613979.776162
4		555613979.776162	555613979.776162
3		555613979.776162	555613979.776162
2		555613979.776162	555613979.776162
1		555613979.776162	555613979.776162
358		555620555.138490	555620569.879566
359		555620570.691177	555620614.117269
360		555620614.891682	555621297.816067
361		555621298.633687	555621323.181496
362		555621323.988200	555621361.085464
363		555621361.514568	555621384.953174
364		555621385.731230	555621398.536171
365		555621399.349283	555621435.639402
366		555621436.422815	555621476.868688
367		555621477.741858	555621499.310298
368		555621500.111102	555621524.471416
369		555621524.965565	555621551.811127
370		555621552.311643	555621590.429841
371		555621591.009510	555621632.493199
372		555621632.949092	555621666.783676
373		555621667.711787	555621686.500761
374	11	555621686.964672	555621701.906055
375	013	556419525.781388	556419542.997061
376	016	556725308.253864	556725384.755250
377	013	557246455.803068	557246492.491514
378	012	558195271.382374	558195298.554119
379	013	558285045.122316	558285923.359857
380		558766273.301188	558766311.694206
381	012	558766312.021332	558766348.069097
382		560468345.415905	560468434.227833
383		560468435.069630	560468497.180776
384	011	560468497.675501	560468543.889033
385		561145283.628261	561145323.400829
386	010	561145323.741873	561145344.974293
387		561217923.285654	561217980.191382
388	012	561217980.521864	561218019.749188
389	013	561415972.936258	561416055.848222
390		562139225.288321	562139367.678070
391		562139368.043868	562139404.912901
392		562139405.425096	562139456.748418
393	012	562139457.135527	562139487.822270
394	011	562373056.676720	562373091.649352
395		562427697.757833	562427719.074596
396	015	562427719.388781	562427770.944501
397		563602417.000850	563602448.223755
398	015	563602448.606795	563602494.620391
399		563811530.020786	563811578.778965
400		563811579.433305	563811602.396489
401	014	563811602.623189	563811650.080500
402		565026203.671455	565026279.977349
403	015	565026280.386971	565026350.215893
404	018	565195799.579176	565195877.159359
405		565630743.898390	565630813.679523
406	015	565630813.987382	565630841.945457
407	014	566501718.567094	566503892.027517
408	015	566837748.769273	566837826.302088
409	014	567614602.924228	567614633.784645
410	014	568017180.279247	568017249.870857
