1	555605287.586017
z13mangadex	Fairy Tail Gaiden - Kengami no Souryuu			L	https://mangadex.org/manga/16015/fairy-tail-gaiden-kengami-no-souryuu	0.000000
15.5		555605287.055379	555605287.055379
15		555605287.055379	555605287.055379
14		555605287.055379	555605287.055379
13		555605287.055379	555605287.055379
12		555605287.055379	555605287.055379
11		555605287.055379	555605287.055379
10		555605287.055379	555605287.055379
9		555605287.055379	555605287.055379
8		555605287.055379	555605287.055379
7		555605287.055379	555605287.055379
6		555605287.055379	555605287.055379
5		555605287.055379	555605287.055379
4		555605287.055379	555605287.055379
3		555605287.055379	555605287.055379
2		555605287.055379	555605287.055379
1		555605287.055379	555605287.055379
