1	555080675.631696
z13mangadex	One Piece	912	555080660.453483	L	https://mangadex.org/manga/39/one-piece	555080660.453483
912	19	555080660.453483	555080673.879936
911		555050263.463499	555050263.463499
910		555050263.463499	555050263.463499
909		555050263.463499	555050263.463499
908		555050263.463499	555050263.463499
907		555050263.463499	555050263.463499
906		555050263.463499	555050263.463499
905		555050263.463499	555050263.463499
904		555050263.463499	555050263.463499
903		555050263.463499	555050263.463499
902		555050263.463499	555050263.463499
901		555050263.463499	555050263.463499
900		555050263.463499	555050263.463499
VOL89 899		555050263.463499	555050263.463499
899		555050263.463499	555050263.463499
898		555050263.463499	555050263.463499
897		555050263.463499	555050263.463499
896		555050263.463499	555050263.463499
895		555050263.463499	555050263.463499
894		555050263.463499	555050263.463499
893		555050263.463499	555050263.463499
892		555050263.463499	555050263.463499
891		555050263.463499	555050263.463499
890		555050263.463499	555050263.463499
889		555050263.463499	555050263.463499
888		555050263.463499	555050263.463499
887		555050263.463499	555050263.463499
886		555050263.463499	555050263.463499
885		555050263.463499	555050263.463499
884		555050263.463499	555050263.463499
883		555050263.463499	555050263.463499
882		555050263.463499	555050263.463499
881		555050263.463499	555050263.463499
880		555050263.463499	555050263.463499
879		555050263.463499	555050263.463499
878		555050263.463499	555050263.463499
877		555050263.463499	555050263.463499
876		555050263.463499	555050263.463499
875		555050263.463499	555050263.463499
874		555050263.463499	555050263.463499
873		555050263.463499	555050263.463499
872		555050263.463499	555050263.463499
871		555050263.463499	555050263.463499
870		555050263.463499	555050263.463499
869		555050263.463499	555050263.463499
868		555050263.463499	555050263.463499
867		555050263.463499	555050263.463499
866		555050263.463499	555050263.463499
865		555050263.463499	555050263.463499
864		555050263.463499	555050263.463499
863		555050263.463499	555050263.463499
862		555050263.463499	555050263.463499
861		555050263.463499	555050263.463499
860		555050263.463499	555050263.463499
859		555050263.463499	555050263.463499
858		555050263.463499	555050263.463499
857		555050263.463499	555050263.463499
856		555050263.463499	555050263.463499
855		555050263.463499	555050263.463499
854		555050263.463499	555050263.463499
853		555050263.463499	555050263.463499
852		555050263.463499	555050263.463499
851		555050263.463499	555050263.463499
833		555050263.463499	555050263.463499
832		555050263.463499	555050263.463499
831		555050263.463499	555050263.463499
830		555050263.463499	555050263.463499
829		555050263.463499	555050263.463499
828		555050263.463499	555050263.463499
827		555050263.463499	555050263.463499
826		555050263.463499	555050263.463499
825		555050263.463499	555050263.463499
824		555050263.463499	555050263.463499
823		555050263.463499	555050263.463499
822		555050263.463499	555050263.463499
821		555050263.463499	555050263.463499
820		555050263.463499	555050263.463499
819		555050263.463499	555050263.463499
818		555050263.463499	555050263.463499
817		555050263.463499	555050263.463499
816		555050263.463499	555050263.463499
815		555050263.463499	555050263.463499
814		555050263.463499	555050263.463499
813		555050263.463499	555050263.463499
812		555050263.463499	555050263.463499
811		555050263.463499	555050263.463499
810		555050263.463499	555050263.463499
809		555050263.463499	555050263.463499
808		555050263.463499	555050263.463499
807		555050263.463499	555050263.463499
806		555050263.463499	555050263.463499
805		555050263.463499	555050263.463499
804		555050263.463499	555050263.463499
803		555050263.463499	555050263.463499
802		555050263.463499	555050263.463499
801		555050263.463499	555050263.463499
800		555050263.463499	555050263.463499
799		555050263.463499	555050263.463499
798		555050263.463499	555050263.463499
797		555050263.463499	555050263.463499
796		555050263.463499	555050263.463499
795		555050263.463499	555050263.463499
794		555050263.463499	555050263.463499
793		555050263.463499	555050263.463499
792		555050263.463499	555050263.463499
791		555050263.463499	555050263.463499
790		555050263.463499	555050263.463499
789		555050263.463499	555050263.463499
788		555050263.463499	555050263.463499
787		555050263.463499	555050263.463499
786		555050263.463499	555050263.463499
785		555050263.463499	555050263.463499
784		555050263.463499	555050263.463499
783		555050263.463499	555050263.463499
782		555050263.463499	555050263.463499
781		555050263.463499	555050263.463499
780		555050263.463499	555050263.463499
779		555050263.463499	555050263.463499
778		555050263.463499	555050263.463499
777		555050263.463499	555050263.463499
776		555050263.463499	555050263.463499
775		555050263.463499	555050263.463499
774		555050263.463499	555050263.463499
773		555050263.463499	555050263.463499
772		555050263.463499	555050263.463499
771		555050263.463499	555050263.463499
770		555050263.463499	555050263.463499
769		555050263.463499	555050263.463499
768		555050263.463499	555050263.463499
767		555050263.463499	555050263.463499
766		555050263.463499	555050263.463499
765		555050263.463499	555050263.463499
764		555050263.463499	555050263.463499
763		555050263.463499	555050263.463499
762		555050263.463499	555050263.463499
761		555050263.463499	555050263.463499
760		555050263.463499	555050263.463499
759		555050263.463499	555050263.463499
758		555050263.463499	555050263.463499
757		555050263.463499	555050263.463499
756		555050263.463499	555050263.463499
755		555050263.463499	555050263.463499
754		555050263.463499	555050263.463499
753		555050263.463499	555050263.463499
752		555050263.463499	555050263.463499
751		555050263.463499	555050263.463499
750		555050263.463499	555050263.463499
749		555050263.463499	555050263.463499
748		555050263.463499	555050263.463499
747		555050263.463499	555050263.463499
746		555050263.463499	555050263.463499
745		555050263.463499	555050263.463499
744		555050263.463499	555050263.463499
743		555050263.463499	555050263.463499
742		555050263.463499	555050263.463499
741		555050263.463499	555050263.463499
740		555050263.463499	555050263.463499
739		555050263.463499	555050263.463499
738		555050263.463499	555050263.463499
737		555050263.463499	555050263.463499
736		555050263.463499	555050263.463499
735		555050263.463499	555050263.463499
734		555050263.463499	555050263.463499
733		555050263.463499	555050263.463499
732		555050263.463499	555050263.463499
731		555050263.463499	555050263.463499
730		555050263.463499	555050263.463499
729		555050263.463499	555050263.463499
728		555050263.463499	555050263.463499
727		555050263.463499	555050263.463499
726		555050263.463499	555050263.463499
725		555050263.463499	555050263.463499
724		555050263.463499	555050263.463499
723		555050263.463499	555050263.463499
722		555050263.463499	555050263.463499
721		555050263.463499	555050263.463499
720		555050263.463499	555050263.463499
719		555050263.463499	555050263.463499
718		555050263.463499	555050263.463499
717		555050263.463499	555050263.463499
716		555050263.463499	555050263.463499
715		555050263.463499	555050263.463499
714		555050263.463499	555050263.463499
713		555050263.463499	555050263.463499
712		555050263.463499	555050263.463499
711		555050263.463499	555050263.463499
710		555050263.463499	555050263.463499
709		555050263.463499	555050263.463499
708		555050263.463499	555050263.463499
707		555050263.463499	555050263.463499
706		555050263.463499	555050263.463499
705		555050263.463499	555050263.463499
704		555050263.463499	555050263.463499
703		555050263.463499	555050263.463499
702		555050263.463499	555050263.463499
701		555050263.463499	555050263.463499
700		555050263.463499	555050263.463499
699		555050263.463499	555050263.463499
698		555050263.463499	555050263.463499
697		555050263.463499	555050263.463499
696		555050263.463499	555050263.463499
695		555050263.463499	555050263.463499
694		555050263.463499	555050263.463499
693		555050263.463499	555050263.463499
692		555050263.463499	555050263.463499
691		555050263.463499	555050263.463499
690		555050263.463499	555050263.463499
689		555050263.463499	555050263.463499
688		555050263.463499	555050263.463499
687		555050263.463499	555050263.463499
686		555050263.463499	555050263.463499
685		555050263.463499	555050263.463499
684		555050263.463499	555050263.463499
683		555050263.463499	555050263.463499
682		555050263.463499	555050263.463499
681		555050263.463499	555050263.463499
680		555050263.463499	555050263.463499
679		555050263.463499	555050263.463499
678		555050263.463499	555050263.463499
677		555050263.463499	555050263.463499
676		555050263.463499	555050263.463499
675		555050263.463499	555050263.463499
674		555050263.463499	555050263.463499
673		555050263.463499	555050263.463499
672		555050263.463499	555050263.463499
671		555050263.463499	555050263.463499
670		555050263.463499	555050263.463499
669		555050263.463499	555050263.463499
668		555050263.463499	555050263.463499
667		555050263.463499	555050263.463499
666		555050263.463499	555050263.463499
665		555050263.463499	555050263.463499
664		555050263.463499	555050263.463499
663		555050263.463499	555050263.463499
662		555050263.463499	555050263.463499
661		555050263.463499	555050263.463499
660		555050263.463499	555050263.463499
659		555050263.463499	555050263.463499
658		555050263.463499	555050263.463499
657		555050263.463499	555050263.463499
656		555050263.463499	555050263.463499
655		555050263.463499	555050263.463499
654		555050263.463499	555050263.463499
653		555050263.463499	555050263.463499
652		555050263.463499	555050263.463499
651		555050263.463499	555050263.463499
650		555050263.463499	555050263.463499
649		555050263.463499	555050263.463499
648		555050263.463499	555050263.463499
647		555050263.463499	555050263.463499
646		555050263.463499	555050263.463499
645		555050263.463499	555050263.463499
644		555050263.463499	555050263.463499
643		555050263.463499	555050263.463499
642		555050263.463499	555050263.463499
641		555050263.463499	555050263.463499
640		555050263.463499	555050263.463499
639		555050263.463499	555050263.463499
638		555050263.463499	555050263.463499
637		555050263.463499	555050263.463499
636		555050263.463499	555050263.463499
635		555050263.463499	555050263.463499
634		555050263.463499	555050263.463499
633		555050263.463499	555050263.463499
632		555050263.463499	555050263.463499
631		555050263.463499	555050263.463499
630		555050263.463499	555050263.463499
629		555050263.463499	555050263.463499
628		555050263.463499	555050263.463499
627		555050263.463499	555050263.463499
626		555050263.463499	555050263.463499
625		555050263.463499	555050263.463499
624		555050263.463499	555050263.463499
623		555050263.463499	555050263.463499
622		555050263.463499	555050263.463499
621		555050263.463499	555050263.463499
620		555050263.463499	555050263.463499
619		555050263.463499	555050263.463499
618		555050263.463499	555050263.463499
617		555050263.463499	555050263.463499
616		555050263.463499	555050263.463499
615		555050263.463499	555050263.463499
614		555050263.463499	555050263.463499
613		555050263.463499	555050263.463499
612		555050263.463499	555050263.463499
611		555050263.463499	555050263.463499
610		555050263.463499	555050263.463499
609		555050263.463499	555050263.463499
608		555050263.463499	555050263.463499
607		555050263.463499	555050263.463499
606		555050263.463499	555050263.463499
605		555050263.463499	555050263.463499
604		555050263.463499	555050263.463499
603		555050263.463499	555050263.463499
602		555050263.463499	555050263.463499
601		555050263.463499	555050263.463499
600		555050263.463499	555050263.463499
599		555050263.463499	555050263.463499
598		555050263.463499	555050263.463499
597		555050263.463499	555050263.463499
596		555050263.463499	555050263.463499
595		555050263.463499	555050263.463499
594		555050263.463499	555050263.463499
593		555050263.463499	555050263.463499
592		555050263.463499	555050263.463499
591		555050263.463499	555050263.463499
590		555050263.463499	555050263.463499
589		555050263.463499	555050263.463499
588		555050263.463499	555050263.463499
587		555050263.463499	555050263.463499
586		555050263.463499	555050263.463499
585		555050263.463499	555050263.463499
584		555050263.463499	555050263.463499
583		555050263.463499	555050263.463499
582		555050263.463499	555050263.463499
581		555050263.463499	555050263.463499
580		555050263.463499	555050263.463499
579		555050263.463499	555050263.463499
578		555050263.463499	555050263.463499
577		555050263.463499	555050263.463499
576		555050263.463499	555050263.463499
575		555050263.463499	555050263.463499
574		555050263.463499	555050263.463499
573		555050263.463499	555050263.463499
572		555050263.463499	555050263.463499
571		555050263.463499	555050263.463499
570		555050263.463499	555050263.463499
569		555050263.463499	555050263.463499
568		555050263.463499	555050263.463499
567		555050263.463499	555050263.463499
566		555050263.463499	555050263.463499
565		555050263.463499	555050263.463499
564		555050263.463499	555050263.463499
563		555050263.463499	555050263.463499
562		555050263.463499	555050263.463499
561		555050263.463499	555050263.463499
560		555050263.463499	555050263.463499
559		555050263.463499	555050263.463499
558		555050263.463499	555050263.463499
557		555050263.463499	555050263.463499
556		555050263.463499	555050263.463499
555		555050263.463499	555050263.463499
554		555050263.463499	555050263.463499
553		555050263.463499	555050263.463499
552		555050263.463499	555050263.463499
551		555050263.463499	555050263.463499
550		555050263.463499	555050263.463499
549		555050263.463499	555050263.463499
548		555050263.463499	555050263.463499
547		555050263.463499	555050263.463499
546		555050263.463499	555050263.463499
545		555050263.463499	555050263.463499
544		555050263.463499	555050263.463499
543		555050263.463499	555050263.463499
542		555050263.463499	555050263.463499
541		555050263.463499	555050263.463499
540		555050263.463499	555050263.463499
539		555050263.463499	555050263.463499
538		555050263.463499	555050263.463499
537		555050263.463499	555050263.463499
536		555050263.463499	555050263.463499
535		555050263.463499	555050263.463499
534		555050263.463499	555050263.463499
533		555050263.463499	555050263.463499
532		555050263.463499	555050263.463499
531		555050263.463499	555050263.463499
530		555050263.463499	555050263.463499
529		555050263.463499	555050263.463499
528		555050263.463499	555050263.463499
527		555050263.463499	555050263.463499
526		555050263.463499	555050263.463499
525		555050263.463499	555050263.463499
524		555050263.463499	555050263.463499
523		555050263.463499	555050263.463499
522		555050263.463499	555050263.463499
521		555050263.463499	555050263.463499
520		555050263.463499	555050263.463499
519		555050263.463499	555050263.463499
518		555050263.463499	555050263.463499
517		555050263.463499	555050263.463499
516		555050263.463499	555050263.463499
515		555050263.463499	555050263.463499
514		555050263.463499	555050263.463499
513		555050263.463499	555050263.463499
512		555050263.463499	555050263.463499
511		555050263.463499	555050263.463499
510		555050263.463499	555050263.463499
509		555050263.463499	555050263.463499
508		555050263.463499	555050263.463499
507		555050263.463499	555050263.463499
506		555050263.463499	555050263.463499
505		555050263.463499	555050263.463499
504		555050263.463499	555050263.463499
503		555050263.463499	555050263.463499
502		555050263.463499	555050263.463499
501		555050263.463499	555050263.463499
500		555050263.463499	555050263.463499
499		555050263.463499	555050263.463499
498		555050263.463499	555050263.463499
497		555050263.463499	555050263.463499
496		555050263.463499	555050263.463499
495		555050263.463499	555050263.463499
494		555050263.463499	555050263.463499
493		555050263.463499	555050263.463499
492		555050263.463499	555050263.463499
491		555050263.463499	555050263.463499
490		555050263.463499	555050263.463499
489		555050263.463499	555050263.463499
488		555050263.463499	555050263.463499
487		555050263.463499	555050263.463499
486		555050263.463499	555050263.463499
485		555050263.463499	555050263.463499
484		555050263.463499	555050263.463499
483		555050263.463499	555050263.463499
482		555050263.463499	555050263.463499
481		555050263.463499	555050263.463499
480		555050263.463499	555050263.463499
479		555050263.463499	555050263.463499
478		555050263.463499	555050263.463499
477		555050263.463499	555050263.463499
476		555050263.463499	555050263.463499
475		555050263.463499	555050263.463499
474		555050263.463499	555050263.463499
473		555050263.463499	555050263.463499
472		555050263.463499	555050263.463499
471		555050263.463499	555050263.463499
470		555050263.463499	555050263.463499
469		555050263.463499	555050263.463499
468		555050263.463499	555050263.463499
467		555050263.463499	555050263.463499
466		555050263.463499	555050263.463499
465		555050263.463499	555050263.463499
464		555050263.463499	555050263.463499
463		555050263.463499	555050263.463499
462		555050263.463499	555050263.463499
461		555050263.463499	555050263.463499
460		555050263.463499	555050263.463499
459		555050263.463499	555050263.463499
458		555050263.463499	555050263.463499
457		555050263.463499	555050263.463499
456		555050263.463499	555050263.463499
455		555050263.463499	555050263.463499
454		555050263.463499	555050263.463499
453		555050263.463499	555050263.463499
452		555050263.463499	555050263.463499
451		555050263.463499	555050263.463499
450		555050263.463499	555050263.463499
449		555050263.463499	555050263.463499
448		555050263.463499	555050263.463499
447		555050263.463499	555050263.463499
446		555050263.463499	555050263.463499
445		555050263.463499	555050263.463499
444		555050263.463499	555050263.463499
443		555050263.463499	555050263.463499
442		555050263.463499	555050263.463499
441		555050263.463499	555050263.463499
440		555050263.463499	555050263.463499
439		555050263.463499	555050263.463499
438		555050263.463499	555050263.463499
437		555050263.463499	555050263.463499
436		555050263.463499	555050263.463499
435		555050263.463499	555050263.463499
434		555050263.463499	555050263.463499
433		555050263.463499	555050263.463499
432		555050263.463499	555050263.463499
431		555050263.463499	555050263.463499
430		555050263.463499	555050263.463499
429		555050263.463499	555050263.463499
428		555050263.463499	555050263.463499
427		555050263.463499	555050263.463499
426		555050263.463499	555050263.463499
425		555050263.463499	555050263.463499
424		555050263.463499	555050263.463499
423		555050263.463499	555050263.463499
422		555050263.463499	555050263.463499
421		555050263.463499	555050263.463499
420		555050263.463499	555050263.463499
419		555050263.463499	555050263.463499
418		555050263.463499	555050263.463499
417		555050263.463499	555050263.463499
416		555050263.463499	555050263.463499
415		555050263.463499	555050263.463499
414		555050263.463499	555050263.463499
413		555050263.463499	555050263.463499
412		555050263.463499	555050263.463499
411		555050263.463499	555050263.463499
410		555050263.463499	555050263.463499
409		555050263.463499	555050263.463499
408		555050263.463499	555050263.463499
407		555050263.463499	555050263.463499
406		555050263.463499	555050263.463499
405		555050263.463499	555050263.463499
404		555050263.463499	555050263.463499
403		555050263.463499	555050263.463499
402		555050263.463499	555050263.463499
401		555050263.463499	555050263.463499
400		555050263.463499	555050263.463499
399		555050263.463499	555050263.463499
398		555050263.463499	555050263.463499
397		555050263.463499	555050263.463499
396		555050263.463499	555050263.463499
395		555050263.463499	555050263.463499
394		555050263.463499	555050263.463499
393		555050263.463499	555050263.463499
392		555050263.463499	555050263.463499
391		555050263.463499	555050263.463499
390		555050263.463499	555050263.463499
389		555050263.463499	555050263.463499
388		555050263.463499	555050263.463499
387		555050263.463499	555050263.463499
386		555050263.463499	555050263.463499
385		555050263.463499	555050263.463499
384		555050263.463499	555050263.463499
383		555050263.463499	555050263.463499
382		555050263.463499	555050263.463499
381		555050263.463499	555050263.463499
380		555050263.463499	555050263.463499
379		555050263.463499	555050263.463499
378		555050263.463499	555050263.463499
377		555050263.463499	555050263.463499
376		555050263.463499	555050263.463499
375		555050263.463499	555050263.463499
374		555050263.463499	555050263.463499
373		555050263.463499	555050263.463499
372		555050263.463499	555050263.463499
371		555050263.463499	555050263.463499
370		555050263.463499	555050263.463499
369		555050263.463499	555050263.463499
368		555050263.463499	555050263.463499
367		555050263.463499	555050263.463499
366		555050263.463499	555050263.463499
365		555050263.463499	555050263.463499
364		555050263.463499	555050263.463499
363		555050263.463499	555050263.463499
362		555050263.463499	555050263.463499
361		555050263.463499	555050263.463499
360		555050263.463499	555050263.463499
359		555050263.463499	555050263.463499
358		555050263.463499	555050263.463499
357		555050263.463499	555050263.463499
356		555050263.463499	555050263.463499
355		555050263.463499	555050263.463499
354		555050263.463499	555050263.463499
353		555050263.463499	555050263.463499
352		555050263.463499	555050263.463499
351		555050263.463499	555050263.463499
350		555050263.463499	555050263.463499
349		555050263.463499	555050263.463499
348		555050263.463499	555050263.463499
347		555050263.463499	555050263.463499
346		555050263.463499	555050263.463499
345		555050263.463499	555050263.463499
344		555050263.463499	555050263.463499
343		555050263.463499	555050263.463499
342		555050263.463499	555050263.463499
341		555050263.463499	555050263.463499
340		555050263.463499	555050263.463499
339		555050263.463499	555050263.463499
338		555050263.463499	555050263.463499
337		555050263.463499	555050263.463499
336		555050263.463499	555050263.463499
335		555050263.463499	555050263.463499
334		555050263.463499	555050263.463499
333		555050263.463499	555050263.463499
332		555050263.463499	555050263.463499
331		555050263.463499	555050263.463499
330		555050263.463499	555050263.463499
329		555050263.463499	555050263.463499
328		555050263.463499	555050263.463499
327		555050263.463499	555050263.463499
326		555050263.463499	555050263.463499
325		555050263.463499	555050263.463499
324		555050263.463499	555050263.463499
323		555050263.463499	555050263.463499
322		555050263.463499	555050263.463499
321		555050263.463499	555050263.463499
320		555050263.463499	555050263.463499
319		555050263.463499	555050263.463499
318		555050263.463499	555050263.463499
317		555050263.463499	555050263.463499
316		555050263.463499	555050263.463499
315		555050263.463499	555050263.463499
314		555050263.463499	555050263.463499
313		555050263.463499	555050263.463499
312		555050263.463499	555050263.463499
311		555050263.463499	555050263.463499
310		555050263.463499	555050263.463499
309		555050263.463499	555050263.463499
308		555050263.463499	555050263.463499
307		555050263.463499	555050263.463499
306		555050263.463499	555050263.463499
305		555050263.463499	555050263.463499
304		555050263.463499	555050263.463499
303.5		555050263.463499	555050263.463499
303		555050263.463499	555050263.463499
302		555050263.463499	555050263.463499
301		555050263.463499	555050263.463499
300		555050263.463499	555050263.463499
299		555050263.463499	555050263.463499
298		555050263.463499	555050263.463499
297		555050263.463499	555050263.463499
296		555050263.463499	555050263.463499
295		555050263.463499	555050263.463499
294		555050263.463499	555050263.463499
293		555050263.463499	555050263.463499
292		555050263.463499	555050263.463499
291		555050263.463499	555050263.463499
290		555050263.463499	555050263.463499
289		555050263.463499	555050263.463499
288		555050263.463499	555050263.463499
287		555050263.463499	555050263.463499
286		555050263.463499	555050263.463499
285		555050263.463499	555050263.463499
284		555050263.463499	555050263.463499
283		555050263.463499	555050263.463499
282		555050263.463499	555050263.463499
281		555050263.463499	555050263.463499
280		555050263.463499	555050263.463499
279		555050263.463499	555050263.463499
278		555050263.463499	555050263.463499
277		555050263.463499	555050263.463499
276		555050263.463499	555050263.463499
275		555050263.463499	555050263.463499
274		555050263.463499	555050263.463499
273		555050263.463499	555050263.463499
272		555050263.463499	555050263.463499
271		555050263.463499	555050263.463499
270		555050263.463499	555050263.463499
269		555050263.463499	555050263.463499
268		555050263.463499	555050263.463499
267		555050263.463499	555050263.463499
266		555050263.463499	555050263.463499
265		555050263.463499	555050263.463499
264		555050263.463499	555050263.463499
263		555050263.463499	555050263.463499
262		555050263.463499	555050263.463499
261		555050263.463499	555050263.463499
260		555050263.463499	555050263.463499
259		555050263.463499	555050263.463499
258		555050263.463499	555050263.463499
257		555050263.463499	555050263.463499
256		555050263.463499	555050263.463499
255		555050263.463499	555050263.463499
254		555050263.463499	555050263.463499
253		555050263.463499	555050263.463499
252		555050263.463499	555050263.463499
251		555050263.463499	555050263.463499
250		555050263.463499	555050263.463499
249		555050263.463499	555050263.463499
248		555050263.463499	555050263.463499
247		555050263.463499	555050263.463499
246		555050263.463499	555050263.463499
245		555050263.463499	555050263.463499
244		555050263.463499	555050263.463499
243		555050263.463499	555050263.463499
242		555050263.463499	555050263.463499
241		555050263.463499	555050263.463499
240		555050263.463499	555050263.463499
239		555050263.463499	555050263.463499
238		555050263.463499	555050263.463499
237		555050263.463499	555050263.463499
236		555050263.463499	555050263.463499
235		555050263.463499	555050263.463499
234		555050263.463499	555050263.463499
233		555050263.463499	555050263.463499
232		555050263.463499	555050263.463499
231		555050263.463499	555050263.463499
230		555050263.463499	555050263.463499
229		555050263.463499	555050263.463499
228		555050263.463499	555050263.463499
227		555050263.463499	555050263.463499
226		555050263.463499	555050263.463499
225		555050263.463499	555050263.463499
224		555050263.463499	555050263.463499
223		555050263.463499	555050263.463499
222		555050263.463499	555050263.463499
221		555050263.463499	555050263.463499
220		555050263.463499	555050263.463499
219		555050263.463499	555050263.463499
218		555050263.463499	555050263.463499
217		555050263.463499	555050263.463499
216		555050263.463499	555050263.463499
215		555050263.463499	555050263.463499
214		555050263.463499	555050263.463499
213		555050263.463499	555050263.463499
212		555050263.463499	555050263.463499
211		555050263.463499	555050263.463499
210		555050263.463499	555050263.463499
209		555050263.463499	555050263.463499
208		555050263.463499	555050263.463499
207		555050263.463499	555050263.463499
206		555050263.463499	555050263.463499
205		555050263.463499	555050263.463499
204		555050263.463499	555050263.463499
203		555050263.463499	555050263.463499
202		555050263.463499	555050263.463499
201		555050263.463499	555050263.463499
200		555050263.463499	555050263.463499
199		555050263.463499	555050263.463499
198		555050263.463499	555050263.463499
197		555050263.463499	555050263.463499
196		555050263.463499	555050263.463499
195		555050263.463499	555050263.463499
194		555050263.463499	555050263.463499
193		555050263.463499	555050263.463499
192		555050263.463499	555050263.463499
191		555050263.463499	555050263.463499
190		555050263.463499	555050263.463499
189		555050263.463499	555050263.463499
188		555050263.463499	555050263.463499
187		555050263.463499	555050263.463499
186		555050263.463499	555050263.463499
185		555050263.463499	555050263.463499
184		555050263.463499	555050263.463499
183		555050263.463499	555050263.463499
182		555050263.463499	555050263.463499
181		555050263.463499	555050263.463499
180		555050263.463499	555050263.463499
179		555050263.463499	555050263.463499
178		555050263.463499	555050263.463499
177		555050263.463499	555050263.463499
176		555050263.463499	555050263.463499
175		555050263.463499	555050263.463499
174		555050263.463499	555050263.463499
173		555050263.463499	555050263.463499
172		555050263.463499	555050263.463499
171		555050263.463499	555050263.463499
170		555050263.463499	555050263.463499
169		555050263.463499	555050263.463499
168		555050263.463499	555050263.463499
167		555050263.463499	555050263.463499
166		555050263.463499	555050263.463499
165		555050263.463499	555050263.463499
164		555050263.463499	555050263.463499
163		555050263.463499	555050263.463499
162		555050263.463499	555050263.463499
161		555050263.463499	555050263.463499
160		555050263.463499	555050263.463499
159		555050263.463499	555050263.463499
158		555050263.463499	555050263.463499
157		555050263.463499	555050263.463499
156		555050263.463499	555050263.463499
155		555050263.463499	555050263.463499
154		555050263.463499	555050263.463499
153		555050263.463499	555050263.463499
152		555050263.463499	555050263.463499
151		555050263.463499	555050263.463499
150		555050263.463499	555050263.463499
149		555050263.463499	555050263.463499
148		555050263.463499	555050263.463499
147		555050263.463499	555050263.463499
146		555050263.463499	555050263.463499
145		555050263.463499	555050263.463499
144		555050263.463499	555050263.463499
143		555050263.463499	555050263.463499
142		555050263.463499	555050263.463499
141		555050263.463499	555050263.463499
140		555050263.463499	555050263.463499
139		555050263.463499	555050263.463499
138		555050263.463499	555050263.463499
137		555050263.463499	555050263.463499
136		555050263.463499	555050263.463499
135		555050263.463499	555050263.463499
134		555050263.463499	555050263.463499
133		555050263.463499	555050263.463499
132		555050263.463499	555050263.463499
131		555050263.463499	555050263.463499
130		555050263.463499	555050263.463499
129		555050263.463499	555050263.463499
128		555050263.463499	555050263.463499
127		555050263.463499	555050263.463499
126		555050263.463499	555050263.463499
125		555050263.463499	555050263.463499
124		555050263.463499	555050263.463499
123		555050263.463499	555050263.463499
122		555050263.463499	555050263.463499
121		555050263.463499	555050263.463499
120		555050263.463499	555050263.463499
119		555050263.463499	555050263.463499
118		555050263.463499	555050263.463499
117		555050263.463499	555050263.463499
116		555050263.463499	555050263.463499
115		555050263.463499	555050263.463499
114		555050263.463499	555050263.463499
113		555050263.463499	555050263.463499
112		555050263.463499	555050263.463499
111		555050263.463499	555050263.463499
110		555050263.463499	555050263.463499
109		555050263.463499	555050263.463499
108		555050263.463499	555050263.463499
107		555050263.463499	555050263.463499
106		555050263.463499	555050263.463499
105		555050263.463499	555050263.463499
104		555050263.463499	555050263.463499
103		555050263.463499	555050263.463499
102		555050263.463499	555050263.463499
101		555050263.463499	555050263.463499
100		555050263.463499	555050263.463499
99		555050263.463499	555050263.463499
98		555050263.463499	555050263.463499
97		555050263.463499	555050263.463499
96		555050263.463499	555050263.463499
95		555050263.463499	555050263.463499
94		555050263.463499	555050263.463499
93		555050263.463499	555050263.463499
92		555050263.463499	555050263.463499
91		555050263.463499	555050263.463499
90		555050263.463499	555050263.463499
89		555050263.463499	555050263.463499
88		555050263.463499	555050263.463499
87		555050263.463499	555050263.463499
86		555050263.463499	555050263.463499
85		555050263.463499	555050263.463499
84		555050263.463499	555050263.463499
83		555050263.463499	555050263.463499
82		555050263.463499	555050263.463499
81		555050263.463499	555050263.463499
80		555050263.463499	555050263.463499
79		555050263.463499	555050263.463499
78		555050263.463499	555050263.463499
77		555050263.463499	555050263.463499
76		555050263.463499	555050263.463499
75		555050263.463499	555050263.463499
74		555050263.463499	555050263.463499
73		555050263.463499	555050263.463499
72		555050263.463499	555050263.463499
71		555050263.463499	555050263.463499
70		555050263.463499	555050263.463499
69		555050263.463499	555050263.463499
68		555050263.463499	555050263.463499
67		555050263.463499	555050263.463499
66		555050263.463499	555050263.463499
65		555050263.463499	555050263.463499
64		555050263.463499	555050263.463499
63		555050263.463499	555050263.463499
62		555050263.463499	555050263.463499
61		555050263.463499	555050263.463499
60		555050263.463499	555050263.463499
59		555050263.463499	555050263.463499
58		555050263.463499	555050263.463499
57		555050263.463499	555050263.463499
56		555050263.463499	555050263.463499
55		555050263.463499	555050263.463499
54		555050263.463499	555050263.463499
53		555050263.463499	555050263.463499
52		555050263.463499	555050263.463499
51		555050263.463499	555050263.463499
50		555050263.463499	555050263.463499
49		555050263.463499	555050263.463499
48		555050263.463499	555050263.463499
47		555050263.463499	555050263.463499
46		555050263.463499	555050263.463499
45		555050263.463499	555050263.463499
44		555050263.463499	555050263.463499
43		555050263.463499	555050263.463499
42		555050263.463499	555050263.463499
41		555050263.463499	555050263.463499
40		555050263.463499	555050263.463499
39		555050263.463499	555050263.463499
38		555050263.463499	555050263.463499
37		555050263.463499	555050263.463499
36		555050263.463499	555050263.463499
35		555050263.463499	555050263.463499
34		555050263.463499	555050263.463499
33		555050263.463499	555050263.463499
32		555050263.463499	555050263.463499
31		555050263.463499	555050263.463499
30		555050263.463499	555050263.463499
29		555050263.463499	555050263.463499
28		555050263.463499	555050263.463499
27		555050263.463499	555050263.463499
26		555050263.463499	555050263.463499
25		555050263.463499	555050263.463499
24		555050263.463499	555050263.463499
23		555050263.463499	555050263.463499
22		555050263.463499	555050263.463499
21		555050263.463499	555050263.463499
20		555050263.463499	555050263.463499
19		555050263.463499	555050263.463499
18		555050263.463499	555050263.463499
17		555050263.463499	555050263.463499
16		555050263.463499	555050263.463499
15		555050263.463499	555050263.463499
14		555050263.463499	555050263.463499
13		555050263.463499	555050263.463499
12		555050263.463499	555050263.463499
11		555050263.463499	555050263.463499
10		555050263.463499	555050263.463499
9		555050263.463499	555050263.463499
8		555050263.463499	555050263.463499
7		555050263.463499	555050263.463499
6		555050263.463499	555050263.463499
5		555050263.463499	555050263.463499
4		555050263.463499	555050263.463499
3		555050263.463499	555050263.463499
2		555050263.463499	555050263.463499
1		555050263.463499	555050263.463499
