1	559147251.459137
z13mangadex	Mogusa-san	17	559146729.827673	L	https://mangadex.org/title/18389/mogusa-san	559146729.827673
16		557941069.127702	557941069.127702
15		557941069.127702	557941069.127702
14		557941069.127702	557941069.127702
13		557941069.127702	557941069.127702
12		557941069.127702	557941069.127702
11		557941069.127702	557941069.127702
10		557941069.127702	557941069.127702
9		557941069.127702	557941069.127702
8		557941069.127702	557941069.127702
7		557941069.127702	557941069.127702
6		557941069.127702	557941069.127702
5		557941069.127702	557941069.127702
4		557941069.127702	557941069.127702
3		557941069.127702	557941069.127702
2		557941069.127702	557941069.127702
1		557941069.127702	557941069.127702
17	022	559146729.827673	559147251.458584
