1	568440779.145294
z13mangadex	Koi Inu	158	568437811.558518	B	https://mangadex.org/title/15434/koi-inu	568437811.558518
139	005	556749899.167788	556749986.145685
138	001	556749434.726496	556749439.608464
137	001	556749226.704079	556749230.673128
136		556732564.460163	556732564.460163
135		556732564.460163	556732564.460163
134		556732564.460163	556732564.460163
133		556732564.460163	556732564.460163
132	001	556749235.757389	556749238.498718
131		556732564.460163	556732564.460163
130		556732564.460163	556732564.460163
129		556732564.460163	556732564.460163
128		556732564.460163	556732564.460163
127		556732564.460163	556732564.460163
126		556732564.460163	556732564.460163
125		556732564.460163	556732564.460163
124		556732564.460163	556732564.460163
123		556732564.460163	556732564.460163
122		556732564.460163	556732564.460163
121		556732564.460163	556732564.460163
120		556732564.460163	556732564.460163
119		556732564.460163	556732564.460163
118		556732564.460163	556732564.460163
117		556732564.460163	556732564.460163
116		556732564.460163	556732564.460163
115		556732564.460163	556732564.460163
114		556732564.460163	556732564.460163
113		556732564.460163	556732564.460163
112		556732564.460163	556732564.460163
111		556732564.460163	556732564.460163
110		556732564.460163	556732564.460163
109		556732564.460163	556732564.460163
108		556732564.460163	556732564.460163
107		556732564.460163	556732564.460163
106		556732564.460163	556732564.460163
105		556732564.460163	556732564.460163
104		556732564.460163	556732564.460163
103		556732564.460163	556732564.460163
102		556732564.460163	556732564.460163
101		556732564.460163	556732564.460163
100		556732564.460163	556732564.460163
99		556732564.460163	556732564.460163
98		556732564.460163	556732564.460163
97		556732564.460163	556732564.460163
96		556732564.460163	556732564.460163
95		556732564.460163	556732564.460163
94		556732564.460163	556732564.460163
93		556732564.460163	556732564.460163
92		556732564.460163	556732564.460163
91		556732564.460163	556732564.460163
90		556732564.460163	556732564.460163
89		556732564.460163	556732564.460163
88		556732564.460163	556732564.460163
87		556732564.460163	556732564.460163
86		556732564.460163	556732564.460163
85		556732564.460163	556732564.460163
84		556732564.460163	556732564.460163
83		556732564.460163	556732564.460163
82-2		556732564.460163	556732564.460163
82		556732564.460163	556732564.460163
81		556732564.460163	556732564.460163
80		556732564.460163	556732564.460163
79		556732564.460163	556732564.460163
78		556732564.460163	556732564.460163
77		556732564.460163	556732564.460163
76		556732564.460163	556732564.460163
75		556732564.460163	556732564.460163
74		556732564.460163	556732564.460163
73		556732564.460163	556732564.460163
72		556732564.460163	556732564.460163
71		556732564.460163	556732564.460163
70		556732564.460163	556732564.460163
69		556732564.460163	556732564.460163
68		556732564.460163	556732564.460163
67		556732564.460163	556732564.460163
66		556732564.460163	556732564.460163
65		556732564.460163	556732564.460163
64		556732564.460163	556732564.460163
63		556732564.460163	556732564.460163
62		556732564.460163	556732564.460163
61		556732564.460163	556732564.460163
60		556732564.460163	556732564.460163
59		556732564.460163	556732564.460163
58		556732564.460163	556732564.460163
57		556732564.460163	556732564.460163
56		556732564.460163	556732564.460163
55		556732564.460163	556732564.460163
54		556732564.460163	556732564.460163
53		556732564.460163	556732564.460163
52		556732564.460163	556732564.460163
51		556732564.460163	556732564.460163
50		556732564.460163	556732564.460163
49		556732564.460163	556732564.460163
48		556732564.460163	556732564.460163
47		556732564.460163	556732564.460163
46		556732564.460163	556732564.460163
45		556732564.460163	556732564.460163
44		556732564.460163	556732564.460163
43		556732564.460163	556732564.460163
42		556732564.460163	556732564.460163
41		556732564.460163	556732564.460163
40		556732564.460163	556732564.460163
39		556732564.460163	556732564.460163
38		556732564.460163	556732564.460163
37		556732564.460163	556732564.460163
36		556732564.460163	556732564.460163
35		556732564.460163	556732564.460163
34		556732564.460163	556732564.460163
33		556732564.460163	556732564.460163
32		556732564.460163	556732564.460163
31		556732564.460163	556732564.460163
30		556732564.460163	556732564.460163
29		556732564.460163	556732564.460163
28		556732564.460163	556732564.460163
27		556732564.460163	556732564.460163
26		556732564.460163	556732564.460163
25		556732564.460163	556732564.460163
24		556732564.460163	556732564.460163
23		556732564.460163	556732564.460163
22		556732564.460163	556732564.460163
21		556732564.460163	556732564.460163
20		556732564.460163	556732564.460163
19		556732564.460163	556732564.460163
18		556732564.460163	556732564.460163
17		556732564.460163	556732564.460163
16		556732564.460163	556732564.460163
15		556732564.460163	556732564.460163
14		556732564.460163	556732564.460163
13		556732564.460163	556732564.460163
12		556732564.460163	556732564.460163
11		556732564.460163	556732564.460163
10		556732564.460163	556732564.460163
9		556732564.460163	556732564.460163
8		556732564.460163	556732564.460163
7		556732564.460163	556732564.460163
6		556732564.460163	556732564.460163
5		556732564.460163	556732564.460163
4		556732564.460163	556732564.460163
3		556732564.460163	556732564.460163
2		556732564.460163	556732564.460163
1		556732564.460163	556732564.460163
0		556732564.460163	556732564.460163
140	007	557206358.190227	557206937.415489
141	005	557638127.422829	557638222.837138
142	005	558227274.006973	558227462.506660
143	005	558844837.217671	558844945.844638
144	006	559365250.403850	559368883.353804
145	006	559969990.673014	559970100.503597
146	005	560581086.737810	560581165.094911
147	007	561214508.073073	561214607.307497
148	006	561990680.228847	561990766.228026
149	007	562824091.398876	562824238.270213
150	007	563082356.236242	563082478.376080
151	006	563636405.905785	563636492.257008
152	006	564208115.847076	564208224.377640
153	006	564847222.817256	564847319.089647
154	005	565417911.631532	565418000.339303
155	007	566027261.318342	566027405.124066
156	006	566673628.609408	566673741.729789
157	006	567495811.647955	567495922.948073
158	005	568437811.558518	568440779.142463
