1	567948401.451457
z13mangadex	Cohabitation with My Fiancée	67	567948330.045962	B	https://mangadex.org/title/22253/cohabitation-with-my-fianc-e	567948330.045962
49	001	558239018.925204	558239022.597561
48		558239026.374677	558239026.374677
47		558239026.374677	558239026.374677
46		558239026.374677	558239026.374677
45		558239026.374677	558239026.374677
44		558239026.374677	558239026.374677
43		558239026.374677	558239026.374677
42		558239026.374677	558239026.374677
41		558239026.374677	558239026.374677
40		558239026.374677	558239026.374677
39		558239026.374677	558239026.374677
38		558239026.374677	558239026.374677
37		558239026.374677	558239026.374677
36		558239026.374677	558239026.374677
35		558239026.374677	558239026.374677
34		558239026.374677	558239026.374677
33		558239026.374677	558239026.374677
32		558239026.374677	558239026.374677
31		558239026.374677	558239026.374677
30		558239026.374677	558239026.374677
29		558239026.374677	558239026.374677
28		558239026.374677	558239026.374677
27		558239026.374677	558239026.374677
26		558239026.374677	558239026.374677
25		558239026.374677	558239026.374677
24		558239026.374677	558239026.374677
23		558239026.374677	558239026.374677
22		558239026.374677	558239026.374677
21		558239026.374677	558239026.374677
20		558239026.374677	558239026.374677
19		558239026.374677	558239026.374677
18		558239026.374677	558239026.374677
17		558239026.374677	558239026.374677
16		558239026.374677	558239026.374677
15		558239026.374677	558239026.374677
14		558239026.374677	558239026.374677
13		558239026.374677	558239026.374677
12		558239026.374677	558239026.374677
11		558239026.374677	558239026.374677
10		558239026.374677	558239026.374677
9		558239026.374677	558239026.374677
8		558239026.374677	558239026.374677
7		558239026.374677	558239026.374677
6		558239026.374677	558239026.374677
5		558239026.374677	558239026.374677
4		558239026.374677	558239026.374677
3		558239026.374677	558239026.374677
2		558239026.374677	558239026.374677
1		558239026.374677	558239026.374677
50		558282575.196234	558282661.116577
51		558282661.371375	558283903.988237
52		558283904.334281	558284079.626536
53		558844744.115624	558844746.160772
54	008	558844746.482210	558844829.335820
55	008	559484896.816173	559484997.812651
56	009	560095029.312421	560095134.924712
57	009	560789866.213007	560790003.690228
58	010	561355160.039978	561355236.562169
59	008	561912611.982651	561912708.959241
60		563906223.571211	563906224.593121
61	009	563906224.771275	563906268.800728
62		564938565.182564	564938566.377422
63	008	564938566.576299	564938710.000395
64	009	565540966.331351	565541068.401200
65	008	566575456.765127	566575545.751617
66	008	567440754.672515	567440811.277555
67	008	567948330.045962	567948399.647168
