1	565418128.329926
z13mangadex	Manabi Ikiru wa Fuufu no Tsutome	39	565418084.831554	L	https://mangadex.org/title/22790/manabi-ikiru-wa-fuufu-no-tsutome	565418084.831554
1		556477503.901814	556477984.064929
2		556478607.343466	556478623.012911
3		556478623.543986	556478642.928728
4		556488139.469558	556488146.215558
5		556488146.796172	556488235.491182
6		556488236.097331	556488244.112656
7		556488244.823934	556488258.759558
8		556488259.347449	556488275.966392
9		556488276.211960	556488297.483532
10		556488297.867673	556489866.288440
11		556489866.661739	556489877.669003
12		556489878.000025	556489896.953236
13		556489897.254903	556489903.103016
14		556489903.805144	556489918.887373
15		556489919.166813	556489930.341360
16		556489930.637361	556491535.523963
17		556491535.787018	556491552.990968
18		556491553.291450	556491569.356601
19		556491570.093592	556491579.526162
20		556491579.809424	556491585.722111
21	001	556491585.953547	556491594.861041
22	001	556571690.924455	556571733.575367
23	001	556659225.656050	556659256.485388
24	001	556813248.312571	556813269.098375
25		556931943.850788	556931960.293525
26	005	556931960.547516	556931996.084648
27	001	557551209.837432	557551226.106289
28	001	557668607.307056	557668637.345471
29	001	557764493.063580	557764501.544759
30	001	557774129.816476	557774137.156518
31	001	557934009.702980	557934039.278039
32		558101046.025717	558101059.316756
33	001	558101059.960237	558101080.787873
34		565418013.220311	565418023.354400
35		565418023.589555	565418043.138643
36		565418043.664654	565418050.156387
37		565418050.443139	565418072.188839
38		565418072.417065	565418084.490221
39	005	565418084.831554	565418126.639468
