1	565631390.042291
z13mangadex	Netgame no Yome wa Onna no Ko ja nai to Omotta?	24	565631280.561607	L	https://mangadex.org/title/14204/netgame-no-yome-wa-onna-no-ko-ja-nai-to-omotta	565631280.561607
21		557942346.056816	557942346.056816
20		557942346.056816	557942346.056816
19		557942346.056816	557942346.056816
18		557942346.056816	557942346.056816
17		557942346.056816	557942346.056816
16		557942346.056816	557942346.056816
15		557942346.056816	557942346.056816
14		557942346.056816	557942346.056816
13		557942346.056816	557942346.056816
12		557942346.056816	557942346.056816
11		557942346.056816	557942346.056816
10		557942346.056816	557942346.056816
9		557942346.056816	557942346.056816
8		557942346.056816	557942346.056816
7		557942346.056816	557942346.056816
6		557942346.056816	557942346.056816
5		557942346.056816	557942346.056816
4		557942346.056816	557942346.056816
3		557942346.056816	557942346.056816
2		557942346.056816	557942346.056816
1		557942346.056816	557942346.056816
22	030	563636502.678100	563636574.959480
23	020	564176805.493254	564176875.603661
24	028	565631280.561607	565631386.685916
