1	562777892.826351
z13mangadex	Suki desu Suzuki-kun!!	VOL14 65	562777869.002723	L	https://mangadex.org/title/1363/suki-desu-suzuki-kun	562777869.002723
65		558979161.821849	558979161.821849
64		558979161.821849	558979161.821849
63		558979161.821849	558979161.821849
62		558979161.821849	558979161.821849
61		558979161.821849	558979161.821849
60		558979161.821849	558979161.821849
59		558979161.821849	558979161.821849
58		558979161.821849	558979161.821849
57		558979161.821849	558979161.821849
56		558979161.821849	558979161.821849
55		558979161.821849	558979161.821849
54		558979161.821849	558979161.821849
53		558979161.821849	558979161.821849
52		558979161.821849	558979161.821849
51		558979161.821849	558979161.821849
50		558979161.821849	558979161.821849
49		558979161.821849	558979161.821849
48		558979161.821849	558979161.821849
47		558979161.821849	558979161.821849
46		558979161.821849	558979161.821849
45		558979161.821849	558979161.821849
44		558979161.821849	558979161.821849
43		558979161.821849	558979161.821849
42		558979161.821849	558979161.821849
41		558979161.821849	558979161.821849
40.5		558979161.821849	558979161.821849
40		558979161.821849	558979161.821849
39		558979161.821849	558979161.821849
38		558979161.821849	558979161.821849
37		558979161.821849	558979161.821849
36		558979161.821849	558979161.821849
35		558979161.821849	558979161.821849
34		558979161.821849	558979161.821849
33		558979161.821849	558979161.821849
32		558979161.821849	558979161.821849
31		558979161.821849	558979161.821849
30.5		558979161.821849	558979161.821849
30		558979161.821849	558979161.821849
29		558979161.821849	558979161.821849
28		558979161.821849	558979161.821849
27		558979161.821849	558979161.821849
26		558979161.821849	558979161.821849
25		558979161.821849	558979161.821849
24		558979161.821849	558979161.821849
23		558979161.821849	558979161.821849
22		558979161.821849	558979161.821849
21		558979161.821849	558979161.821849
20		558979161.821849	558979161.821849
19		558979161.821849	558979161.821849
18		558979161.821849	558979161.821849
17		558979161.821849	558979161.821849
16		558979161.821849	558979161.821849
15.5		558979161.821849	558979161.821849
15		558979161.821849	558979161.821849
14		558979161.821849	558979161.821849
13		558979161.821849	558979161.821849
12		558979161.821849	558979161.821849
11		558979161.821849	558979161.821849
10		558979161.821849	558979161.821849
9		558979161.821849	558979161.821849
8		558979161.821849	558979161.821849
7		558979161.821849	558979161.821849
6		558979161.821849	558979161.821849
5		558979161.821849	558979161.821849
4		558979161.821849	558979161.821849
3		558979161.821849	558979161.821849
2		558979161.821849	558979161.821849
1		558979161.821849	558979161.821849
VOL14 65	040	562777869.002723	562777892.825768
