1	565800894.086839
z13mangadex	Noragami	79.2	565800585.631779	L	https://mangadex.org/title/5014	565800585.631779
75.5	004	557929976.998087	557930022.997963
75		557930026.664383	557930026.664383
74		557930026.664383	557930026.664383
73		557930026.664383	557930026.664383
72		557930026.664383	557930026.664383
71		557930026.664383	557930026.664383
70		557930026.664383	557930026.664383
69		557930026.664383	557930026.664383
68		557930026.664383	557930026.664383
67		557930026.664383	557930026.664383
66		557930026.664383	557930026.664383
65		557930026.664383	557930026.664383
64		557930026.664383	557930026.664383
63.5		557930026.664383	557930026.664383
63		557930026.664383	557930026.664383
62		557930026.664383	557930026.664383
61		557930026.664383	557930026.664383
60		557930026.664383	557930026.664383
59		557930026.664383	557930026.664383
58		557930026.664383	557930026.664383
57		557930026.664383	557930026.664383
56		557930026.664383	557930026.664383
55		557930026.664383	557930026.664383
54		557930026.664383	557930026.664383
53		557930026.664383	557930026.664383
52		557930026.664383	557930026.664383
51		557930026.664383	557930026.664383
50		557930026.664383	557930026.664383
49		557930026.664383	557930026.664383
48		557930026.664383	557930026.664383
47		557930026.664383	557930026.664383
46		557930026.664383	557930026.664383
45		557930026.664383	557930026.664383
44		557930026.664383	557930026.664383
43		557930026.664383	557930026.664383
42		557930026.664383	557930026.664383
41		557930026.664383	557930026.664383
40		557930026.664383	557930026.664383
39		557930026.664383	557930026.664383
38		557930026.664383	557930026.664383
37		557930026.664383	557930026.664383
36		557930026.664383	557930026.664383
35		557930026.664383	557930026.664383
34		557930026.664383	557930026.664383
33		557930026.664383	557930026.664383
32		557930026.664383	557930026.664383
31		557930026.664383	557930026.664383
30		557930026.664383	557930026.664383
29		557930026.664383	557930026.664383
28		557930026.664383	557930026.664383
27		557930026.664383	557930026.664383
26		557930026.664383	557930026.664383
25		557930026.664383	557930026.664383
24		557930026.664383	557930026.664383
23		557930026.664383	557930026.664383
22		557930026.664383	557930026.664383
21		557930026.664383	557930026.664383
20		557930026.664383	557930026.664383
19		557930026.664383	557930026.664383
18		557930026.664383	557930026.664383
17		557930026.664383	557930026.664383
16		557930026.664383	557930026.664383
15		557930026.664383	557930026.664383
14		557930026.664383	557930026.664383
13		557930026.664383	557930026.664383
12		557930026.664383	557930026.664383
11		557930026.664383	557930026.664383
10		557930026.664383	557930026.664383
9		557930026.664383	557930026.664383
8		557930026.664383	557930026.664383
7		557930026.664383	557930026.664383
6		557930026.664383	557930026.664383
5		557930026.664383	557930026.664383
4		557930026.664383	557930026.664383
3		557930026.664383	557930026.664383
2		557930026.664383	557930026.664383
1		557930026.664383	557930026.664383
77	-	557930031.912610	557930031.912610
76		557930032.265352	557930032.265352
78	030	557939290.379625	557939458.322048
78.1		560484736.415370	560484781.763670
78.2	001	560484782.131388	560485133.869375
79	016	563200960.245929	563201074.815784
79.1		565800480.990538	565800585.392882
79.2	026	565800585.631779	565800892.556183
