1	568299596.916084
z13mangadex	No Guard Wife	28	565587771.465446	L	https://mangadex.org/title/29389/no-guard-wife	565587771.465446
1		562786873.153176	562786891.076473
2		562786891.301655	562786900.243597
3		562786900.477182	562786947.360790
4		562786947.551381	562786964.211302
5		562786964.429812	562786983.346936
6		562786983.619547	562787012.497419
7		562787013.074507	562787033.232569
8		562787033.488989	562787051.400118
9		562787051.930155	562787069.267517
10		562787069.579224	562787085.517929
11		562787085.767284	562787123.902852
12		562787124.177420	562787134.103262
13		562787134.337496	562787144.853731
14		562787145.095863	562787149.235530
15		562787149.487408	562787173.620794
16		562787173.841689	562787195.105899
17		562787195.329493	562787229.774063
18		562787230.015803	562787303.923337
19		562787304.176485	562787349.076107
19.5		562787349.614820	562787364.776661
20		564239096.607976	564239157.924395
21		564239158.265852	564239201.209407
22		564239201.909999	564239243.460997
23		564239243.775122	564239268.178657
24		564239268.451178	564239286.829513
25		565587685.324592	565587713.261249
25.1		565587713.634289	565587716.725576
26		565587717.018827	565587736.411681
27		565587736.825957	565587771.161255
28	005	565587771.465446	565587824.773120
