1	567811369.424303
z13mangadex	Yomawari Sensei	21	563238472.360713	L	https://mangadex.org/title/10953/yomawari-sensei	563238472.360713
0		563223551.266612	563224021.003444
1		563224021.345306	563224352.994421
2		563224353.605632	563224602.814025
3		563224603.029263	563224780.372596
4		563224780.779784	563225187.374964
5		563225187.708830	563225304.180498
6		563225304.491670	563225529.717444
7		563225529.996190	563225825.670953
8		563225826.406948	563225957.843552
9		563225958.128254	563227447.297793
10		563227448.048900	563227593.520371
11		563227593.843008	563227689.692275
12		563227690.313577	563227821.765383
13		563227822.312001	563237279.237070
14		563237279.623943	563237421.408923
15		563237421.999284	563237509.395361
16		563237509.826441	563237719.503422
17		563237719.830435	563237966.862690
18		563237967.232764	563238090.283391
19		563238090.585014	563238270.972426
20		563238271.310013	563238471.122670
21	041	563238472.360713	563238619.285846
