1	566369272.482280
z13mangadex	Chihayafuru	205	566369114.039930	L	https://mangadex.org/title/1063/chihayafuru	566369114.039930
197		555529168.402993	555529168.402993
196		555529168.402993	555529168.402993
195		555529168.402993	555529168.402993
194		555529168.402993	555529168.402993
193		555529168.402993	555529168.402993
192		555529168.402993	555529168.402993
191		555529168.402993	555529168.402993
190		555529168.402993	555529168.402993
189		555529168.402993	555529168.402993
188		555529168.402993	555529168.402993
187		555529168.402993	555529168.402993
186		555529168.402993	555529168.402993
185		555529168.402993	555529168.402993
184		555529168.402993	555529168.402993
183		555529168.402993	555529168.402993
182		555529168.402993	555529168.402993
181		555529168.402993	555529168.402993
180		555529168.402993	555529168.402993
179		555529168.402993	555529168.402993
178		555529168.402993	555529168.402993
177		555529168.402993	555529168.402993
176		555529168.402993	555529168.402993
175		555529168.402993	555529168.402993
174		555529168.402993	555529168.402993
173		555529168.402993	555529168.402993
172		555529168.402993	555529168.402993
171		555529168.402993	555529168.402993
170		555529168.402993	555529168.402993
169		555529168.402993	555529168.402993
168		555529168.402993	555529168.402993
167		555529168.402993	555529168.402993
166		555529168.402993	555529168.402993
165		555529168.402993	555529168.402993
164		555529168.402993	555529168.402993
163		555529168.402993	555529168.402993
162		555529168.402993	555529168.402993
161		555529168.402993	555529168.402993
160		555529168.402993	555529168.402993
159		555529168.402993	555529168.402993
158		555529168.402993	555529168.402993
157		555529168.402993	555529168.402993
156		555529168.402993	555529168.402993
155		555529168.402993	555529168.402993
154		555529168.402993	555529168.402993
153		555529168.402993	555529168.402993
152		555529168.402993	555529168.402993
151		555529168.402993	555529168.402993
150		555529168.402993	555529168.402993
149		555529168.402993	555529168.402993
148		555529168.402993	555529168.402993
147		555529168.402993	555529168.402993
146		555529168.402993	555529168.402993
145		555529168.402993	555529168.402993
144		555529168.402993	555529168.402993
143		555529168.402993	555529168.402993
142		555529168.402993	555529168.402993
141		555529168.402993	555529168.402993
140		555529168.402993	555529168.402993
139		555529168.402993	555529168.402993
138		555529168.402993	555529168.402993
137		555529168.402993	555529168.402993
136		555529168.402993	555529168.402993
135		555529168.402993	555529168.402993
134		555529168.402993	555529168.402993
133		555529168.402993	555529168.402993
132		555529168.402993	555529168.402993
131		555529168.402993	555529168.402993
130		555529168.402993	555529168.402993
129		555529168.402993	555529168.402993
128		555529168.402993	555529168.402993
127		555529168.402993	555529168.402993
126		555529168.402993	555529168.402993
125		555529168.402993	555529168.402993
124		555529168.402993	555529168.402993
123		555529168.402993	555529168.402993
122		555529168.402993	555529168.402993
121		555529168.402993	555529168.402993
120		555529168.402993	555529168.402993
119		555529168.402993	555529168.402993
118		555529168.402993	555529168.402993
117		555529168.402993	555529168.402993
116		555529168.402993	555529168.402993
115		555529168.402993	555529168.402993
114		555529168.402993	555529168.402993
113		555529168.402993	555529168.402993
112		555529168.402993	555529168.402993
111		555529168.402993	555529168.402993
110		555529168.402993	555529168.402993
109		555529168.402993	555529168.402993
108		555529168.402993	555529168.402993
107		555529168.402993	555529168.402993
106		555529168.402993	555529168.402993
105		555529168.402993	555529168.402993
104		555529168.402993	555529168.402993
103		555529168.402993	555529168.402993
102		555529168.402993	555529168.402993
101		555529168.402993	555529168.402993
100		555529168.402993	555529168.402993
99		555529168.402993	555529168.402993
93		555529168.402993	555529168.402993
92		555529168.402993	555529168.402993
91		555529168.402993	555529168.402993
90		555529168.402993	555529168.402993
89		555529168.402993	555529168.402993
88		555529168.402993	555529168.402993
87		555529168.402993	555529168.402993
86		555529168.402993	555529168.402993
85		555529168.402993	555529168.402993
51		555529168.402993	555529168.402993
50		555529168.402993	555529168.402993
49		555529168.402993	555529168.402993
48		555529168.402993	555529168.402993
47		555529168.402993	555529168.402993
46		555529168.402993	555529168.402993
45		555529168.402993	555529168.402993
44		555529168.402993	555529168.402993
43		555529168.402993	555529168.402993
42		555529168.402993	555529168.402993
41		555529168.402993	555529168.402993
40		555529168.402993	555529168.402993
39		555529168.402993	555529168.402993
38		555529168.402993	555529168.402993
37		555529168.402993	555529168.402993
36		555529168.402993	555529168.402993
35		555529168.402993	555529168.402993
34		555529168.402993	555529168.402993
33		555529168.402993	555529168.402993
32		555529168.402993	555529168.402993
31		555529168.402993	555529168.402993
30		555529168.402993	555529168.402993
29		555529168.402993	555529168.402993
28		555529168.402993	555529168.402993
27		555529168.402993	555529168.402993
26		555529168.402993	555529168.402993
25		555529168.402993	555529168.402993
24		555529168.402993	555529168.402993
23		555529168.402993	555529168.402993
22		555529168.402993	555529168.402993
21		555529168.402993	555529168.402993
20		555529168.402993	555529168.402993
19		555529168.402993	555529168.402993
18		555529168.402993	555529168.402993
17		555529168.402993	555529168.402993
16		555529168.402993	555529168.402993
15		555529168.402993	555529168.402993
14		555529168.402993	555529168.402993
13		555529168.402993	555529168.402993
12		555529168.402993	555529168.402993
11		555529168.402993	555529168.402993
10		555529168.402993	555529168.402993
9		555529168.402993	555529168.402993
8		555529168.402993	555529168.402993
7		555529168.402993	555529168.402993
6		555529168.402993	555529168.402993
5		555529168.402993	555529168.402993
4		555529168.402993	555529168.402993
3		555529168.402993	555529168.402993
2		555529168.402993	555529168.402993
1		555529168.402993	555529168.402993
198		555622814.636161	555622814.636161
199	29	555639069.069402	555639167.663730
200		564211388.282748	564212109.146144
201		564212109.545556	564212160.481465
202		564212160.783299	564212253.486457
203	030	564212254.194011	564212315.975386
204		566368854.008481	566369113.699233
205	033	566369114.039930	566369270.744998
