1	555607274.573328
z13mangadex	Honey	16	555607223.614513	L	https://mangadex.org/manga/6812/honey	555607223.614513
16	45	555607223.614513	555607274.572660
15		555607156.852663	555607222.892115
14		555607145.825854	555607145.825854
13		555607145.825854	555607145.825854
12		555607145.825854	555607145.825854
11		555607145.825854	555607145.825854
10		555607145.825854	555607145.825854
9		555607145.825854	555607145.825854
8		555607145.825854	555607145.825854
7		555607145.825854	555607145.825854
6		555607145.825854	555607145.825854
5		555607145.825854	555607145.825854
4		555607145.825854	555607145.825854
3		555607145.825854	555607145.825854
2		555607145.825854	555607145.825854
1		555607145.825854	555607145.825854
