1	559761972.533487
z13mangadex	Air Gear			L	https://mangadex.org/title/9/air-gear	0.000000
352		559761971.817235	559761971.817235
350		559761971.817235	559761971.817235
349		559761971.817235	559761971.817235
348		559761971.817235	559761971.817235
347		559761971.817235	559761971.817235
346		559761971.817235	559761971.817235
345		559761971.817235	559761971.817235
344		559761971.817235	559761971.817235
343		559761971.817235	559761971.817235
342		559761971.817235	559761971.817235
341		559761971.817235	559761971.817235
340		559761971.817235	559761971.817235
339		559761971.817235	559761971.817235
338		559761971.817235	559761971.817235
337		559761971.817235	559761971.817235
336		559761971.817235	559761971.817235
335		559761971.817235	559761971.817235
334		559761971.817235	559761971.817235
333		559761971.817235	559761971.817235
332		559761971.817235	559761971.817235
331		559761971.817235	559761971.817235
330		559761971.817235	559761971.817235
329		559761971.817235	559761971.817235
328		559761971.817235	559761971.817235
327		559761971.817235	559761971.817235
326		559761971.817235	559761971.817235
325		559761971.817235	559761971.817235
324		559761971.817235	559761971.817235
323		559761971.817235	559761971.817235
322		559761971.817235	559761971.817235
321		559761971.817235	559761971.817235
320		559761971.817235	559761971.817235
319		559761971.817235	559761971.817235
318		559761971.817235	559761971.817235
317		559761971.817235	559761971.817235
316		559761971.817235	559761971.817235
315		559761971.817235	559761971.817235
314		559761971.817235	559761971.817235
313		559761971.817235	559761971.817235
312		559761971.817235	559761971.817235
311		559761971.817235	559761971.817235
310		559761971.817235	559761971.817235
309		559761971.817235	559761971.817235
308		559761971.817235	559761971.817235
307		559761971.817235	559761971.817235
306		559761971.817235	559761971.817235
305		559761971.817235	559761971.817235
304		559761971.817235	559761971.817235
303		559761971.817235	559761971.817235
302		559761971.817235	559761971.817235
301		559761971.817235	559761971.817235
300		559761971.817235	559761971.817235
299		559761971.817235	559761971.817235
298		559761971.817235	559761971.817235
297		559761971.817235	559761971.817235
296		559761971.817235	559761971.817235
295		559761971.817235	559761971.817235
294		559761971.817235	559761971.817235
293		559761971.817235	559761971.817235
292		559761971.817235	559761971.817235
291		559761971.817235	559761971.817235
290		559761971.817235	559761971.817235
289		559761971.817235	559761971.817235
288		559761971.817235	559761971.817235
287		559761971.817235	559761971.817235
286		559761971.817235	559761971.817235
285		559761971.817235	559761971.817235
284		559761971.817235	559761971.817235
283		559761971.817235	559761971.817235
282		559761971.817235	559761971.817235
281		559761971.817235	559761971.817235
280		559761971.817235	559761971.817235
279		559761971.817235	559761971.817235
278		559761971.817235	559761971.817235
277		559761971.817235	559761971.817235
276		559761971.817235	559761971.817235
275		559761971.817235	559761971.817235
274		559761971.817235	559761971.817235
273		559761971.817235	559761971.817235
272		559761971.817235	559761971.817235
271		559761971.817235	559761971.817235
270		559761971.817235	559761971.817235
269		559761971.817235	559761971.817235
268		559761971.817235	559761971.817235
267		559761971.817235	559761971.817235
266		559761971.817235	559761971.817235
265		559761971.817235	559761971.817235
264		559761971.817235	559761971.817235
263		559761971.817235	559761971.817235
262		559761971.817235	559761971.817235
261		559761971.817235	559761971.817235
260		559761971.817235	559761971.817235
259		559761971.817235	559761971.817235
258		559761971.817235	559761971.817235
257		559761971.817235	559761971.817235
256		559761971.817235	559761971.817235
255		559761971.817235	559761971.817235
254		559761971.817235	559761971.817235
253		559761971.817235	559761971.817235
252		559761971.817235	559761971.817235
251		559761971.817235	559761971.817235
250		559761971.817235	559761971.817235
249		559761971.817235	559761971.817235
248		559761971.817235	559761971.817235
247		559761971.817235	559761971.817235
246		559761971.817235	559761971.817235
245		559761971.817235	559761971.817235
244		559761971.817235	559761971.817235
243		559761971.817235	559761971.817235
242		559761971.817235	559761971.817235
241		559761971.817235	559761971.817235
240		559761971.817235	559761971.817235
239		559761971.817235	559761971.817235
238		559761971.817235	559761971.817235
237		559761971.817235	559761971.817235
236		559761971.817235	559761971.817235
235		559761971.817235	559761971.817235
234		559761971.817235	559761971.817235
233		559761971.817235	559761971.817235
232		559761971.817235	559761971.817235
231		559761971.817235	559761971.817235
230		559761971.817235	559761971.817235
229		559761971.817235	559761971.817235
228		559761971.817235	559761971.817235
227		559761971.817235	559761971.817235
226		559761971.817235	559761971.817235
225		559761971.817235	559761971.817235
224		559761971.817235	559761971.817235
223		559761971.817235	559761971.817235
222		559761971.817235	559761971.817235
221		559761971.817235	559761971.817235
220		559761971.817235	559761971.817235
219		559761971.817235	559761971.817235
218		559761971.817235	559761971.817235
217		559761971.817235	559761971.817235
216		559761971.817235	559761971.817235
215		559761971.817235	559761971.817235
214		559761971.817235	559761971.817235
213		559761971.817235	559761971.817235
212		559761971.817235	559761971.817235
211		559761971.817235	559761971.817235
210		559761971.817235	559761971.817235
209		559761971.817235	559761971.817235
208		559761971.817235	559761971.817235
207		559761971.817235	559761971.817235
206		559761971.817235	559761971.817235
205		559761971.817235	559761971.817235
204		559761971.817235	559761971.817235
203		559761971.817235	559761971.817235
202		559761971.817235	559761971.817235
201		559761971.817235	559761971.817235
200		559761971.817235	559761971.817235
199		559761971.817235	559761971.817235
198		559761971.817235	559761971.817235
197		559761971.817235	559761971.817235
196.5		559761971.817235	559761971.817235
196		559761971.817235	559761971.817235
195		559761971.817235	559761971.817235
194		559761971.817235	559761971.817235
193		559761971.817235	559761971.817235
192		559761971.817235	559761971.817235
191		559761971.817235	559761971.817235
190		559761971.817235	559761971.817235
189		559761971.817235	559761971.817235
188		559761971.817235	559761971.817235
187		559761971.817235	559761971.817235
186		559761971.817235	559761971.817235
185.5		559761971.817235	559761971.817235
185		559761971.817235	559761971.817235
184		559761971.817235	559761971.817235
183		559761971.817235	559761971.817235
182		559761971.817235	559761971.817235
181		559761971.817235	559761971.817235
180		559761971.817235	559761971.817235
179		559761971.817235	559761971.817235
178		559761971.817235	559761971.817235
177		559761971.817235	559761971.817235
176		559761971.817235	559761971.817235
175		559761971.817235	559761971.817235
174		559761971.817235	559761971.817235
173		559761971.817235	559761971.817235
172		559761971.817235	559761971.817235
171		559761971.817235	559761971.817235
170		559761971.817235	559761971.817235
169		559761971.817235	559761971.817235
168		559761971.817235	559761971.817235
167		559761971.817235	559761971.817235
166		559761971.817235	559761971.817235
165		559761971.817235	559761971.817235
164		559761971.817235	559761971.817235
163		559761971.817235	559761971.817235
162		559761971.817235	559761971.817235
161		559761971.817235	559761971.817235
160		559761971.817235	559761971.817235
159		559761971.817235	559761971.817235
158		559761971.817235	559761971.817235
157		559761971.817235	559761971.817235
156		559761971.817235	559761971.817235
155		559761971.817235	559761971.817235
154		559761971.817235	559761971.817235
153		559761971.817235	559761971.817235
152		559761971.817235	559761971.817235
151		559761971.817235	559761971.817235
150		559761971.817235	559761971.817235
149		559761971.817235	559761971.817235
148		559761971.817235	559761971.817235
147		559761971.817235	559761971.817235
146		559761971.817235	559761971.817235
145		559761971.817235	559761971.817235
144		559761971.817235	559761971.817235
143		559761971.817235	559761971.817235
142		559761971.817235	559761971.817235
141		559761971.817235	559761971.817235
140		559761971.817235	559761971.817235
139		559761971.817235	559761971.817235
138		559761971.817235	559761971.817235
137		559761971.817235	559761971.817235
136		559761971.817235	559761971.817235
135		559761971.817235	559761971.817235
134		559761971.817235	559761971.817235
133		559761971.817235	559761971.817235
132		559761971.817235	559761971.817235
131		559761971.817235	559761971.817235
130		559761971.817235	559761971.817235
129		559761971.817235	559761971.817235
128		559761971.817235	559761971.817235
127		559761971.817235	559761971.817235
126		559761971.817235	559761971.817235
125		559761971.817235	559761971.817235
124		559761971.817235	559761971.817235
123		559761971.817235	559761971.817235
122		559761971.817235	559761971.817235
121		559761971.817235	559761971.817235
120		559761971.817235	559761971.817235
119		559761971.817235	559761971.817235
118		559761971.817235	559761971.817235
117		559761971.817235	559761971.817235
116		559761971.817235	559761971.817235
115		559761971.817235	559761971.817235
114		559761971.817235	559761971.817235
113		559761971.817235	559761971.817235
112		559761971.817235	559761971.817235
111		559761971.817235	559761971.817235
110		559761971.817235	559761971.817235
109		559761971.817235	559761971.817235
108		559761971.817235	559761971.817235
107		559761971.817235	559761971.817235
106		559761971.817235	559761971.817235
105		559761971.817235	559761971.817235
104		559761971.817235	559761971.817235
103		559761971.817235	559761971.817235
102		559761971.817235	559761971.817235
101		559761971.817235	559761971.817235
100		559761971.817235	559761971.817235
99		559761971.817235	559761971.817235
98		559761971.817235	559761971.817235
97		559761971.817235	559761971.817235
96		559761971.817235	559761971.817235
95		559761971.817235	559761971.817235
94		559761971.817235	559761971.817235
93		559761971.817235	559761971.817235
92		559761971.817235	559761971.817235
91		559761971.817235	559761971.817235
90		559761971.817235	559761971.817235
89		559761971.817235	559761971.817235
88		559761971.817235	559761971.817235
87		559761971.817235	559761971.817235
86		559761971.817235	559761971.817235
85		559761971.817235	559761971.817235
84		559761971.817235	559761971.817235
83		559761971.817235	559761971.817235
82		559761971.817235	559761971.817235
81		559761971.817235	559761971.817235
80		559761971.817235	559761971.817235
79		559761971.817235	559761971.817235
78		559761971.817235	559761971.817235
77		559761971.817235	559761971.817235
76		559761971.817235	559761971.817235
75		559761971.817235	559761971.817235
74		559761971.817235	559761971.817235
73		559761971.817235	559761971.817235
72		559761971.817235	559761971.817235
71		559761971.817235	559761971.817235
70		559761971.817235	559761971.817235
69		559761971.817235	559761971.817235
68		559761971.817235	559761971.817235
67		559761971.817235	559761971.817235
66		559761971.817235	559761971.817235
65		559761971.817235	559761971.817235
64		559761971.817235	559761971.817235
63		559761971.817235	559761971.817235
62		559761971.817235	559761971.817235
61		559761971.817235	559761971.817235
60		559761971.817235	559761971.817235
59		559761971.817235	559761971.817235
58		559761971.817235	559761971.817235
57		559761971.817235	559761971.817235
56		559761971.817235	559761971.817235
55		559761971.817235	559761971.817235
54		559761971.817235	559761971.817235
53		559761971.817235	559761971.817235
52		559761971.817235	559761971.817235
51		559761971.817235	559761971.817235
50		559761971.817235	559761971.817235
49		559761971.817235	559761971.817235
48		559761971.817235	559761971.817235
47		559761971.817235	559761971.817235
46		559761971.817235	559761971.817235
45		559761971.817235	559761971.817235
44		559761971.817235	559761971.817235
43		559761971.817235	559761971.817235
42		559761971.817235	559761971.817235
41		559761971.817235	559761971.817235
40		559761971.817235	559761971.817235
39		559761971.817235	559761971.817235
38		559761971.817235	559761971.817235
37		559761971.817235	559761971.817235
36		559761971.817235	559761971.817235
35		559761971.817235	559761971.817235
34		559761971.817235	559761971.817235
33		559761971.817235	559761971.817235
32		559761971.817235	559761971.817235
31		559761971.817235	559761971.817235
30		559761971.817235	559761971.817235
29		559761971.817235	559761971.817235
28		559761971.817235	559761971.817235
27		559761971.817235	559761971.817235
26		559761971.817235	559761971.817235
25		559761971.817235	559761971.817235
24		559761971.817235	559761971.817235
23		559761971.817235	559761971.817235
22		559761971.817235	559761971.817235
21		559761971.817235	559761971.817235
20		559761971.817235	559761971.817235
19		559761971.817235	559761971.817235
18		559761971.817235	559761971.817235
17		559761971.817235	559761971.817235
16		559761971.817235	559761971.817235
15		559761971.817235	559761971.817235
14		559761971.817235	559761971.817235
13		559761971.817235	559761971.817235
12		559761971.817235	559761971.817235
11		559761971.817235	559761971.817235
10		559761971.817235	559761971.817235
9		559761971.817235	559761971.817235
8		559761971.817235	559761971.817235
7		559761971.817235	559761971.817235
6		559761971.817235	559761971.817235
5		559761971.817235	559761971.817235
4		559761971.817235	559761971.817235
3		559761971.817235	559761971.817235
2		559761971.817235	559761971.817235
1		559761971.817235	559761971.817235
