1	565846234.212454
z13mangadex	LV999 no Murabito	16	565846130.876292	L	https://mangadex.org/title/21690/lv999-no-murabito	565846130.876292
13		556737522.421909	556737522.421909
12		556737522.421909	556737522.421909
11		556737522.421909	556737522.421909
10		556737522.421909	556737522.421909
9		556737522.421909	556737522.421909
8		556737522.421909	556737522.421909
7		556737522.421909	556737522.421909
6		556737522.421909	556737522.421909
5		556737522.421909	556737522.421909
4		556737522.421909	556737522.421909
3		556737522.421909	556737522.421909
2		556737522.421909	556737522.421909
1		556737522.421909	556737522.421909
14		556771850.928787	556771850.928787
15	024	559232749.057011	559232825.628680
16	025	565846130.876292	565846232.555613
