1	561215003.405820
z13mangadex	Takane no Hana nara Ochitekoi!!	9.1	561214954.468072	L	https://mangadex.org/title/16443/takane-no-hana-nara-ochitekoi	561214954.468072
9		558984804.235377	558984804.235377
8		558984804.235377	558984804.235377
7		558984804.235377	558984804.235377
6		558984804.235377	558984804.235377
5		558984804.235377	558984804.235377
4		558984804.235377	558984804.235377
3		558984804.235377	558984804.235377
2		558984804.235377	558984804.235377
1		558984804.235377	558984804.235377
9.1	005	561214954.468072	561215002.009554
