1	559006112.997477
z13mangadex	Sensei Lock-On! 2nd	16.5	559006070.116592	L	https://mangadex.org/title/23864	559006070.116592
0		558988263.458877	558988299.892680
1		558995885.537709	558995981.682699
2		558995982.856830	558996091.039935
3		558996091.774287	559005081.922945
4		559005082.303930	559005164.490104
5		559005164.863869	559005254.047103
6		559005254.708840	559005290.799361
7		559005291.456969	559005368.853448
8		559005369.600689	559005391.471230
9		559005391.851903	559005440.540605
10		559005440.863799	559005482.840594
11		559005483.578175	559005526.412068
12		559005526.794067	559005560.063905
13		559005571.604798	559005866.960512
14		559005867.698781	559005949.348704
15		559005949.702851	559005999.204624
16		559005999.973028	559006069.355912
16.5	012	559006070.116592	559006111.414204
