1	566578659.270836
z13mangadex	Yonakano Reiji ni Haremu Wo!!	10	566578600.504313	L	https://mangadex.org/title/23661/yonakano-reiji-ni-haremu-wo	566578600.504313
1		558914895.064064	558916766.397021
2		558974641.247399	558974729.909206
3		558974730.640369	558974904.464703
4		558974904.688809	558975126.542909
5	046	558975127.224874	558975326.966160
6	043	563213864.130778	563214003.160241
7	033	563906018.500803	563906072.348722
8	033	564605034.385125	564605175.999990
9	035	566059256.838221	566059364.019007
10	026	566578600.504313	566578657.609686
