1	568564601.287618
z13mangadex	Yuragi-sou no Yuuna-san	142	568564479.326799	L	https://mangadex.org/title/18258/yuragi-sou-no-yuuna-san	568564479.326799
122	019	556320721.653106	556320831.647810
121		556320835.447809	556320835.447809
120		556320835.447809	556320835.447809
119		556320835.447809	556320835.447809
118		556320835.447809	556320835.447809
117.5		556320835.447809	556320835.447809
117		556320835.447809	556320835.447809
116		556320835.447809	556320835.447809
115		556320835.447809	556320835.447809
114		556320835.447809	556320835.447809
113		556320835.447809	556320835.447809
112.5		556320835.447809	556320835.447809
112		556320835.447809	556320835.447809
111		556320835.447809	556320835.447809
110		556320835.447809	556320835.447809
109		556320835.447809	556320835.447809
108		556320835.447809	556320835.447809
107		556320835.447809	556320835.447809
106		556320835.447809	556320835.447809
105		556320835.447809	556320835.447809
104		556320835.447809	556320835.447809
103		556320835.447809	556320835.447809
102		556320835.447809	556320835.447809
101		556320835.447809	556320835.447809
100		556320835.447809	556320835.447809
99		556320835.447809	556320835.447809
98		556320835.447809	556320835.447809
97		556320835.447809	556320835.447809
96		556320835.447809	556320835.447809
95		556320835.447809	556320835.447809
94		556320835.447809	556320835.447809
93		556320835.447809	556320835.447809
92.5		556320835.447809	556320835.447809
92		556320835.447809	556320835.447809
91		556320835.447809	556320835.447809
90		556320835.447809	556320835.447809
89		556320835.447809	556320835.447809
88		556320835.447809	556320835.447809
87		556320835.447809	556320835.447809
86		556320835.447809	556320835.447809
85		556320835.447809	556320835.447809
84		556320835.447809	556320835.447809
83		556320835.447809	556320835.447809
82		556320835.447809	556320835.447809
81		556320835.447809	556320835.447809
80		556320835.447809	556320835.447809
79		556320835.447809	556320835.447809
78		556320835.447809	556320835.447809
77		556320835.447809	556320835.447809
76		556320835.447809	556320835.447809
75		556320835.447809	556320835.447809
74		556320835.447809	556320835.447809
73		556320835.447809	556320835.447809
72		556320835.447809	556320835.447809
71		556320835.447809	556320835.447809
70		556320835.447809	556320835.447809
69		556320835.447809	556320835.447809
68		556320835.447809	556320835.447809
67		556320835.447809	556320835.447809
66		556320835.447809	556320835.447809
65		556320835.447809	556320835.447809
64		556320835.447809	556320835.447809
63		556320835.447809	556320835.447809
62		556320835.447809	556320835.447809
61		556320835.447809	556320835.447809
60		556320835.447809	556320835.447809
59		556320835.447809	556320835.447809
58		556320835.447809	556320835.447809
57		556320835.447809	556320835.447809
56		556320835.447809	556320835.447809
55		556320835.447809	556320835.447809
54		556320835.447809	556320835.447809
53		556320835.447809	556320835.447809
52		556320835.447809	556320835.447809
51		556320835.447809	556320835.447809
50		556320835.447809	556320835.447809
49		556320835.447809	556320835.447809
48		556320835.447809	556320835.447809
47		556320835.447809	556320835.447809
46		556320835.447809	556320835.447809
45		556320835.447809	556320835.447809
44		556320835.447809	556320835.447809
43		556320835.447809	556320835.447809
42		556320835.447809	556320835.447809
41		556320835.447809	556320835.447809
40		556320835.447809	556320835.447809
39		556320835.447809	556320835.447809
38		556320835.447809	556320835.447809
37		556320835.447809	556320835.447809
36		556320835.447809	556320835.447809
35		556320835.447809	556320835.447809
34		556320835.447809	556320835.447809
33		556320835.447809	556320835.447809
32		556320835.447809	556320835.447809
31		556320835.447809	556320835.447809
30		556320835.447809	556320835.447809
29		556320835.447809	556320835.447809
28		556320835.447809	556320835.447809
27.1		556320835.447809	556320835.447809
27		556320835.447809	556320835.447809
26.1		556320835.447809	556320835.447809
26		556320835.447809	556320835.447809
25		556320835.447809	556320835.447809
24.1		556320835.447809	556320835.447809
24		556320835.447809	556320835.447809
23.5		556320835.447809	556320835.447809
23.1		556320835.447809	556320835.447809
23		556320835.447809	556320835.447809
22.1		556320835.447809	556320835.447809
22		556320835.447809	556320835.447809
21.1		556320835.447809	556320835.447809
21		556320835.447809	556320835.447809
20		556320835.447809	556320835.447809
19		556320835.447809	556320835.447809
18		556320835.447809	556320835.447809
17		556320835.447809	556320835.447809
16		556320835.447809	556320835.447809
15		556320835.447809	556320835.447809
14		556320835.447809	556320835.447809
VOL2 13		556320835.447809	556320835.447809
13		556320835.447809	556320835.447809
VOL2 12		556320835.447809	556320835.447809
12		556320835.447809	556320835.447809
VOL2 11		556320835.447809	556320835.447809
11		556320835.447809	556320835.447809
VOL2 10		556320835.447809	556320835.447809
10		556320835.447809	556320835.447809
VOL2 9		556320835.447809	556320835.447809
9		556320835.447809	556320835.447809
VOL2 8		556320835.447809	556320835.447809
8		556320835.447809	556320835.447809
VOL1 7		556320835.447809	556320835.447809
7		556320835.447809	556320835.447809
VOL1 6		556320835.447809	556320835.447809
6		556320835.447809	556320835.447809
VOL1 5		556320835.447809	556320835.447809
5		556320835.447809	556320835.447809
VOL1 4		556320835.447809	556320835.447809
4		556320835.447809	556320835.447809
VOL1 3		556320835.447809	556320835.447809
3		556320835.447809	556320835.447809
VOL1 2		556320835.447809	556320835.447809
2		556320835.447809	556320835.447809
VOL1 1		556320835.447809	556320835.447809
1		556320835.447809	556320835.447809
123	020	556457944.920272	556458081.704086
124	017	557093188.410978	557093288.907515
125	019	557669461.813394	557669581.574514
126	018	558275698.249378	558275868.608743
127	018	558707586.602729	558707735.455141
128	018	559316964.641592	559317125.350143
129	019	560089689.050841	560089853.323467
130	019	560525207.440970	560525331.774332
131	019	561301747.140991	561301856.576046
132	019	561907997.155212	561908071.043457
133	020	562599135.103264	562601087.204262
134	019	563122072.134874	563122320.840047
135	019	563811656.672183	563811718.264196
136	019	564327252.297138	564327335.455270
137	-	564938718.072200	566144924.993858
138	019	565587541.725153	565587610.272391
139	017	566144927.071806	566145043.425218
140	019	566750147.411606	566750214.808128
141	019	567181657.483729	567181841.052774
141.5		568564457.451775	568564478.800278
142	019	568564479.326799	568564599.527690
