1	566750458.990723
z13mangadex	Watari-kun no ×× ga Houkai Sunzen	37	566750347.503662	L	https://mangadex.org/title/12850/watari-kun-no-ga-houkai-sunzen	566750347.503662
33	031	559147898.196125	559148370.355941
32		559148374.068706	559148374.068706
31		559148374.068706	559148374.068706
30		559148374.068706	559148374.068706
29		559148374.068706	559148374.068706
28		559148374.068706	559148374.068706
27		559148374.068706	559148374.068706
26		559148374.068706	559148374.068706
25		559148374.068706	559148374.068706
24		559148374.068706	559148374.068706
23		559148374.068706	559148374.068706
22		559148374.068706	559148374.068706
21		559148374.068706	559148374.068706
20		559148374.068706	559148374.068706
19		559148374.068706	559148374.068706
18		559148374.068706	559148374.068706
17		559148374.068706	559148374.068706
16		559148374.068706	559148374.068706
15		559148374.068706	559148374.068706
14		559148374.068706	559148374.068706
13		559148374.068706	559148374.068706
12		559148374.068706	559148374.068706
11		559148374.068706	559148374.068706
10		559148374.068706	559148374.068706
9.5		559148374.068706	559148374.068706
9		559148374.068706	559148374.068706
8.2		559148374.068706	559148374.068706
8.1		559148374.068706	559148374.068706
8		559148374.068706	559148374.068706
7		559148374.068706	559148374.068706
6		559148374.068706	559148374.068706
5		559148374.068706	559148374.068706
4		559148374.068706	559148374.068706
3		559148374.068706	559148374.068706
2		559148374.068706	559148374.068706
1		559148374.068706	559148374.068706
34	031	560528101.632714	560528246.266364
35	032	562596063.556604	562596149.178573
36	039	564327010.279384	564327132.713216
37	042	566750347.503662	566750457.634724
