1	558284967.416119
z13mangadex	Live or Not	65	555955523.669511	B	https://mangadex.org/title/16074/live-or-not	555955523.669511
65	074	555955523.669511	555955659.689310
64		555955664.104573	555955664.104573
63		555955664.104573	555955664.104573
62		555955664.104573	555955664.104573
61		555955664.104573	555955664.104573
60		555955664.104573	555955664.104573
59		555955664.104573	555955664.104573
58		555955664.104573	555955664.104573
57		555955664.104573	555955664.104573
56		555955664.104573	555955664.104573
55		555955664.104573	555955664.104573
54		555955664.104573	555955664.104573
53		555955664.104573	555955664.104573
52		555955664.104573	555955664.104573
51		555955664.104573	555955664.104573
50		555955664.104573	555955664.104573
49		555955664.104573	555955664.104573
48		555955664.104573	555955664.104573
47		555955664.104573	555955664.104573
46		555955664.104573	555955664.104573
45.3		555955664.104573	555955664.104573
45.2		555955664.104573	555955664.104573
45		555955664.104573	555955664.104573
44		555955664.104573	555955664.104573
43		555955664.104573	555955664.104573
42		555955664.104573	555955664.104573
41		555955664.104573	555955664.104573
40		555955664.104573	555955664.104573
39		555955664.104573	555955664.104573
38		555955664.104573	555955664.104573
37		555955664.104573	555955664.104573
36		555955664.104573	555955664.104573
35		555955664.104573	555955664.104573
34		555955664.104573	555955664.104573
33		555955664.104573	555955664.104573
32		555955664.104573	555955664.104573
31		555955664.104573	555955664.104573
30		555955664.104573	555955664.104573
29		555955664.104573	555955664.104573
28		555955664.104573	555955664.104573
27		555955664.104573	555955664.104573
26		555955664.104573	555955664.104573
25		555955664.104573	555955664.104573
24.2		555955664.104573	555955664.104573
24		555955664.104573	555955664.104573
23		555955664.104573	555955664.104573
22		555955664.104573	555955664.104573
21		555955664.104573	555955664.104573
20		555955664.104573	555955664.104573
19		555955664.104573	555955664.104573
18		555955664.104573	555955664.104573
17		555955664.104573	555955664.104573
16		555955664.104573	555955664.104573
15		555955664.104573	555955664.104573
14		555955664.104573	555955664.104573
13		555955664.104573	555955664.104573
12		555955664.104573	555955664.104573
11		555955664.104573	555955664.104573
10		555955664.104573	555955664.104573
9		555955664.104573	555955664.104573
8		555955664.104573	555955664.104573
7		555955664.104573	555955664.104573
6		555955664.104573	555955664.104573
5		555955664.104573	555955664.104573
4		555955664.104573	555955664.104573
3		555955664.104573	555955664.104573
2		555955664.104573	555955664.104573
1		555955664.104573	555955664.104573
0		555955664.104573	555955664.104573
