1	565633120.179453
z13mangadex	Days	167	565633042.853388	L	https://mangadex.org/title/11710/days	565633042.853388
157		555604263.231621	555604263.231621
156		555604263.231621	555604263.231621
155		555604263.231621	555604263.231621
154		555604263.231621	555604263.231621
153		555604263.231621	555604263.231621
152		555604263.231621	555604263.231621
151		555604263.231621	555604263.231621
150		555604263.231621	555604263.231621
149		555604263.231621	555604263.231621
148		555604263.231621	555604263.231621
147		555604263.231621	555604263.231621
146		555604263.231621	555604263.231621
145		555604263.231621	555604263.231621
144		555604263.231621	555604263.231621
143		555604263.231621	555604263.231621
142		555604263.231621	555604263.231621
141		555604263.231621	555604263.231621
140		555604263.231621	555604263.231621
139		555604263.231621	555604263.231621
138		555604263.231621	555604263.231621
137		555604263.231621	555604263.231621
136		555604263.231621	555604263.231621
135		555604263.231621	555604263.231621
134		555604263.231621	555604263.231621
133		555604263.231621	555604263.231621
132		555604263.231621	555604263.231621
131		555604263.231621	555604263.231621
130		555604263.231621	555604263.231621
129		555604263.231621	555604263.231621
128		555604263.231621	555604263.231621
127		555604263.231621	555604263.231621
126		555604263.231621	555604263.231621
125		555604263.231621	555604263.231621
124		555604263.231621	555604263.231621
123		555604263.231621	555604263.231621
122		555604263.231621	555604263.231621
121		555604263.231621	555604263.231621
120		555604263.231621	555604263.231621
119		555604263.231621	555604263.231621
118		555604263.231621	555604263.231621
117		555604263.231621	555604263.231621
116		555604263.231621	555604263.231621
115		555604263.231621	555604263.231621
114		555604263.231621	555604263.231621
113		555604263.231621	555604263.231621
112		555604263.231621	555604263.231621
111		555604263.231621	555604263.231621
110		555604263.231621	555604263.231621
109		555604263.231621	555604263.231621
108		555604263.231621	555604263.231621
107		555604263.231621	555604263.231621
106		555604263.231621	555604263.231621
105		555604263.231621	555604263.231621
104		555604263.231621	555604263.231621
103		555604263.231621	555604263.231621
102		555604263.231621	555604263.231621
101		555604263.231621	555604263.231621
100		555604263.231621	555604263.231621
99		555604263.231621	555604263.231621
98		555604263.231621	555604263.231621
97		555604263.231621	555604263.231621
96		555604263.231621	555604263.231621
95		555604263.231621	555604263.231621
94		555604263.231621	555604263.231621
93		555604263.231621	555604263.231621
92		555604263.231621	555604263.231621
91		555604263.231621	555604263.231621
90		555604263.231621	555604263.231621
89		555604263.231621	555604263.231621
88		555604263.231621	555604263.231621
87		555604263.231621	555604263.231621
86		555604263.231621	555604263.231621
85		555604263.231621	555604263.231621
84		555604263.231621	555604263.231621
83		555604263.231621	555604263.231621
82		555604263.231621	555604263.231621
81		555604263.231621	555604263.231621
80		555604263.231621	555604263.231621
79		555604263.231621	555604263.231621
78		555604263.231621	555604263.231621
77		555604263.231621	555604263.231621
76		555604263.231621	555604263.231621
75		555604263.231621	555604263.231621
74		555604263.231621	555604263.231621
73		555604263.231621	555604263.231621
72		555604263.231621	555604263.231621
71		555604263.231621	555604263.231621
70		555604263.231621	555604263.231621
69		555604263.231621	555604263.231621
68		555604263.231621	555604263.231621
67		555604263.231621	555604263.231621
66		555604263.231621	555604263.231621
65		555604263.231621	555604263.231621
64		555604263.231621	555604263.231621
63		555604263.231621	555604263.231621
62		555604263.231621	555604263.231621
61		555604263.231621	555604263.231621
60		555604263.231621	555604263.231621
59		555604263.231621	555604263.231621
58		555604263.231621	555604263.231621
57		555604263.231621	555604263.231621
56		555604263.231621	555604263.231621
55		555604263.231621	555604263.231621
54		555604263.231621	555604263.231621
53		555604263.231621	555604263.231621
52		555604263.231621	555604263.231621
51		555604263.231621	555604263.231621
50		555604263.231621	555604263.231621
48		555604263.231621	555604263.231621
158	028	557159321.384204	557159405.163624
158.5	021	557245802.438224	557246021.879070
159	021	557551240.187926	557551327.851968
160	025	559836140.829187	559836240.568477
161	024	560435832.105877	560435950.369048
162	020	560649635.232478	560649742.291706
163	027	561214876.683587	561214942.025244
164	020	563208240.870139	563208334.382793
165		564365878.472289	564365977.854263
166	020	564365978.242975	564366060.341398
167	021	565633042.853388	565633118.884653
