1	567811277.545043
z13mangadex	Koe Koi			L	https://mangadex.org/title/18951/koe-koi	0.000000
15		556731741.434770	556731741.434770
14		556731741.434770	556731741.434770
13		556731741.434770	556731741.434770
12		556731741.434770	556731741.434770
11		556731741.434770	556731741.434770
10		556731741.434770	556731741.434770
9		556731741.434770	556731741.434770
8		556731741.434770	556731741.434770
7		556731741.434770	556731741.434770
6		556731741.434770	556731741.434770
5		556731741.434770	556731741.434770
4		556731741.434770	556731741.434770
3		556731741.434770	556731741.434770
2		556731741.434770	556731741.434770
1		556731741.434770	556731741.434770
