1	567564347.844575
z13mangadex	Dungeon ni Deai o Motomeru no wa Machigatte Iru Darou ka	87	562948148.080111	L	https://mangadex.org/title/9803/dungeon-ni-deai-o-motomeru-no-wa-machigatte-iru-darou-ka	562948148.080111
82		555604918.575790	555604918.575790
81		555604918.575790	555604918.575790
80		555604918.575790	555604918.575790
79		555604918.575790	555604918.575790
78		555604918.575790	555604918.575790
77		555604918.575790	555604918.575790
76		555604918.575790	555604918.575790
75		555604918.575790	555604918.575790
74		555604918.575790	555604918.575790
73		555604918.575790	555604918.575790
72		555604918.575790	555604918.575790
71		555604918.575790	555604918.575790
70		555604918.575790	555604918.575790
69		555604918.575790	555604918.575790
68		555604918.575790	555604918.575790
67		555604918.575790	555604918.575790
66		555604918.575790	555604918.575790
65		555604918.575790	555604918.575790
64		555604918.575790	555604918.575790
63		555604918.575790	555604918.575790
62		555604918.575790	555604918.575790
61		555604918.575790	555604918.575790
60		555604918.575790	555604918.575790
59		555604918.575790	555604918.575790
58		555604918.575790	555604918.575790
57		555604918.575790	555604918.575790
56		555604918.575790	555604918.575790
55		555604918.575790	555604918.575790
54		555604918.575790	555604918.575790
53		555604918.575790	555604918.575790
52		555604918.575790	555604918.575790
51		555604918.575790	555604918.575790
50		555604918.575790	555604918.575790
49		555604918.575790	555604918.575790
48		555604918.575790	555604918.575790
47		555604918.575790	555604918.575790
46		555604918.575790	555604918.575790
45		555604918.575790	555604918.575790
44		555604918.575790	555604918.575790
43		555604918.575790	555604918.575790
42		555604918.575790	555604918.575790
41		555604918.575790	555604918.575790
40		555604918.575790	555604918.575790
39		555604918.575790	555604918.575790
38		555604918.575790	555604918.575790
37		555604918.575790	555604918.575790
36		555604918.575790	555604918.575790
35		555604918.575790	555604918.575790
34		555604918.575790	555604918.575790
33		555604918.575790	555604918.575790
32		555604918.575790	555604918.575790
31		555604918.575790	555604918.575790
30		555604918.575790	555604918.575790
29		555604918.575790	555604918.575790
28		555604918.575790	555604918.575790
27		555604918.575790	555604918.575790
26		555604918.575790	555604918.575790
25		555604918.575790	555604918.575790
24		555604918.575790	555604918.575790
23		555604918.575790	555604918.575790
22		555604918.575790	555604918.575790
21		555604918.575790	555604918.575790
20		555604918.575790	555604918.575790
19		555604918.575790	555604918.575790
18		555604918.575790	555604918.575790
17		555604918.575790	555604918.575790
16		555604918.575790	555604918.575790
15		555604918.575790	555604918.575790
14.5		555604918.575790	555604918.575790
14		555604918.575790	555604918.575790
13		555604918.575790	555604918.575790
12		555604918.575790	555604918.575790
11		555604918.575790	555604918.575790
10.5		555604918.575790	555604918.575790
10		555604918.575790	555604918.575790
9		555604918.575790	555604918.575790
8		555604918.575790	555604918.575790
7		555604918.575790	555604918.575790
6		555604918.575790	555604918.575790
5		555604918.575790	555604918.575790
4.5		555604918.575790	555604918.575790
4		555604918.575790	555604918.575790
3		555604918.575790	555604918.575790
2		555604918.575790	555604918.575790
1		555604918.575790	555604918.575790
83	020	558479920.361458	558479977.763951
84	017	558541911.500462	558541955.032433
85	016	558766010.536918	558766118.824707
83-2		559352333.504909	559352333.504909
86	021	561679276.257784	561679351.066000
87	016	562948148.080111	562948194.694033
86-2		565466333.617419	565466333.617419
87-2		567564345.735520	567564345.735520
