1	568591808.112316
z13mangadex	Re:Monster	49	568591716.847087	L	https://mangadex.org/title/12171/re-monster	568591716.847087
45		557948045.202997	557948972.717984
44		557948041.165377	557948041.165377
43		557948041.165377	557948041.165377
42		557948041.165377	557948041.165377
41		557948041.165377	557948041.165377
40		557948041.165377	557948041.165377
39.2		557948041.165377	557948041.165377
39.1		557948041.165377	557948041.165377
38		557948041.165377	557948041.165377
37		557948041.165377	557948041.165377
36		557948041.165377	557948041.165377
35		557948041.165377	557948041.165377
34		557948041.165377	557948041.165377
33		557948041.165377	557948041.165377
32		557948041.165377	557948041.165377
31		557948041.165377	557948041.165377
30.2		557948041.165377	557948041.165377
30.1		557948041.165377	557948041.165377
29.2		557948041.165377	557948041.165377
29.1		557948041.165377	557948041.165377
28.2		557948041.165377	557948041.165377
28.1		557948041.165377	557948041.165377
28		557948041.165377	557948041.165377
27.2		557948041.165377	557948041.165377
27.1		557948041.165377	557948041.165377
26		557948041.165377	557948041.165377
25		557948041.165377	557948041.165377
24		557948041.165377	557948041.165377
23		557948041.165377	557948041.165377
22		557948041.165377	557948041.165377
21		557948041.165377	557948041.165377
20		557948041.165377	557948041.165377
19		557948041.165377	557948041.165377
18		557948041.165377	557948041.165377
17		557948041.165377	557948041.165377
16		557948041.165377	557948041.165377
15		557948041.165377	557948041.165377
14		557948041.165377	557948041.165377
13		557948041.165377	557948041.165377
12		557948041.165377	557948041.165377
11		557948041.165377	557948041.165377
10		557948041.165377	557948041.165377
9		557948041.165377	557948041.165377
8		557948041.165377	557948041.165377
7		557948041.165377	557948041.165377
6		557948041.165377	557948041.165377
5		557948041.165377	557948041.165377
4		557948041.165377	557948041.165377
3		557948041.165377	557948041.165377
2		557948041.165377	557948041.165377
1		557948041.165377	557948041.165377
46	022	557948973.279961	557949078.871959
47	022	560988113.663270	560988237.273132
48	022	564271954.474074	564274112.709077
49	022	568591716.847087	568591806.596729
