1	567925005.491779
z13mangadex	Kiss x Sis	128	566635941.377628	L	https://mangadex.org/title/522/kiss-x-sis	566635941.377628
124	029	556689597.869698	556689740.122845
123		556689744.114444	556689744.114444
122		556689744.114444	556689744.114444
121		556689744.114444	556689744.114444
120		556689744.114444	556689744.114444
119		556689744.114444	556689744.114444
118		556689744.114444	556689744.114444
117		556689744.114444	556689744.114444
116		556689744.114444	556689744.114444
115		556689744.114444	556689744.114444
114		556689744.114444	556689744.114444
113		556689744.114444	556689744.114444
112		556689744.114444	556689744.114444
111		556689744.114444	556689744.114444
110		556689744.114444	556689744.114444
109		556689744.114444	556689744.114444
108		556689744.114444	556689744.114444
107		556689744.114444	556689744.114444
106		556689744.114444	556689744.114444
105		556689744.114444	556689744.114444
104		556689744.114444	556689744.114444
103		556689744.114444	556689744.114444
102		556689744.114444	556689744.114444
101		556689744.114444	556689744.114444
100		556689744.114444	556689744.114444
99		556689744.114444	556689744.114444
98		556689744.114444	556689744.114444
97		556689744.114444	556689744.114444
96		556689744.114444	556689744.114444
95		556689744.114444	556689744.114444
94		556689744.114444	556689744.114444
93		556689744.114444	556689744.114444
92		556689744.114444	556689744.114444
91		556689744.114444	556689744.114444
90		556689744.114444	556689744.114444
89		556689744.114444	556689744.114444
88		556689744.114444	556689744.114444
87		556689744.114444	556689744.114444
86		556689744.114444	556689744.114444
85		556689744.114444	556689744.114444
84		556689744.114444	556689744.114444
83		556689744.114444	556689744.114444
82		556689744.114444	556689744.114444
81		556689744.114444	556689744.114444
80		556689744.114444	556689744.114444
79		556689744.114444	556689744.114444
78		556689744.114444	556689744.114444
77		556689744.114444	556689744.114444
76		556689744.114444	556689744.114444
75		556689744.114444	556689744.114444
74		556689744.114444	556689744.114444
73		556689744.114444	556689744.114444
72		556689744.114444	556689744.114444
71		556689744.114444	556689744.114444
70		556689744.114444	556689744.114444
69		556689744.114444	556689744.114444
68		556689744.114444	556689744.114444
67		556689744.114444	556689744.114444
66		556689744.114444	556689744.114444
65		556689744.114444	556689744.114444
64		556689744.114444	556689744.114444
63		556689744.114444	556689744.114444
62		556689744.114444	556689744.114444
61		556689744.114444	556689744.114444
60		556689744.114444	556689744.114444
59		556689744.114444	556689744.114444
58		556689744.114444	556689744.114444
57		556689744.114444	556689744.114444
56		556689744.114444	556689744.114444
55		556689744.114444	556689744.114444
54		556689744.114444	556689744.114444
53		556689744.114444	556689744.114444
52		556689744.114444	556689744.114444
51		556689744.114444	556689744.114444
50		556689744.114444	556689744.114444
49		556689744.114444	556689744.114444
48		556689744.114444	556689744.114444
47		556689744.114444	556689744.114444
46		556689744.114444	556689744.114444
45		556689744.114444	556689744.114444
44		556689744.114444	556689744.114444
43		556689744.114444	556689744.114444
42		556689744.114444	556689744.114444
41		556689744.114444	556689744.114444
40		556689744.114444	556689744.114444
39		556689744.114444	556689744.114444
38		556689744.114444	556689744.114444
37		556689744.114444	556689744.114444
36		556689744.114444	556689744.114444
35		556689744.114444	556689744.114444
34		556689744.114444	556689744.114444
33		556689744.114444	556689744.114444
32		556689744.114444	556689744.114444
31		556689744.114444	556689744.114444
30		556689744.114444	556689744.114444
29		556689744.114444	556689744.114444
28		556689744.114444	556689744.114444
27		556689744.114444	556689744.114444
26		556689744.114444	556689744.114444
25		556689744.114444	556689744.114444
24		556689744.114444	556689744.114444
23		556689744.114444	556689744.114444
22		556689744.114444	556689744.114444
21		556689744.114444	556689744.114444
20		556689744.114444	556689744.114444
19		556689744.114444	556689744.114444
18		556689744.114444	556689744.114444
17		556689744.114444	556689744.114444
16		556689744.114444	556689744.114444
15		556689744.114444	556689744.114444
14		556689744.114444	556689744.114444
13		556689744.114444	556689744.114444
12.5		556689744.114444	556689744.114444
12		556689744.114444	556689744.114444
11		556689744.114444	556689744.114444
10		556689744.114444	556689744.114444
9		556689744.114444	556689744.114444
8		556689744.114444	556689744.114444
7		556689744.114444	556689744.114444
6		556689744.114444	556689744.114444
5		556689744.114444	556689744.114444
4		556689744.114444	556689744.114444
3		556689744.114444	556689744.114444
2		556689744.114444	556689744.114444
1		556689744.114444	556689744.114444
0		556689744.114444	556689744.114444
125	017	560121422.915150	560121487.539209
126	028	562595721.627920	562595825.810322
VOL17 100		563343275.671189	563343275.671189
VOL17 99		563343275.671189	563343275.671189
127	028	566223286.687909	566225520.383544
128	029	566635941.377628	566636251.919458
VOL17 101		567925003.022805	567925003.022805
