1	567814021.075816
z13mangadex	Trinity Seven			L	https://mangadex.org/title/253/trinity-seven	0.000000
71		558985904.609680	558985904.609680
70		558985904.609680	558985904.609680
69		558985904.609680	558985904.609680
68		558985904.609680	558985904.609680
67		558985904.609680	558985904.609680
66		558985904.609680	558985904.609680
65		558985904.609680	558985904.609680
64		558985904.609680	558985904.609680
63		558985904.609680	558985904.609680
62		558985904.609680	558985904.609680
61		558985904.609680	558985904.609680
VOL14 60		558985904.609680	558985904.609680
60		558985904.609680	558985904.609680
VOL14 59		558985904.609680	558985904.609680
59		558985904.609680	558985904.609680
VOL14 58		558985904.609680	558985904.609680
58		558985904.609680	558985904.609680
VOL13 57		558985904.609680	558985904.609680
57		558985904.609680	558985904.609680
VOL13 56		558985904.609680	558985904.609680
56		558985904.609680	558985904.609680
VOL13 55		558985904.609680	558985904.609680
55		558985904.609680	558985904.609680
54		558985904.609680	558985904.609680
53		558985904.609680	558985904.609680
52		558985904.609680	558985904.609680
51		558985904.609680	558985904.609680
50		558985904.609680	558985904.609680
49		558985904.609680	558985904.609680
48		558985904.609680	558985904.609680
47		558985904.609680	558985904.609680
46		558985904.609680	558985904.609680
45		558985904.609680	558985904.609680
44		558985904.609680	558985904.609680
43		558985904.609680	558985904.609680
42		558985904.609680	558985904.609680
41		558985904.609680	558985904.609680
40		558985904.609680	558985904.609680
39		558985904.609680	558985904.609680
38		558985904.609680	558985904.609680
37		558985904.609680	558985904.609680
36		558985904.609680	558985904.609680
35		558985904.609680	558985904.609680
34		558985904.609680	558985904.609680
33		558985904.609680	558985904.609680
32		558985904.609680	558985904.609680
31		558985904.609680	558985904.609680
30		558985904.609680	558985904.609680
29		558985904.609680	558985904.609680
28		558985904.609680	558985904.609680
27		558985904.609680	558985904.609680
26		558985904.609680	558985904.609680
25		558985904.609680	558985904.609680
24		558985904.609680	558985904.609680
23		558985904.609680	558985904.609680
22		558985904.609680	558985904.609680
21		558985904.609680	558985904.609680
20		558985904.609680	558985904.609680
19		558985904.609680	558985904.609680
18		558985904.609680	558985904.609680
17		558985904.609680	558985904.609680
16		558985904.609680	558985904.609680
15		558985904.609680	558985904.609680
14		558985904.609680	558985904.609680
13		558985904.609680	558985904.609680
12.5		558985904.609680	558985904.609680
12		558985904.609680	558985904.609680
11		558985904.609680	558985904.609680
10		558985904.609680	558985904.609680
9		558985904.609680	558985904.609680
8		558985904.609680	558985904.609680
7		558985904.609680	558985904.609680
6		558985904.609680	558985904.609680
5		558985904.609680	558985904.609680
4		558985904.609680	558985904.609680
3		558985904.609680	558985904.609680
2		558985904.609680	558985904.609680
1		558985904.609680	558985904.609680
0		558985904.609680	558985904.609680
