1	567284809.424228
z13mangadex	Akagami no Shirayuki-hime	102	567284547.075304	L	https://mangadex.org/title/999/akagami-no-shirayuki-hime	567284547.075304
97	1	555527119.798131	555527121.389421
96		555527124.720312	555527124.720312
95		555527124.720312	555527124.720312
94		555527124.720312	555527124.720312
VOL19 93		555527124.720312	555527124.720312
93		555527124.720312	555527124.720312
VOL19 92		555527124.720312	555527124.720312
92		555527124.720312	555527124.720312
VOL19 91		555527124.720312	555527124.720312
91		555527124.720312	555527124.720312
VOL18 90		555527124.720312	555527124.720312
90		555527124.720312	555527124.720312
VOL18 89		555527124.720312	555527124.720312
89		555527124.720312	555527124.720312
VOL18 88		555527124.720312	555527124.720312
88		555527124.720312	555527124.720312
87.5		555527124.720312	555527124.720312
87		555527124.720312	555527124.720312
86		555527124.720312	555527124.720312
85		555527124.720312	555527124.720312
84		555527124.720312	555527124.720312
83		555527124.720312	555527124.720312
82		555527124.720312	555527124.720312
81		555527124.720312	555527124.720312
80		555527124.720312	555527124.720312
79.5		555527124.720312	555527124.720312
79		555527124.720312	555527124.720312
78		555527124.720312	555527124.720312
77		555527124.720312	555527124.720312
76		555527124.720312	555527124.720312
75		555527124.720312	555527124.720312
74.5		555527124.720312	555527124.720312
74		555527124.720312	555527124.720312
73.5		555527124.720312	555527124.720312
73		555527124.720312	555527124.720312
72		555527124.720312	555527124.720312
71		555527124.720312	555527124.720312
70		555527124.720312	555527124.720312
69		555527124.720312	555527124.720312
68		555527124.720312	555527124.720312
67		555527124.720312	555527124.720312
66		555527124.720312	555527124.720312
65.2		555527124.720312	555527124.720312
65.1		555527124.720312	555527124.720312
VOL14 65		555527124.720312	555527124.720312
65		555527124.720312	555527124.720312
VOL14 64		555527124.720312	555527124.720312
64		555527124.720312	555527124.720312
VOL14 63		555527124.720312	555527124.720312
63		555527124.720312	555527124.720312
VOL14 62		555527124.720312	555527124.720312
62		555527124.720312	555527124.720312
VOL14 61		555527124.720312	555527124.720312
61		555527124.720312	555527124.720312
VOL13 60		555527124.720312	555527124.720312
60		555527124.720312	555527124.720312
VOL13 59		555527124.720312	555527124.720312
59		555527124.720312	555527124.720312
VOL13 58		555527124.720312	555527124.720312
58		555527124.720312	555527124.720312
VOL13 57		555527124.720312	555527124.720312
57		555527124.720312	555527124.720312
VOL13 56		555527124.720312	555527124.720312
56		555527124.720312	555527124.720312
VOL12 55		555527124.720312	555527124.720312
55		555527124.720312	555527124.720312
VOL12 54		555527124.720312	555527124.720312
54		555527124.720312	555527124.720312
VOL12 53		555527124.720312	555527124.720312
53		555527124.720312	555527124.720312
VOL12 52		555527124.720312	555527124.720312
52		555527124.720312	555527124.720312
VOL12 51		555527124.720312	555527124.720312
51		555527124.720312	555527124.720312
VOL12 50		555527124.720312	555527124.720312
50		555527124.720312	555527124.720312
49.2		555527124.720312	555527124.720312
VOL11 49.1		555527124.720312	555527124.720312
49.1		555527124.720312	555527124.720312
VOL11 49		555527124.720312	555527124.720312
49		555527124.720312	555527124.720312
VOL11 48		555527124.720312	555527124.720312
48		555527124.720312	555527124.720312
VOL11 47		555527124.720312	555527124.720312
47		555527124.720312	555527124.720312
VOL11 46		555527124.720312	555527124.720312
46		555527124.720312	555527124.720312
45		555527124.720312	555527124.720312
44		555527124.720312	555527124.720312
43		555527124.720312	555527124.720312
42		555527124.720312	555527124.720312
41		555527124.720312	555527124.720312
40		555527124.720312	555527124.720312
39.5		555527124.720312	555527124.720312
39		555527124.720312	555527124.720312
38		555527124.720312	555527124.720312
37		555527124.720312	555527124.720312
36		555527124.720312	555527124.720312
35		555527124.720312	555527124.720312
34		555527124.720312	555527124.720312
33		555527124.720312	555527124.720312
32		555527124.720312	555527124.720312
31		555527124.720312	555527124.720312
30		555527124.720312	555527124.720312
29.5		555527124.720312	555527124.720312
29		555527124.720312	555527124.720312
28		555527124.720312	555527124.720312
27		555527124.720312	555527124.720312
26		555527124.720312	555527124.720312
25		555527124.720312	555527124.720312
24		555527124.720312	555527124.720312
23		555527124.720312	555527124.720312
22		555527124.720312	555527124.720312
21		555527124.720312	555527124.720312
20		555527124.720312	555527124.720312
19		555527124.720312	555527124.720312
18		555527124.720312	555527124.720312
17.5		555527124.720312	555527124.720312
17		555527124.720312	555527124.720312
16		555527124.720312	555527124.720312
VOL4 15		555527124.720312	555527124.720312
15		555527124.720312	555527124.720312
VOL4 14		555527124.720312	555527124.720312
14		555527124.720312	555527124.720312
13		555527124.720312	555527124.720312
12		555527124.720312	555527124.720312
11		555527124.720312	555527124.720312
10		555527124.720312	555527124.720312
9		555527124.720312	555527124.720312
8.5		555527124.720312	555527124.720312
8		555527124.720312	555527124.720312
7		555527124.720312	555527124.720312
6		555527124.720312	555527124.720312
5		555527124.720312	555527124.720312
4.5		555527124.720312	555527124.720312
4		555527124.720312	555527124.720312
3		555527124.720312	555527124.720312
VOL1 2		555527124.720312	555527124.720312
2		555527124.720312	555527124.720312
VOL1 1		555527124.720312	555527124.720312
1		555527124.720312	555527124.720312
98	29	555548152.666709	555548281.238857
99	030	556771769.909303	556771842.895821
100	036	560698583.144087	560698692.404828
101	031	561909037.726308	561909367.489042
102	029	567284547.075304	567284809.423624
