1	567920634.428134
z13mangadex	Mousou Telepathy	636	567812471.988404	L	https://mangadex.org/title/19915/mousou-telepathy	567812471.988404
612.5		565846008.236151	565846085.777657
612		565845996.725668	565846007.910624
611		565845980.053498	565845996.410048
610		565845956.688825	565845979.742658
609		565845924.208802	565845956.269040
608		565845913.725324	565845923.968399
607		557776642.233702	557776642.233702
606		557776642.233702	557776642.233702
605		557776642.233702	557776642.233702
604		557776642.233702	557776642.233702
603		557776642.233702	557776642.233702
602		557776642.233702	557776642.233702
601		557776642.233702	557776642.233702
600		557776642.233702	557776642.233702
599		557776642.233702	557776642.233702
598		557776642.233702	557776642.233702
597		557776642.233702	557776642.233702
596		557776642.233702	557776642.233702
595		557776642.233702	557776642.233702
594		557776642.233702	557776642.233702
593		557776642.233702	557776642.233702
592		557776642.233702	557776642.233702
591		557776642.233702	557776642.233702
590		557776642.233702	557776642.233702
589		557776642.233702	557776642.233702
588		557776642.233702	557776642.233702
587		557776642.233702	557776642.233702
586		557776642.233702	557776642.233702
585		557776642.233702	557776642.233702
584		557776642.233702	557776642.233702
583		557776642.233702	557776642.233702
582		557776642.233702	557776642.233702
581		557776642.233702	557776642.233702
580		557776642.233702	557776642.233702
579		557776642.233702	557776642.233702
578		557776642.233702	557776642.233702
577		557776642.233702	557776642.233702
576		557776642.233702	557776642.233702
575		557776642.233702	557776642.233702
574		557776642.233702	557776642.233702
573		557776642.233702	557776642.233702
572		557776642.233702	557776642.233702
571		557776642.233702	557776642.233702
570		557776642.233702	557776642.233702
569		557776642.233702	557776642.233702
568		557776642.233702	557776642.233702
567		557776642.233702	557776642.233702
566		557776642.233702	557776642.233702
565		557776642.233702	557776642.233702
564		557776642.233702	557776642.233702
563		557776642.233702	557776642.233702
562		557776642.233702	557776642.233702
561		557776642.233702	557776642.233702
560		557776642.233702	557776642.233702
559		557776642.233702	557776642.233702
558		557776642.233702	557776642.233702
557		557776642.233702	557776642.233702
556		557776642.233702	557776642.233702
555		557776642.233702	557776642.233702
554		557776642.233702	557776642.233702
553		557776642.233702	557776642.233702
552		557776642.233702	557776642.233702
551		557776642.233702	557776642.233702
550		557776642.233702	557776642.233702
549		557776642.233702	557776642.233702
548		557776642.233702	557776642.233702
547		557776642.233702	557776642.233702
546		557776642.233702	557776642.233702
545		557776642.233702	557776642.233702
544		557776642.233702	557776642.233702
543		557776642.233702	557776642.233702
542		557776642.233702	557776642.233702
541		557776642.233702	557776642.233702
540		557776642.233702	557776642.233702
539		557776642.233702	557776642.233702
538		557776642.233702	557776642.233702
537		557776642.233702	557776642.233702
536		557776642.233702	557776642.233702
535		557776642.233702	557776642.233702
534		557776642.233702	557776642.233702
533		557776642.233702	557776642.233702
532		557776642.233702	557776642.233702
531		557776642.233702	557776642.233702
530		557776642.233702	557776642.233702
529		557776642.233702	557776642.233702
528		557776642.233702	557776642.233702
527		557776642.233702	557776642.233702
526		557776642.233702	557776642.233702
525		557776642.233702	557776642.233702
524		557776642.233702	557776642.233702
523		557776642.233702	557776642.233702
522		557776642.233702	557776642.233702
521		557776642.233702	557776642.233702
520		557776642.233702	557776642.233702
519		557776642.233702	557776642.233702
518		557776642.233702	557776642.233702
517		557776642.233702	557776642.233702
516		557776642.233702	557776642.233702
515		557776642.233702	557776642.233702
514		557776642.233702	557776642.233702
513		557776642.233702	557776642.233702
512.5		557776642.233702	557776642.233702
512		557776642.233702	557776642.233702
511		557776642.233702	557776642.233702
510		557776642.233702	557776642.233702
509		557776642.233702	557776642.233702
508		557776642.233702	557776642.233702
507		557776642.233702	557776642.233702
506		557776642.233702	557776642.233702
505		557776642.233702	557776642.233702
504		557776642.233702	557776642.233702
503		557776642.233702	557776642.233702
502		557776642.233702	557776642.233702
501		557776642.233702	557776642.233702
500		557776642.233702	557776642.233702
499		557776642.233702	557776642.233702
498		557776642.233702	557776642.233702
497		557776642.233702	557776642.233702
496		557776642.233702	557776642.233702
495		557776642.233702	557776642.233702
494		557776642.233702	557776642.233702
493		557776642.233702	557776642.233702
492		557776642.233702	557776642.233702
491		557776642.233702	557776642.233702
490		557776642.233702	557776642.233702
489		557776642.233702	557776642.233702
488		557776642.233702	557776642.233702
487		557776642.233702	557776642.233702
486		557776642.233702	557776642.233702
485		557776642.233702	557776642.233702
484		557776642.233702	557776642.233702
483		557776642.233702	557776642.233702
482		557776642.233702	557776642.233702
481		557776642.233702	557776642.233702
480		557776642.233702	557776642.233702
479		557776642.233702	557776642.233702
478		557776642.233702	557776642.233702
477		557776642.233702	557776642.233702
476		557776642.233702	557776642.233702
475		557776642.233702	557776642.233702
474		557776642.233702	557776642.233702
473		557776642.233702	557776642.233702
472		557776642.233702	557776642.233702
471		557776642.233702	557776642.233702
470		557776642.233702	557776642.233702
469		557776642.233702	557776642.233702
468		557776642.233702	557776642.233702
467		557776642.233702	557776642.233702
466		557776642.233702	557776642.233702
465		557776642.233702	557776642.233702
464		557776642.233702	557776642.233702
463		557776642.233702	557776642.233702
462		557776642.233702	557776642.233702
461		557776642.233702	557776642.233702
460		557776642.233702	557776642.233702
459		557776642.233702	557776642.233702
458		557776642.233702	557776642.233702
457		557776642.233702	557776642.233702
456		557776642.233702	557776642.233702
455		557776642.233702	557776642.233702
454		557776642.233702	557776642.233702
453		557776642.233702	557776642.233702
452		557776642.233702	557776642.233702
451		557776642.233702	557776642.233702
450		557776642.233702	557776642.233702
449		557776642.233702	557776642.233702
448		557776642.233702	557776642.233702
447		557776642.233702	557776642.233702
446		557776642.233702	557776642.233702
445		557776642.233702	557776642.233702
444		557776642.233702	557776642.233702
443		557776642.233702	557776642.233702
442		557776642.233702	557776642.233702
441		557776642.233702	557776642.233702
440		557776642.233702	557776642.233702
439		557776642.233702	557776642.233702
438		557776642.233702	557776642.233702
437		557776642.233702	557776642.233702
436		557776642.233702	557776642.233702
435		557776642.233702	557776642.233702
434		557776642.233702	557776642.233702
433		557776642.233702	557776642.233702
432		557776642.233702	557776642.233702
431		557776642.233702	557776642.233702
430		557776642.233702	557776642.233702
429		557776642.233702	557776642.233702
428		557776642.233702	557776642.233702
427		557776642.233702	557776642.233702
426		557776642.233702	557776642.233702
425		557776642.233702	557776642.233702
424		557776642.233702	557776642.233702
423		557776642.233702	557776642.233702
422		557776642.233702	557776642.233702
421		557776642.233702	557776642.233702
420		557776642.233702	557776642.233702
419		557776642.233702	557776642.233702
418		557776642.233702	557776642.233702
417		557776642.233702	557776642.233702
416.5		557776642.233702	557776642.233702
416		557776642.233702	557776642.233702
415		557776642.233702	557776642.233702
414		557776642.233702	557776642.233702
413		557776642.233702	557776642.233702
412		557776642.233702	557776642.233702
411		557776642.233702	557776642.233702
410		557776642.233702	557776642.233702
409		557776642.233702	557776642.233702
408		557776642.233702	557776642.233702
407		557776642.233702	557776642.233702
406		557776642.233702	557776642.233702
405		557776642.233702	557776642.233702
404		557776642.233702	557776642.233702
403		557776642.233702	557776642.233702
402		557776642.233702	557776642.233702
401		557776642.233702	557776642.233702
400		557776642.233702	557776642.233702
399		557776642.233702	557776642.233702
398		557776642.233702	557776642.233702
397		557776642.233702	557776642.233702
396		557776642.233702	557776642.233702
395		557776642.233702	557776642.233702
394		557776642.233702	557776642.233702
393		557776642.233702	557776642.233702
392		557776642.233702	557776642.233702
391		557776642.233702	557776642.233702
390		557776642.233702	557776642.233702
389		557776642.233702	557776642.233702
388		557776642.233702	557776642.233702
387		557776642.233702	557776642.233702
386		557776642.233702	557776642.233702
385		557776642.233702	557776642.233702
384		557776642.233702	557776642.233702
383		557776642.233702	557776642.233702
382		557776642.233702	557776642.233702
381		557776642.233702	557776642.233702
380		557776642.233702	557776642.233702
379		557776642.233702	557776642.233702
378		557776642.233702	557776642.233702
377		557776642.233702	557776642.233702
376		557776642.233702	557776642.233702
375		557776642.233702	557776642.233702
374		557776642.233702	557776642.233702
373		557776642.233702	557776642.233702
372		557776642.233702	557776642.233702
371		557776642.233702	557776642.233702
370		557776642.233702	557776642.233702
369		557776642.233702	557776642.233702
368		557776642.233702	557776642.233702
367		557776642.233702	557776642.233702
366		557776642.233702	557776642.233702
365		557776642.233702	557776642.233702
364		557776642.233702	557776642.233702
363		557776642.233702	557776642.233702
362		557776642.233702	557776642.233702
361		557776642.233702	557776642.233702
360		557776642.233702	557776642.233702
359		557776642.233702	557776642.233702
358		557776642.233702	557776642.233702
357		557776642.233702	557776642.233702
356		557776642.233702	557776642.233702
355		557776642.233702	557776642.233702
354		557776642.233702	557776642.233702
353		557776642.233702	557776642.233702
352		557776642.233702	557776642.233702
351		557776642.233702	557776642.233702
350		557776642.233702	557776642.233702
349		557776642.233702	557776642.233702
348		557776642.233702	557776642.233702
347		557776642.233702	557776642.233702
346		557776642.233702	557776642.233702
345		557776642.233702	557776642.233702
344		557776642.233702	557776642.233702
343		557776642.233702	557776642.233702
342		557776642.233702	557776642.233702
341		557776642.233702	557776642.233702
340		557776642.233702	557776642.233702
339		557776642.233702	557776642.233702
338		557776642.233702	557776642.233702
337		557776642.233702	557776642.233702
336		557776642.233702	557776642.233702
335		557776642.233702	557776642.233702
334		557776642.233702	557776642.233702
333		557776642.233702	557776642.233702
332		557776642.233702	557776642.233702
331		557776642.233702	557776642.233702
330		557776642.233702	557776642.233702
329		557776642.233702	557776642.233702
328		557776642.233702	557776642.233702
327		557776642.233702	557776642.233702
326		557776642.233702	557776642.233702
325		557776642.233702	557776642.233702
324		557776642.233702	557776642.233702
323		557776642.233702	557776642.233702
322		557776642.233702	557776642.233702
321		557776642.233702	557776642.233702
320		557776642.233702	557776642.233702
319		557776642.233702	557776642.233702
318		557776642.233702	557776642.233702
317		557776642.233702	557776642.233702
316		557776642.233702	557776642.233702
315		557776642.233702	557776642.233702
314		557776642.233702	557776642.233702
313		557776642.233702	557776642.233702
312		557776642.233702	557776642.233702
311.5		557776642.233702	557776642.233702
311		557776642.233702	557776642.233702
310		557776642.233702	557776642.233702
309		557776642.233702	557776642.233702
308		557776642.233702	557776642.233702
307		557776642.233702	557776642.233702
306		557776642.233702	557776642.233702
305		557776642.233702	557776642.233702
304		557776642.233702	557776642.233702
303		557776642.233702	557776642.233702
302		557776642.233702	557776642.233702
301		557776642.233702	557776642.233702
300		557776642.233702	557776642.233702
299		557776642.233702	557776642.233702
298		557776642.233702	557776642.233702
297		557776642.233702	557776642.233702
296		557776642.233702	557776642.233702
295		557776642.233702	557776642.233702
294		557776642.233702	557776642.233702
293		557776642.233702	557776642.233702
292		557776642.233702	557776642.233702
291		557776642.233702	557776642.233702
290		557776642.233702	557776642.233702
289		557776642.233702	557776642.233702
288		557776642.233702	557776642.233702
287		557776642.233702	557776642.233702
286		557776642.233702	557776642.233702
285		557776642.233702	557776642.233702
284		557776642.233702	557776642.233702
283		557776642.233702	557776642.233702
282		557776642.233702	557776642.233702
281		557776642.233702	557776642.233702
280		557776642.233702	557776642.233702
279		557776642.233702	557776642.233702
278		557776642.233702	557776642.233702
277		557776642.233702	557776642.233702
276		557776642.233702	557776642.233702
275		557776642.233702	557776642.233702
274		557776642.233702	557776642.233702
273		557776642.233702	557776642.233702
272		557776642.233702	557776642.233702
271		557776642.233702	557776642.233702
270		557776642.233702	557776642.233702
269		557776642.233702	557776642.233702
268		557776642.233702	557776642.233702
267		557776642.233702	557776642.233702
266		557776642.233702	557776642.233702
265		557776642.233702	557776642.233702
264		557776642.233702	557776642.233702
263		557776642.233702	557776642.233702
262		557776642.233702	557776642.233702
261		557776642.233702	557776642.233702
260		557776642.233702	557776642.233702
259		557776642.233702	557776642.233702
258		557776642.233702	557776642.233702
257		557776642.233702	557776642.233702
256		557776642.233702	557776642.233702
255		557776642.233702	557776642.233702
254		557776642.233702	557776642.233702
253		557776642.233702	557776642.233702
252		557776642.233702	557776642.233702
251		557776642.233702	557776642.233702
250		557776642.233702	557776642.233702
249		557776642.233702	557776642.233702
248		557776642.233702	557776642.233702
247		557776642.233702	557776642.233702
246		557776642.233702	557776642.233702
245		557776642.233702	557776642.233702
244		557776642.233702	557776642.233702
243		557776642.233702	557776642.233702
242		557776642.233702	557776642.233702
241		557776642.233702	557776642.233702
240		557776642.233702	557776642.233702
239		557776642.233702	557776642.233702
238		557776642.233702	557776642.233702
237		557776642.233702	557776642.233702
236		557776642.233702	557776642.233702
235		557776642.233702	557776642.233702
234		557776642.233702	557776642.233702
233		557776642.233702	557776642.233702
232		557776642.233702	557776642.233702
231		557776642.233702	557776642.233702
230		557776642.233702	557776642.233702
229		557776642.233702	557776642.233702
228		557776642.233702	557776642.233702
227		557776642.233702	557776642.233702
226		557776642.233702	557776642.233702
225		557776642.233702	557776642.233702
224		557776642.233702	557776642.233702
223		557776642.233702	557776642.233702
222		557776642.233702	557776642.233702
221		557776642.233702	557776642.233702
220		557776642.233702	557776642.233702
219		557776642.233702	557776642.233702
218		557776642.233702	557776642.233702
217		557776642.233702	557776642.233702
216		557776642.233702	557776642.233702
215		557776642.233702	557776642.233702
214		557776642.233702	557776642.233702
213		557776642.233702	557776642.233702
212		557776642.233702	557776642.233702
211		557776642.233702	557776642.233702
210		557776642.233702	557776642.233702
209.5		557776642.233702	557776642.233702
209		557776642.233702	557776642.233702
208		557776642.233702	557776642.233702
207		557776642.233702	557776642.233702
206		557776642.233702	557776642.233702
205		557776642.233702	557776642.233702
204		557776642.233702	557776642.233702
203		557776642.233702	557776642.233702
202		557776642.233702	557776642.233702
201		557776642.233702	557776642.233702
200		557776642.233702	557776642.233702
199		557776642.233702	557776642.233702
198		557776642.233702	557776642.233702
197		557776642.233702	557776642.233702
196		557776642.233702	557776642.233702
195		557776642.233702	557776642.233702
194		557776642.233702	557776642.233702
193		557776642.233702	557776642.233702
192		557776642.233702	557776642.233702
191		557776642.233702	557776642.233702
190		557776642.233702	557776642.233702
189		557776642.233702	557776642.233702
188		557776642.233702	557776642.233702
187		557776642.233702	557776642.233702
186		557776642.233702	557776642.233702
185		557776642.233702	557776642.233702
184		557776642.233702	557776642.233702
183		557776642.233702	557776642.233702
182		557776642.233702	557776642.233702
181		557776642.233702	557776642.233702
180		557776642.233702	557776642.233702
179		557776642.233702	557776642.233702
178		557776642.233702	557776642.233702
177		557776642.233702	557776642.233702
176		557776642.233702	557776642.233702
175		557776642.233702	557776642.233702
174		557776642.233702	557776642.233702
173		557776642.233702	557776642.233702
172		557776642.233702	557776642.233702
171		557776642.233702	557776642.233702
170		557776642.233702	557776642.233702
169		557776642.233702	557776642.233702
168		557776642.233702	557776642.233702
167		557776642.233702	557776642.233702
166		557776642.233702	557776642.233702
165		557776642.233702	557776642.233702
164		557776642.233702	557776642.233702
163		557776642.233702	557776642.233702
162		557776642.233702	557776642.233702
161		557776642.233702	557776642.233702
160		557776642.233702	557776642.233702
159		557776642.233702	557776642.233702
158		557776642.233702	557776642.233702
157		557776642.233702	557776642.233702
156		557776642.233702	557776642.233702
155		557776642.233702	557776642.233702
154		557776642.233702	557776642.233702
153		557776642.233702	557776642.233702
152		557776642.233702	557776642.233702
151		557776642.233702	557776642.233702
150		557776642.233702	557776642.233702
149		557776642.233702	557776642.233702
148		557776642.233702	557776642.233702
147		557776642.233702	557776642.233702
146		557776642.233702	557776642.233702
145		557776642.233702	557776642.233702
144		557776642.233702	557776642.233702
143		557776642.233702	557776642.233702
142		557776642.233702	557776642.233702
141		557776642.233702	557776642.233702
140		557776642.233702	557776642.233702
139		557776642.233702	557776642.233702
138		557776642.233702	557776642.233702
137		557776642.233702	557776642.233702
136		557776642.233702	557776642.233702
135		557776642.233702	557776642.233702
134		557776642.233702	557776642.233702
133		557776642.233702	557776642.233702
132		557776642.233702	557776642.233702
131		557776642.233702	557776642.233702
130		557776642.233702	557776642.233702
129		557776642.233702	557776642.233702
128		557776642.233702	557776642.233702
127		557776642.233702	557776642.233702
126		557776642.233702	557776642.233702
125		557776642.233702	557776642.233702
124		557776642.233702	557776642.233702
123		557776642.233702	557776642.233702
122		557776642.233702	557776642.233702
121		557776642.233702	557776642.233702
120		557776642.233702	557776642.233702
119		557776642.233702	557776642.233702
118		557776642.233702	557776642.233702
117		557776642.233702	557776642.233702
116		557776642.233702	557776642.233702
115		557776642.233702	557776642.233702
114		557776642.233702	557776642.233702
113		557776642.233702	557776642.233702
112		557776642.233702	557776642.233702
111		557776642.233702	557776642.233702
110		557776642.233702	557776642.233702
109		557776642.233702	557776642.233702
108		557776642.233702	557776642.233702
107		557776642.233702	557776642.233702
106		557776642.233702	557776642.233702
105		557776642.233702	557776642.233702
104		557776642.233702	557776642.233702
103		557776642.233702	557776642.233702
102.5		557776642.233702	557776642.233702
102		557776642.233702	557776642.233702
101		557776642.233702	557776642.233702
100		557776642.233702	557776642.233702
99		557776642.233702	557776642.233702
98		557776642.233702	557776642.233702
97		557776642.233702	557776642.233702
96		557776642.233702	557776642.233702
95		557776642.233702	557776642.233702
94		557776642.233702	557776642.233702
93		557776642.233702	557776642.233702
92		557776642.233702	557776642.233702
91		557776642.233702	557776642.233702
90		557776642.233702	557776642.233702
89		557776642.233702	557776642.233702
88		557776642.233702	557776642.233702
87		557776642.233702	557776642.233702
86		557776642.233702	557776642.233702
85		557776642.233702	557776642.233702
84		557776642.233702	557776642.233702
83		557776642.233702	557776642.233702
82		557776642.233702	557776642.233702
81		557776642.233702	557776642.233702
80		557776642.233702	557776642.233702
79		557776642.233702	557776642.233702
78		557776642.233702	557776642.233702
77		557776642.233702	557776642.233702
76		557776642.233702	557776642.233702
75		557776642.233702	557776642.233702
74		557776642.233702	557776642.233702
73		557776642.233702	557776642.233702
72		557776642.233702	557776642.233702
71		557776642.233702	557776642.233702
70		557776642.233702	557776642.233702
69		557776642.233702	557776642.233702
68		557776642.233702	557776642.233702
67		557776642.233702	557776642.233702
66		557776642.233702	557776642.233702
65		557776642.233702	557776642.233702
64		557776642.233702	557776642.233702
63		557776642.233702	557776642.233702
62		557776642.233702	557776642.233702
61		557776642.233702	557776642.233702
60		557776642.233702	557776642.233702
59		557776642.233702	557776642.233702
58		557776642.233702	557776642.233702
57		557776642.233702	557776642.233702
56		557776642.233702	557776642.233702
55		557776642.233702	557776642.233702
54		557776642.233702	557776642.233702
53		557776642.233702	557776642.233702
52		557776642.233702	557776642.233702
51		557776642.233702	557776642.233702
50		557776642.233702	557776642.233702
49		557776642.233702	557776642.233702
48		557776642.233702	557776642.233702
47		557776642.233702	557776642.233702
46		557776642.233702	557776642.233702
45		557776642.233702	557776642.233702
44		557776642.233702	557776642.233702
43		557776642.233702	557776642.233702
42		557776642.233702	557776642.233702
41		557776642.233702	557776642.233702
40		557776642.233702	557776642.233702
39		557776642.233702	557776642.233702
38		557776642.233702	557776642.233702
37		557776642.233702	557776642.233702
36		557776642.233702	557776642.233702
35		557776642.233702	557776642.233702
34		557776642.233702	557776642.233702
33		557776642.233702	557776642.233702
32		557776642.233702	557776642.233702
31		557776642.233702	557776642.233702
30		557776642.233702	557776642.233702
29		557776642.233702	557776642.233702
28		557776642.233702	557776642.233702
27		557776642.233702	557776642.233702
26		557776642.233702	557776642.233702
25		557776642.233702	557776642.233702
24		557776642.233702	557776642.233702
23		557776642.233702	557776642.233702
22		557776642.233702	557776642.233702
21		557776642.233702	557776642.233702
20		557776642.233702	557776642.233702
19		557776642.233702	557776642.233702
18		557776642.233702	557776642.233702
17		557776642.233702	557776642.233702
16		557776642.233702	557776642.233702
15		557776642.233702	557776642.233702
14		557776642.233702	557776642.233702
13		557776642.233702	557776642.233702
12		557776642.233702	557776642.233702
11		557776642.233702	557776642.233702
10		557776642.233702	557776642.233702
9		557776642.233702	557776642.233702
8		557776642.233702	557776642.233702
7		557776642.233702	557776642.233702
6		557776642.233702	557776642.233702
5		557776642.233702	557776642.233702
4		557776642.233702	557776642.233702
3		557776642.233702	557776642.233702
2		557776642.233702	557776642.233702
1		557776642.233702	557776642.233702
613		565846086.160039	565846101.254606
614		565846101.593992	565846118.882932
615	001	565846119.271945	565846125.683194
616	001	565936446.545588	565936453.583297
617	001	566194383.477422	566194423.273817
618	001	566318231.470698	566318259.818551
619	001	566368820.666112	566368842.450907
620	001	566456170.864838	566456183.754367
621	001	566504739.406874	566504763.449891
622	001	566777816.025819	566778091.319047
623	001	566869373.858923	566869394.679205
624	001	566970081.069185	566970109.192575
625	001	567033823.963320	567033883.759578
626	001	567107603.736266	567107631.431432
627	001	567232862.458178	567232878.470513
628	001	567284814.394758	567284832.914358
629	001	567395266.938624	567395291.145047
630	001	567495989.493833	567496020.043947
631	001	567579825.688180	567579857.455681
632	001	567640962.128416	567640981.229418
633	001	567745779.492204	567745790.087815
634		567812368.032273	567812457.754139
635		567812458.159465	567812471.700902
636	001	567812471.988404	567812493.791389
VOL7 635		567920631.846059	567920631.846059
