1	556732551.692856
z13mangadex	Koi no Kotoba			L	https://mangadex.org/title/20027/koi-no-kotoba	0.000000
13.1		556732551.064689	556732551.064689
13		556732551.064689	556732551.064689
12		556732551.064689	556732551.064689
11		556732551.064689	556732551.064689
10		556732551.064689	556732551.064689
9		556732551.064689	556732551.064689
8		556732551.064689	556732551.064689
7		556732551.064689	556732551.064689
6		556732551.064689	556732551.064689
5		556732551.064689	556732551.064689
4		556732551.064689	556732551.064689
3		556732551.064689	556732551.064689
2		556732551.064689	556732551.064689
1		556732551.064689	556732551.064689
