1	558985521.177527
z13mangadex	Tokyo Ravens			L	https://mangadex.org/title/289/tokyo-ravens	0.000000
28		558985503.567844	558985503.567844
27		558985503.567844	558985503.567844
26		558985503.567844	558985503.567844
25		558985503.567844	558985503.567844
24		558985503.567844	558985503.567844
23		558985503.567844	558985503.567844
22		558985503.567844	558985503.567844
21		558985503.567844	558985503.567844
20		558985503.567844	558985503.567844
19		558985503.567844	558985503.567844
18		558985503.567844	558985503.567844
17		558985503.567844	558985503.567844
16		558985503.567844	558985503.567844
15		558985503.567844	558985503.567844
14		558985503.567844	558985503.567844
13		558985503.567844	558985503.567844
12		558985503.567844	558985503.567844
11		558985503.567844	558985503.567844
10		558985503.567844	558985503.567844
9		558985503.567844	558985503.567844
8		558985503.567844	558985503.567844
7		558985503.567844	558985503.567844
6		558985503.567844	558985503.567844
5		558985503.567844	558985503.567844
4		558985503.567844	558985503.567844
3		558985503.567844	558985503.567844
2		558985503.567844	558985503.567844
