1	568591699.772083
z13mangadex	Saotome Shimai wa Manga no Tame nara!?	16	568591646.778003	L	https://mangadex.org/title/27929/saotome-shimai-wa-manga-no-tame-nara	568591646.778003
1		568579391.022526	568579500.158817
1-2		568579500.502273	568579504.327444
2		568579504.535966	568580871.029012
3		568580871.340187	568587056.566212
4		568587057.195592	568587143.903687
5		568589525.292103	568589528.377984
6		568589529.511284	568589909.365815
7		568589909.789662	568590639.649570
8		568590647.004076	568590730.568895
9		568590730.956570	568590802.222473
10		568590802.531711	568590845.656966
11		568590845.947017	568591406.795700
12		568591440.875396	568591477.533448
13		568591478.057834	568591533.285789
14		568591533.665367	568591601.955172
15		568591602.372341	568591646.389702
16	020	568591646.778003	568591698.230678
