1	567495802.816484
z13mangadex	Denkigai no Honya-san	63	567495743.759116	L	https://mangadex.org/title/7938/denkigai-no-honya-san	567495743.759116
61		555604414.372880	555604414.372880
60		555604414.372880	555604414.372880
59		555604414.372880	555604414.372880
58		555604414.372880	555604414.372880
57		555604414.372880	555604414.372880
56		555604414.372880	555604414.372880
55.5		555604414.372880	555604414.372880
55		555604414.372880	555604414.372880
54.1		555604414.372880	555604414.372880
54		555604414.372880	555604414.372880
53		555604414.372880	555604414.372880
52		555604414.372880	555604414.372880
51		555604414.372880	555604414.372880
50		555604414.372880	555604414.372880
49		555604414.372880	555604414.372880
48.5		555604414.372880	555604414.372880
48		555604414.372880	555604414.372880
47.2		555604414.372880	555604414.372880
47.1		555604414.372880	555604414.372880
47		555604414.372880	555604414.372880
46		555604414.372880	555604414.372880
45		555604414.372880	555604414.372880
44		555604414.372880	555604414.372880
43		555604414.372880	555604414.372880
42		555604414.372880	555604414.372880
41.2		555604414.372880	555604414.372880
41.1		555604414.372880	555604414.372880
41		555604414.372880	555604414.372880
40		555604414.372880	555604414.372880
39		555604414.372880	555604414.372880
38		555604414.372880	555604414.372880
37		555604414.372880	555604414.372880
36		555604414.372880	555604414.372880
35		555604414.372880	555604414.372880
34.2		555604414.372880	555604414.372880
34.1		555604414.372880	555604414.372880
34		555604414.372880	555604414.372880
33		555604414.372880	555604414.372880
32		555604414.372880	555604414.372880
31		555604414.372880	555604414.372880
30.5		555604414.372880	555604414.372880
30		555604414.372880	555604414.372880
29		555604414.372880	555604414.372880
28		555604414.372880	555604414.372880
27.5		555604414.372880	555604414.372880
27		555604414.372880	555604414.372880
26		555604414.372880	555604414.372880
25		555604414.372880	555604414.372880
24		555604414.372880	555604414.372880
23		555604414.372880	555604414.372880
22		555604414.372880	555604414.372880
21.1		555604414.372880	555604414.372880
21		555604414.372880	555604414.372880
20		555604414.372880	555604414.372880
19		555604414.372880	555604414.372880
18.5		555604414.372880	555604414.372880
18		555604414.372880	555604414.372880
17		555604414.372880	555604414.372880
16		555604414.372880	555604414.372880
15		555604414.372880	555604414.372880
14.5		555604414.372880	555604414.372880
14		555604414.372880	555604414.372880
13		555604414.372880	555604414.372880
12		555604414.372880	555604414.372880
11		555604414.372880	555604414.372880
10.6		555604414.372880	555604414.372880
10.5		555604414.372880	555604414.372880
10		555604414.372880	555604414.372880
9		555604414.372880	555604414.372880
8		555604414.372880	555604414.372880
7		555604414.372880	555604414.372880
6		555604414.372880	555604414.372880
5		555604414.372880	555604414.372880
4		555604414.372880	555604414.372880
3.5		555604414.372880	555604414.372880
3		555604414.372880	555604414.372880
2		555604414.372880	555604414.372880
1		555604414.372880	555604414.372880
62	032	566109259.532903	566109345.898919
63	013	567495743.759116	567495802.815892
