1	558979016.265901
z13mangadex	Stand Up!			L	https://mangadex.org/title/9156/stand-up	0.000000
13		558978967.696510	558978967.696510
12		558978967.696510	558978967.696510
11		558978967.696510	558978967.696510
10		558978967.696510	558978967.696510
9		558978967.696510	558978967.696510
8.1		558978967.696510	558978967.696510
8		558978967.696510	558978967.696510
7		558978967.696510	558978967.696510
6		558978967.696510	558978967.696510
5		558978967.696510	558978967.696510
4		558978967.696510	558978967.696510
3		558978967.696510	558978967.696510
2		558978967.696510	558978967.696510
1		558978967.696510	558978967.696510
0		558978967.696510	558978967.696510
