1	555528448.153133
z13mangadex	Blood Lad			L	https://mangadex.org/manga/318/blood-lad	0.000000
77		555528447.269288	555528447.269288
76		555528447.269288	555528447.269288
75		555528447.269288	555528447.269288
74		555528447.269288	555528447.269288
73		555528447.269288	555528447.269288
72		555528447.269288	555528447.269288
71		555528447.269288	555528447.269288
70		555528447.269288	555528447.269288
69		555528447.269288	555528447.269288
68		555528447.269288	555528447.269288
67		555528447.269288	555528447.269288
66		555528447.269288	555528447.269288
65		555528447.269288	555528447.269288
64		555528447.269288	555528447.269288
63		555528447.269288	555528447.269288
62		555528447.269288	555528447.269288
61		555528447.269288	555528447.269288
60		555528447.269288	555528447.269288
59		555528447.269288	555528447.269288
58		555528447.269288	555528447.269288
57		555528447.269288	555528447.269288
56		555528447.269288	555528447.269288
55		555528447.269288	555528447.269288
54		555528447.269288	555528447.269288
53		555528447.269288	555528447.269288
52		555528447.269288	555528447.269288
51		555528447.269288	555528447.269288
50		555528447.269288	555528447.269288
49		555528447.269288	555528447.269288
48		555528447.269288	555528447.269288
47		555528447.269288	555528447.269288
46		555528447.269288	555528447.269288
45		555528447.269288	555528447.269288
44		555528447.269288	555528447.269288
43		555528447.269288	555528447.269288
42		555528447.269288	555528447.269288
41		555528447.269288	555528447.269288
40		555528447.269288	555528447.269288
39		555528447.269288	555528447.269288
38		555528447.269288	555528447.269288
37		555528447.269288	555528447.269288
36		555528447.269288	555528447.269288
35		555528447.269288	555528447.269288
34		555528447.269288	555528447.269288
33		555528447.269288	555528447.269288
32		555528447.269288	555528447.269288
31		555528447.269288	555528447.269288
30		555528447.269288	555528447.269288
29		555528447.269288	555528447.269288
28		555528447.269288	555528447.269288
27		555528447.269288	555528447.269288
26		555528447.269288	555528447.269288
25		555528447.269288	555528447.269288
24		555528447.269288	555528447.269288
23		555528447.269288	555528447.269288
22		555528447.269288	555528447.269288
21		555528447.269288	555528447.269288
20		555528447.269288	555528447.269288
19		555528447.269288	555528447.269288
18		555528447.269288	555528447.269288
17		555528447.269288	555528447.269288
16		555528447.269288	555528447.269288
15		555528447.269288	555528447.269288
14		555528447.269288	555528447.269288
13		555528447.269288	555528447.269288
12		555528447.269288	555528447.269288
11		555528447.269288	555528447.269288
10		555528447.269288	555528447.269288
9		555528447.269288	555528447.269288
8		555528447.269288	555528447.269288
7		555528447.269288	555528447.269288
6		555528447.269288	555528447.269288
5		555528447.269288	555528447.269288
4		555528447.269288	555528447.269288
3		555528447.269288	555528447.269288
2		555528447.269288	555528447.269288
1		555528447.269288	555528447.269288
