1	555604455.840029
z13mangadex	Denpa Kyoushi			L	https://mangadex.org/manga/2651/denpa-kyoushi	0.000000
145		555604454.821407	555604454.821407
144		555604454.821407	555604454.821407
143		555604454.821407	555604454.821407
142		555604454.821407	555604454.821407
141		555604454.821407	555604454.821407
140		555604454.821407	555604454.821407
139		555604454.821407	555604454.821407
138		555604454.821407	555604454.821407
137		555604454.821407	555604454.821407
136.5		555604454.821407	555604454.821407
136		555604454.821407	555604454.821407
135		555604454.821407	555604454.821407
134		555604454.821407	555604454.821407
133		555604454.821407	555604454.821407
132		555604454.821407	555604454.821407
131		555604454.821407	555604454.821407
130		555604454.821407	555604454.821407
129		555604454.821407	555604454.821407
128		555604454.821407	555604454.821407
127		555604454.821407	555604454.821407
126		555604454.821407	555604454.821407
125		555604454.821407	555604454.821407
124		555604454.821407	555604454.821407
123		555604454.821407	555604454.821407
122		555604454.821407	555604454.821407
121		555604454.821407	555604454.821407
120		555604454.821407	555604454.821407
119		555604454.821407	555604454.821407
118		555604454.821407	555604454.821407
117		555604454.821407	555604454.821407
116		555604454.821407	555604454.821407
115		555604454.821407	555604454.821407
114		555604454.821407	555604454.821407
113		555604454.821407	555604454.821407
112		555604454.821407	555604454.821407
111		555604454.821407	555604454.821407
110		555604454.821407	555604454.821407
109		555604454.821407	555604454.821407
108		555604454.821407	555604454.821407
107		555604454.821407	555604454.821407
106		555604454.821407	555604454.821407
105		555604454.821407	555604454.821407
104		555604454.821407	555604454.821407
103		555604454.821407	555604454.821407
102		555604454.821407	555604454.821407
101		555604454.821407	555604454.821407
100		555604454.821407	555604454.821407
99		555604454.821407	555604454.821407
98		555604454.821407	555604454.821407
97		555604454.821407	555604454.821407
96		555604454.821407	555604454.821407
95		555604454.821407	555604454.821407
94		555604454.821407	555604454.821407
93		555604454.821407	555604454.821407
92		555604454.821407	555604454.821407
91		555604454.821407	555604454.821407
90		555604454.821407	555604454.821407
89		555604454.821407	555604454.821407
88		555604454.821407	555604454.821407
87		555604454.821407	555604454.821407
86		555604454.821407	555604454.821407
85		555604454.821407	555604454.821407
84		555604454.821407	555604454.821407
83		555604454.821407	555604454.821407
82		555604454.821407	555604454.821407
81		555604454.821407	555604454.821407
80		555604454.821407	555604454.821407
79		555604454.821407	555604454.821407
78		555604454.821407	555604454.821407
77		555604454.821407	555604454.821407
76		555604454.821407	555604454.821407
75		555604454.821407	555604454.821407
74		555604454.821407	555604454.821407
73		555604454.821407	555604454.821407
72		555604454.821407	555604454.821407
71		555604454.821407	555604454.821407
70		555604454.821407	555604454.821407
69		555604454.821407	555604454.821407
68		555604454.821407	555604454.821407
67		555604454.821407	555604454.821407
66		555604454.821407	555604454.821407
65		555604454.821407	555604454.821407
64		555604454.821407	555604454.821407
63		555604454.821407	555604454.821407
62		555604454.821407	555604454.821407
61		555604454.821407	555604454.821407
60		555604454.821407	555604454.821407
59		555604454.821407	555604454.821407
58		555604454.821407	555604454.821407
57		555604454.821407	555604454.821407
56		555604454.821407	555604454.821407
55		555604454.821407	555604454.821407
54		555604454.821407	555604454.821407
53		555604454.821407	555604454.821407
52		555604454.821407	555604454.821407
51		555604454.821407	555604454.821407
50		555604454.821407	555604454.821407
49		555604454.821407	555604454.821407
48		555604454.821407	555604454.821407
47		555604454.821407	555604454.821407
46		555604454.821407	555604454.821407
45		555604454.821407	555604454.821407
44		555604454.821407	555604454.821407
43		555604454.821407	555604454.821407
42		555604454.821407	555604454.821407
41		555604454.821407	555604454.821407
40		555604454.821407	555604454.821407
39		555604454.821407	555604454.821407
38		555604454.821407	555604454.821407
37		555604454.821407	555604454.821407
36		555604454.821407	555604454.821407
35		555604454.821407	555604454.821407
34		555604454.821407	555604454.821407
33		555604454.821407	555604454.821407
32		555604454.821407	555604454.821407
31		555604454.821407	555604454.821407
30		555604454.821407	555604454.821407
29		555604454.821407	555604454.821407
28		555604454.821407	555604454.821407
27		555604454.821407	555604454.821407
26		555604454.821407	555604454.821407
25		555604454.821407	555604454.821407
24		555604454.821407	555604454.821407
23		555604454.821407	555604454.821407
22		555604454.821407	555604454.821407
21		555604454.821407	555604454.821407
20		555604454.821407	555604454.821407
19		555604454.821407	555604454.821407
18		555604454.821407	555604454.821407
17		555604454.821407	555604454.821407
16		555604454.821407	555604454.821407
15		555604454.821407	555604454.821407
14		555604454.821407	555604454.821407
13		555604454.821407	555604454.821407
12		555604454.821407	555604454.821407
11		555604454.821407	555604454.821407
10		555604454.821407	555604454.821407
9		555604454.821407	555604454.821407
8		555604454.821407	555604454.821407
7		555604454.821407	555604454.821407
6		555604454.821407	555604454.821407
5		555604454.821407	555604454.821407
4		555604454.821407	555604454.821407
3		555604454.821407	555604454.821407
2		555604454.821407	555604454.821407
1		555604454.821407	555604454.821407
