1	567018971.894791
z13mangadex	Marry Grave	42	567018787.719842	L	https://mangadex.org/title/22916/marry-grave	567018787.719842
1		557852884.763166	557853145.247306
2		557853146.081051	557853382.291937
3		557853382.944458	557853477.128652
4		557853477.712981	557853676.741319
5		557853677.468830	557854833.148677
6		557854833.766035	557854902.530879
7		557854903.144034	557855020.067170
8		557855020.732923	557877302.970174
9		557877303.615123	557877411.387711
10		557877412.046406	557881482.728995
11		557937578.165831	557937678.261210
12		557937678.945485	557937758.664721
13		557937759.279169	557937845.770932
14		557937846.400618	557937886.451816
15		557937887.035041	557937918.788122
16		557937919.074119	557937952.191966
17		557937952.386349	557938325.521555
18		557938326.497453	557938348.761516
19		557938349.402074	557938417.477207
20		557938417.709198	557938455.410532
21		557938455.570091	557938524.246356
22		557938524.809189	557938553.033145
23		557938553.694751	557938625.189202
24		557938625.790209	557938653.606867
25		557938653.869538	557938733.990844
26		557938734.635985	557938863.895570
27		557938864.556994	557938951.735677
28		557938952.317385	557939010.718614
29	018	557939011.337145	557939091.848707
30	018	558074775.178592	558074844.915548
31	017	559342453.456534	559342516.302287
32	018	559454663.881438	559454748.990415
33	016	560468181.711392	560468245.697655
34	016	561147054.008637	561147142.062743
35	020	562112966.314504	562113067.456808
36	021	563033378.588056	563033468.243555
37	016	563924662.747704	563924723.161540
38	018	564331900.392972	564331968.968175
39	018	564550500.821133	564550572.510341
40	018	565039195.585270	565039328.484440
41	017	566540924.692440	566540986.954888
42	018	567018787.719842	567018970.539462
