1	562085208.824023
z13mangadex	Pashiri na Boku to Koisuru Banchou-san	10	562003217.731097	L	https://mangadex.org/title/25862/pashiri-na-boku-to-koisuru-banchou-san	562003217.731097
1		561816997.189975	561817068.896456
2		561875458.364549	561875529.888138
3		561875530.241776	561875597.659503
4		561875598.043877	561875694.132109
5		562002785.635322	562002878.315910
6		562002879.001926	562002955.269682
7		562002955.936664	562003063.146768
8		562003063.418217	562003147.719207
9		562003148.092159	562003217.471215
10	001	562003217.731097	562003221.533050
