1	557946533.741572
z13mangadex	Otometic Syndrome			L	https://mangadex.org/title/18053/otometic-syndrome	0.000000
16		557946521.433967	557946521.433967
15		557946521.433967	557946521.433967
14		557946521.433967	557946521.433967
13		557946521.433967	557946521.433967
12		557946521.433967	557946521.433967
11		557946521.433967	557946521.433967
10		557946521.433967	557946521.433967
9		557946521.433967	557946521.433967
8		557946521.433967	557946521.433967
7		557946521.433967	557946521.433967
6		557946521.433967	557946521.433967
5		557946521.433967	557946521.433967
4		557946521.433967	557946521.433967
3		557946521.433967	557946521.433967
2		557946521.433967	557946521.433967
1		557946521.433967	557946521.433967
