1	567811359.582130
z13mangadex	Youkai Shoujo - Monsuga	118	567614641.823578	L	https://mangadex.org/title/11767/youkai-shoujo-monsuga	567614641.823578
113	001	558987497.503216	558987499.440119
112		558987504.651250	558987504.651250
111		558987504.651250	558987504.651250
110		558987504.651250	558987504.651250
109		558987504.651250	558987504.651250
108		558987504.651250	558987504.651250
107		558987504.651250	558987504.651250
106		558987504.651250	558987504.651250
105		558987504.651250	558987504.651250
104		558987504.651250	558987504.651250
103		558987504.651250	558987504.651250
102		558987504.651250	558987504.651250
101		558987504.651250	558987504.651250
100		558987504.651250	558987504.651250
99		558987504.651250	558987504.651250
98		558987504.651250	558987504.651250
97		558987504.651250	558987504.651250
96		558987504.651250	558987504.651250
95		558987504.651250	558987504.651250
94		558987504.651250	558987504.651250
93		558987504.651250	558987504.651250
92		558987504.651250	558987504.651250
91		558987504.651250	558987504.651250
90		558987504.651250	558987504.651250
89		558987504.651250	558987504.651250
88		558987504.651250	558987504.651250
87		558987504.651250	558987504.651250
86		558987504.651250	558987504.651250
85		558987504.651250	558987504.651250
84		558987504.651250	558987504.651250
83		558987504.651250	558987504.651250
82		558987504.651250	558987504.651250
81		558987504.651250	558987504.651250
80		558987504.651250	558987504.651250
79		558987504.651250	558987504.651250
78		558987504.651250	558987504.651250
77		558987504.651250	558987504.651250
76		558987504.651250	558987504.651250
75		558987504.651250	558987504.651250
74		558987504.651250	558987504.651250
73		558987504.651250	558987504.651250
72		558987504.651250	558987504.651250
71		558987504.651250	558987504.651250
70		558987504.651250	558987504.651250
69		558987504.651250	558987504.651250
68		558987504.651250	558987504.651250
67		558987504.651250	558987504.651250
66		558987504.651250	558987504.651250
65		558987504.651250	558987504.651250
64		558987504.651250	558987504.651250
63		558987504.651250	558987504.651250
62		558987504.651250	558987504.651250
61		558987504.651250	558987504.651250
60		558987504.651250	558987504.651250
59		558987504.651250	558987504.651250
58		558987504.651250	558987504.651250
57		558987504.651250	558987504.651250
56		558987504.651250	558987504.651250
55		558987504.651250	558987504.651250
54		558987504.651250	558987504.651250
53		558987504.651250	558987504.651250
52		558987504.651250	558987504.651250
51		558987504.651250	558987504.651250
50		558987504.651250	558987504.651250
49		558987504.651250	558987504.651250
48		558987504.651250	558987504.651250
47		558987504.651250	558987504.651250
46.5		558987504.651250	558987504.651250
46		558987504.651250	558987504.651250
45		558987504.651250	558987504.651250
44		558987504.651250	558987504.651250
43		558987504.651250	558987504.651250
42		558987504.651250	558987504.651250
41		558987504.651250	558987504.651250
40		558987504.651250	558987504.651250
39		558987504.651250	558987504.651250
38		558987504.651250	558987504.651250
37		558987504.651250	558987504.651250
36		558987504.651250	558987504.651250
35		558987504.651250	558987504.651250
34		558987504.651250	558987504.651250
33		558987504.651250	558987504.651250
32		558987504.651250	558987504.651250
31		558987504.651250	558987504.651250
30		558987504.651250	558987504.651250
29		558987504.651250	558987504.651250
28		558987504.651250	558987504.651250
27		558987504.651250	558987504.651250
26		558987504.651250	558987504.651250
25		558987504.651250	558987504.651250
24		558987504.651250	558987504.651250
23		558987504.651250	558987504.651250
22		558987504.651250	558987504.651250
21		558987504.651250	558987504.651250
20		558987504.651250	558987504.651250
19		558987504.651250	558987504.651250
18		558987504.651250	558987504.651250
17		558987504.651250	558987504.651250
16		558987504.651250	558987504.651250
15		558987504.651250	558987504.651250
14		558987504.651250	558987504.651250
13		558987504.651250	558987504.651250
12		558987504.651250	558987504.651250
11		558987504.651250	558987504.651250
10		558987504.651250	558987504.651250
9		558987504.651250	558987504.651250
8		558987504.651250	558987504.651250
7		558987504.651250	558987504.651250
6		558987504.651250	558987504.651250
5		558987504.651250	558987504.651250
4		558987504.651250	558987504.651250
3		558987504.651250	558987504.651250
2		558987504.651250	558987504.651250
1		558987504.651250	558987504.651250
0		558987504.651250	558987504.651250
114	020	559061131.018915	559061203.970536
115	019	559580021.819539	559580069.205976
116	021	561145351.650449	561145429.742166
117	020	566575558.669594	566575662.145882
118	020	567614641.823578	567614705.572932
