1	555526053.573504
z13mangadex	Boku no Hero Academia	192.2	555048147.036036	L	https://mangadex.org/manga/12714/boku-no-hero-academia	555048147.036036
192.2	9	555048147.036036	555048190.110581
192.1		555048140.542955	555048146.792964
190		555048123.854184	555048139.917567
189		555048084.510697	555048084.510697
188.1		555048084.510697	555048084.510697
188		555048084.510697	555048084.510697
187		555048084.510697	555048084.510697
186		555048084.510697	555048084.510697
185		555048084.510697	555048084.510697
184		555048084.510697	555048084.510697
183		555048084.510697	555048084.510697
182		555048084.510697	555048084.510697
181		555048084.510697	555048084.510697
180		555048084.510697	555048084.510697
179		555048084.510697	555048084.510697
178		555048084.510697	555048084.510697
177		555048084.510697	555048084.510697
176		555048084.510697	555048084.510697
175		555048084.510697	555048084.510697
174		555048084.510697	555048084.510697
173		555048084.510697	555048084.510697
172		555048084.510697	555048084.510697
171		555048084.510697	555048084.510697
170		555048084.510697	555048084.510697
169		555048084.510697	555048084.510697
168		555048084.510697	555048084.510697
167.5		555048084.510697	555048084.510697
167		555048084.510697	555048084.510697
157.5		555048084.510697	555048084.510697
153		555048084.510697	555048084.510697
152		555048084.510697	555048084.510697
151		555048084.510697	555048084.510697
150		555048084.510697	555048084.510697
149		555048084.510697	555048084.510697
148		555048084.510697	555048084.510697
147.5		555048084.510697	555048084.510697
147		555048084.510697	555048084.510697
146		555048084.510697	555048084.510697
145		555048084.510697	555048084.510697
144		555048084.510697	555048084.510697
143		555048084.510697	555048084.510697
142		555048084.510697	555048084.510697
141		555048084.510697	555048084.510697
140		555048084.510697	555048084.510697
139		555048084.510697	555048084.510697
138		555048084.510697	555048084.510697
137.5		555048084.510697	555048084.510697
137		555048084.510697	555048084.510697
136		555048084.510697	555048084.510697
135.5		555048084.510697	555048084.510697
135		555048084.510697	555048084.510697
134		555048084.510697	555048084.510697
133		555048084.510697	555048084.510697
132		555048084.510697	555048084.510697
131		555048084.510697	555048084.510697
130		555048084.510697	555048084.510697
129		555048084.510697	555048084.510697
128.5		555048084.510697	555048084.510697
128		555048084.510697	555048084.510697
127		555048084.510697	555048084.510697
126		555048084.510697	555048084.510697
125		555048084.510697	555048084.510697
124		555048084.510697	555048084.510697
123		555048084.510697	555048084.510697
122		555048084.510697	555048084.510697
121		555048084.510697	555048084.510697
120		555048084.510697	555048084.510697
119		555048084.510697	555048084.510697
118.5		555048084.510697	555048084.510697
118		555048084.510697	555048084.510697
117		555048084.510697	555048084.510697
116		555048084.510697	555048084.510697
115		555048084.510697	555048084.510697
114		555048084.510697	555048084.510697
113		555048084.510697	555048084.510697
112		555048084.510697	555048084.510697
111		555048084.510697	555048084.510697
110		555048084.510697	555048084.510697
109		555048084.510697	555048084.510697
108.5		555048084.510697	555048084.510697
108		555048084.510697	555048084.510697
107		555048084.510697	555048084.510697
106		555048084.510697	555048084.510697
105		555048084.510697	555048084.510697
104		555048084.510697	555048084.510697
103		555048084.510697	555048084.510697
102		555048084.510697	555048084.510697
101		555048084.510697	555048084.510697
100		555048084.510697	555048084.510697
99.5		555048084.510697	555048084.510697
99		555048084.510697	555048084.510697
98.5		555048084.510697	555048084.510697
98		555048084.510697	555048084.510697
97		555048084.510697	555048084.510697
96		555048084.510697	555048084.510697
95		555048084.510697	555048084.510697
94		555048084.510697	555048084.510697
93		555048084.510697	555048084.510697
92		555048084.510697	555048084.510697
91		555048084.510697	555048084.510697
90		555048084.510697	555048084.510697
89.5		555048084.510697	555048084.510697
89		555048084.510697	555048084.510697
88		555048084.510697	555048084.510697
87		555048084.510697	555048084.510697
86		555048084.510697	555048084.510697
85.5		555048084.510697	555048084.510697
85		555048084.510697	555048084.510697
84.5		555048084.510697	555048084.510697
84		555048084.510697	555048084.510697
83		555048084.510697	555048084.510697
82		555048084.510697	555048084.510697
81		555048084.510697	555048084.510697
80.5		555048084.510697	555048084.510697
80		555048084.510697	555048084.510697
79		555048084.510697	555048084.510697
78		555048084.510697	555048084.510697
77		555048084.510697	555048084.510697
76		555048084.510697	555048084.510697
75		555048084.510697	555048084.510697
74		555048084.510697	555048084.510697
73		555048084.510697	555048084.510697
72		555048084.510697	555048084.510697
71.5		555048084.510697	555048084.510697
71		555048084.510697	555048084.510697
70		555048084.510697	555048084.510697
69		555048084.510697	555048084.510697
68		555048084.510697	555048084.510697
67		555048084.510697	555048084.510697
66		555048084.510697	555048084.510697
65		555048084.510697	555048084.510697
64		555048084.510697	555048084.510697
63		555048084.510697	555048084.510697
62.5		555048084.510697	555048084.510697
62		555048084.510697	555048084.510697
61		555048084.510697	555048084.510697
60		555048084.510697	555048084.510697
59		555048084.510697	555048084.510697
58		555048084.510697	555048084.510697
57		555048084.510697	555048084.510697
56		555048084.510697	555048084.510697
55		555048084.510697	555048084.510697
54		555048084.510697	555048084.510697
53.5		555048084.510697	555048084.510697
53		555048084.510697	555048084.510697
52		555048084.510697	555048084.510697
51		555048084.510697	555048084.510697
50		555048084.510697	555048084.510697
49.5		555048084.510697	555048084.510697
49		555048084.510697	555048084.510697
48		555048084.510697	555048084.510697
47		555048084.510697	555048084.510697
46		555048084.510697	555048084.510697
45		555048084.510697	555048084.510697
44.5		555048084.510697	555048084.510697
44		555048084.510697	555048084.510697
43		555048084.510697	555048084.510697
42		555048084.510697	555048084.510697
41		555048084.510697	555048084.510697
40		555048084.510697	555048084.510697
39		555048084.510697	555048084.510697
38		555048084.510697	555048084.510697
37		555048084.510697	555048084.510697
36		555048084.510697	555048084.510697
35.5		555048084.510697	555048084.510697
35		555048084.510697	555048084.510697
34.5		555048084.510697	555048084.510697
34		555048084.510697	555048084.510697
33		555048084.510697	555048084.510697
32		555048084.510697	555048084.510697
31		555048084.510697	555048084.510697
30		555048084.510697	555048084.510697
29		555048084.510697	555048084.510697
28		555048084.510697	555048084.510697
27		555048084.510697	555048084.510697
26.5		555048084.510697	555048084.510697
26		555048084.510697	555048084.510697
25		555048084.510697	555048084.510697
24		555048084.510697	555048084.510697
23		555048084.510697	555048084.510697
22		555048084.510697	555048084.510697
21		555048084.510697	555048084.510697
20		555048084.510697	555048084.510697
19		555048084.510697	555048084.510697
18		555048084.510697	555048084.510697
17.5		555048084.510697	555048084.510697
17		555048084.510697	555048084.510697
16		555048084.510697	555048084.510697
15		555048084.510697	555048084.510697
14		555048084.510697	555048084.510697
13		555048084.510697	555048084.510697
12		555048084.510697	555048084.510697
11		555048084.510697	555048084.510697
10.5		555048084.510697	555048084.510697
10		555048084.510697	555048084.510697
9		555048084.510697	555048084.510697
8		555048084.510697	555048084.510697
7.5		555048084.510697	555048084.510697
7		555048084.510697	555048084.510697
6		555048084.510697	555048084.510697
5		555048084.510697	555048084.510697
4		555048084.510697	555048084.510697
3		555048084.510697	555048084.510697
2		555048084.510697	555048084.510697
1		555048084.510697	555048084.510697
0		555048084.510697	555048084.510697
