1	564417138.257138
z13mangadex	Let's Lagoon	66.5	564416973.576562	L	https://mangadex.org/title/601/let-s-lagoon	564416973.576562
64		556737374.078024	556737374.078024
63		556737374.078024	556737374.078024
62		556737374.078024	556737374.078024
61		556737374.078024	556737374.078024
60		556737374.078024	556737374.078024
59		556737374.078024	556737374.078024
58		556737374.078024	556737374.078024
57		556737374.078024	556737374.078024
56		556737374.078024	556737374.078024
55		556737374.078024	556737374.078024
54		556737374.078024	556737374.078024
53		556737374.078024	556737374.078024
52		556737374.078024	556737374.078024
51		556737374.078024	556737374.078024
50		556737374.078024	556737374.078024
49		556737374.078024	556737374.078024
48		556737374.078024	556737374.078024
47		556737374.078024	556737374.078024
46		556737374.078024	556737374.078024
45		556737374.078024	556737374.078024
44		556737374.078024	556737374.078024
43		556737374.078024	556737374.078024
42		556737374.078024	556737374.078024
41		556737374.078024	556737374.078024
40		556737374.078024	556737374.078024
39		556737374.078024	556737374.078024
38		556737374.078024	556737374.078024
37		556737374.078024	556737374.078024
36		556737374.078024	556737374.078024
35		556737374.078024	556737374.078024
34		556737374.078024	556737374.078024
33		556737374.078024	556737374.078024
32		556737374.078024	556737374.078024
31		556737374.078024	556737374.078024
30.5		556737374.078024	556737374.078024
30		556737374.078024	556737374.078024
29		556737374.078024	556737374.078024
28		556737374.078024	556737374.078024
27		556737374.078024	556737374.078024
26		556737374.078024	556737374.078024
25		556737374.078024	556737374.078024
24		556737374.078024	556737374.078024
23		556737374.078024	556737374.078024
22		556737374.078024	556737374.078024
21		556737374.078024	556737374.078024
20		556737374.078024	556737374.078024
19		556737374.078024	556737374.078024
18		556737374.078024	556737374.078024
17		556737374.078024	556737374.078024
16		556737374.078024	556737374.078024
15		556737374.078024	556737374.078024
14		556737374.078024	556737374.078024
13		556737374.078024	556737374.078024
12		556737374.078024	556737374.078024
11		556737374.078024	556737374.078024
10		556737374.078024	556737374.078024
9		556737374.078024	556737374.078024
8		556737374.078024	556737374.078024
7		556737374.078024	556737374.078024
6		556737374.078024	556737374.078024
5		556737374.078024	556737374.078024
4		556737374.078024	556737374.078024
3		556737374.078024	556737374.078024
2		556737374.078024	556737374.078024
1		556737374.078024	556737374.078024
65	017	559454591.800319	559454656.545758
66	019	561734822.642720	561734901.101816
66.5	017	564416973.576562	564417136.025054
