1	567811231.321678
z13mangadex	Kimi ni Todoke			L	https://mangadex.org/title/452/kimi-ni-todoke	0.000000
112		556731308.780168	556731308.780168
111		556731308.780168	556731308.780168
110		556731308.780168	556731308.780168
109		556731308.780168	556731308.780168
108		556731308.780168	556731308.780168
107		556731308.780168	556731308.780168
106		556731308.780168	556731308.780168
105		556731308.780168	556731308.780168
104		556731308.780168	556731308.780168
103		556731308.780168	556731308.780168
102		556731308.780168	556731308.780168
101		556731308.780168	556731308.780168
100		556731308.780168	556731308.780168
99		556731308.780168	556731308.780168
98		556731308.780168	556731308.780168
97		556731308.780168	556731308.780168
96		556731308.780168	556731308.780168
95		556731308.780168	556731308.780168
94		556731308.780168	556731308.780168
93		556731308.780168	556731308.780168
92		556731308.780168	556731308.780168
91		556731308.780168	556731308.780168
90		556731308.780168	556731308.780168
89		556731308.780168	556731308.780168
88		556731308.780168	556731308.780168
87		556731308.780168	556731308.780168
86		556731308.780168	556731308.780168
85		556731308.780168	556731308.780168
84		556731308.780168	556731308.780168
83		556731308.780168	556731308.780168
82		556731308.780168	556731308.780168
81		556731308.780168	556731308.780168
80		556731308.780168	556731308.780168
79		556731308.780168	556731308.780168
78		556731308.780168	556731308.780168
77		556731308.780168	556731308.780168
76		556731308.780168	556731308.780168
75		556731308.780168	556731308.780168
74		556731308.780168	556731308.780168
73		556731308.780168	556731308.780168
72		556731308.780168	556731308.780168
71		556731308.780168	556731308.780168
70		556731308.780168	556731308.780168
69		556731308.780168	556731308.780168
68		556731308.780168	556731308.780168
67		556731308.780168	556731308.780168
66		556731308.780168	556731308.780168
65		556731308.780168	556731308.780168
64		556731308.780168	556731308.780168
VOL15 63		556731308.780168	556731308.780168
63		556731308.780168	556731308.780168
VOL15 62		556731308.780168	556731308.780168
62		556731308.780168	556731308.780168
VOL15 61		556731308.780168	556731308.780168
61		556731308.780168	556731308.780168
VOL15 60		556731308.780168	556731308.780168
60		556731308.780168	556731308.780168
59		556731308.780168	556731308.780168
58		556731308.780168	556731308.780168
57		556731308.780168	556731308.780168
56		556731308.780168	556731308.780168
55		556731308.780168	556731308.780168
54		556731308.780168	556731308.780168
53		556731308.780168	556731308.780168
52		556731308.780168	556731308.780168
51		556731308.780168	556731308.780168
50		556731308.780168	556731308.780168
49		556731308.780168	556731308.780168
48		556731308.780168	556731308.780168
47		556731308.780168	556731308.780168
46		556731308.780168	556731308.780168
45		556731308.780168	556731308.780168
44		556731308.780168	556731308.780168
43		556731308.780168	556731308.780168
42		556731308.780168	556731308.780168
41		556731308.780168	556731308.780168
40		556731308.780168	556731308.780168
39		556731308.780168	556731308.780168
38		556731308.780168	556731308.780168
37		556731308.780168	556731308.780168
36		556731308.780168	556731308.780168
35		556731308.780168	556731308.780168
34		556731308.780168	556731308.780168
33.5		556731308.780168	556731308.780168
33		556731308.780168	556731308.780168
32		556731308.780168	556731308.780168
31		556731308.780168	556731308.780168
30		556731308.780168	556731308.780168
29		556731308.780168	556731308.780168
28		556731308.780168	556731308.780168
27		556731308.780168	556731308.780168
26		556731308.780168	556731308.780168
25		556731308.780168	556731308.780168
24		556731308.780168	556731308.780168
23		556731308.780168	556731308.780168
22		556731308.780168	556731308.780168
21		556731308.780168	556731308.780168
20		556731308.780168	556731308.780168
19		556731308.780168	556731308.780168
18		556731308.780168	556731308.780168
17		556731308.780168	556731308.780168
16		556731308.780168	556731308.780168
15		556731308.780168	556731308.780168
14		556731308.780168	556731308.780168
13		556731308.780168	556731308.780168
12		556731308.780168	556731308.780168
11		556731308.780168	556731308.780168
10		556731308.780168	556731308.780168
9		556731308.780168	556731308.780168
8		556731308.780168	556731308.780168
7		556731308.780168	556731308.780168
6		556731308.780168	556731308.780168
5		556731308.780168	556731308.780168
4		556731308.780168	556731308.780168
3		556731308.780168	556731308.780168
2		556731308.780168	556731308.780168
1		556731308.780168	556731308.780168
0		556731308.780168	556731308.780168
