1	558976690.347798
z13mangadex	Risou no Himo Seikatsu			L	https://mangadex.org/title/20719/risou-no-himo-seikatsu	0.000000
14		558976679.021786	558976679.021786
13		558976679.021786	558976679.021786
12		558976679.021786	558976679.021786
11		558976679.021786	558976679.021786
10		558976679.021786	558976679.021786
9		558976679.021786	558976679.021786
8		558976679.021786	558976679.021786
7		558976679.021786	558976679.021786
6		558976679.021786	558976679.021786
5		558976679.021786	558976679.021786
4		558976679.021786	558976679.021786
3		558976679.021786	558976679.021786
2		558976679.021786	558976679.021786
1		558976679.021786	558976679.021786
