1	556041100.959169
z13mangadex	20th Century Boys	249	556041027.521587	L	https://mangadex.org/manga/843/20th-century-boys	556041027.521587
1		555639246.084968	555639409.897148
2		555656011.893183	555656123.149232
3		555656123.453744	555656247.323032
4		555656247.663028	555656330.658996
5		555656331.232110	555656390.126938
6		555656390.430951	555656450.768031
7		555956664.477651	555956709.634064
8		555956709.909625	555956772.084328
9		555956772.721041	555956867.254945
10		555956868.019046	555956949.491965
11		555956950.238358	555957041.360048
12		555957042.015477	555957135.380869
13		555957136.152440	555957210.214368
14		555957210.797371	555957323.357472
15		555957323.989385	555957383.991621
16		555957384.185605	555959077.883484
17		555959078.112940	555959169.773907
18		555959170.400815	555959321.797639
19		555959322.381130	555959376.699801
20		555959377.449891	555959493.552379
21		555959494.345447	555959561.491953
22		555959562.076528	555959610.326197
23		555959611.026253	555959780.537474
24		555959781.169628	555959843.242137
25		555959843.981957	555959891.523017
26		555959892.468286	555959970.380803
27		555959971.094415	555960074.785283
28		555960075.383459	555960129.920901
29		555960130.633722	555960199.657466
30		555960199.924363	555960263.841096
31		555960264.616824	555960331.229088
32		555960332.490073	555960411.949016
33		555960412.564228	555960466.002993
34		555960466.584971	555960552.139961
35		555960552.808626	555960652.846368
36		555960653.343353	555960736.383264
37		555960736.594744	555960787.723358
38		555960788.445655	555960871.221185
39		555960871.819835	555960906.892986
40		555960907.345888	555961013.061878
41		555961013.719495	555961046.215424
42		555961047.122757	555961161.601465
43		555977663.056829	555978636.370786
44		555978637.179887	555978740.889524
45		555978741.235077	555978828.772980
46		555978829.471473	555978916.693243
47		555978917.025631	555984112.633330
48		555984113.263110	555984206.619334
49		555984207.268040	555984261.006010
50		555984261.281698	555984340.844618
51		555984341.614487	555984418.492855
52		555984418.713142	555984479.833210
53		555984480.526655	555984562.531164
54		555984562.754993	555984657.390272
55		555984658.080352	555984726.757650
56		555984727.412694	555984795.690533
57		555984796.007461	555984847.513992
58		555984847.829742	555984904.266423
59		555984904.537669	555984984.002524
60		555984984.384584	555985047.053121
61		555985047.338588	555985096.707334
62		555985097.073148	555985285.009554
63		555985285.273070	555985348.928986
64		555985349.160421	555985442.101559
65		555985442.777779	555985511.123074
66		555985511.347970	555985566.025836
67		555985566.702585	555985638.822835
68		555985639.471591	555985698.780652
69		555985699.193108	555985797.982151
70		555985798.772667	555985909.421908
71		555985910.119071	555986036.409920
72		555986036.830069	555986129.076984
73		555986129.484130	555986200.064085
74		555986200.293505	555991592.904889
75		555991607.761917	555991705.056116
76		555991705.758948	555991774.025311
77		555991802.725196	555991879.663491
78		555991879.870178	555991949.170242
79		555991949.481666	555992002.589090
80		555992003.369362	555992072.991788
81		555992110.410130	555992147.177718
82		555992147.498129	555992202.127874
83		555992202.386534	555992300.033957
84		555992300.704399	555992375.454043
85		555992375.694712	555992459.572965
86		555992459.976382	555993023.367807
87		555993024.063068	555993111.813635
88		555993112.032318	555993210.901452
89		555993211.665907	555993291.176958
90		555993291.509547	555993458.775514
91		555993460.285255	555993565.577648
92	001	555994655.020569	555994657.417496
93		555993692.457172	555994139.239372
94		555994139.633544	555994207.974587
95		555994208.339013	555994328.327457
96		555994328.654318	555994409.202578
97		555994409.552673	555994481.289524
98	020	555994507.916470	555994652.532460
99		555994836.739072	555996952.383650
100		555996953.024811	555997041.282480
101		555997041.531392	555997146.439360
102		555997147.156637	555997234.747232
103		555997235.024720	555997334.680437
104		555997334.928851	555998114.595190
105		555998115.433399	555998199.646612
106		555998951.712845	555999047.052294
107		555999047.087727	555999138.689428
108		555999138.729680	556000070.660904
109		556000070.679214	556000128.102528
110		556000128.140175	556000190.402952
111		556000190.425375	556000272.108666
112		556000272.149004	556001320.678618
113		556001320.717978	556001384.864386
114		556001384.903122	556001444.250513
115		556001444.286986	556001518.285160
116		556001518.315560	556001611.091175
117		556001611.129903	556002651.938606
118		556002651.984632	556002722.108411
119		556002722.147376	556002802.378736
120		556002802.417780	556002866.531348
121		556002866.559902	556002927.082423
122		556002927.121483	556003102.270854
123		556003102.287379	556003166.539892
124		556003166.559619	556029269.773382
125		556029269.793443	556029362.996931
126		556029363.040933	556029429.218715
127		556029429.260717	556029536.408188
128		556029536.448364	556029620.842575
129		556029620.883891	556029697.028591
130		556029697.072659	556029775.711447
131		556029775.739091	556029821.515260
132		556029821.555756	556029889.120635
133		556029889.165508	556029948.689257
134		556029948.731441	556031960.754523
135		556031960.794403	556032028.004064
136		556032028.023137	556032079.976303
137		556032080.012589	556032149.440623
138		556032149.460064	556032251.436218
139		556032251.468794	556032368.022540
140		556032368.062594	556032420.725891
141		556032420.771299	556032470.880799
142		556032470.927253	556032544.564789
143		556032544.613415	556032610.799729
144		556032610.843987	556032683.101767
145		556032683.130560	556032757.223918
146		556032757.262823	556032804.336914
147		556032804.358188	556032873.075209
148		556032873.104844	556032961.244011
149		556032961.262822	556033016.848244
150		556033016.875375	556033113.300549
151		556033113.330219	556033159.470635
152		556033159.495796	556033209.594013
153		556033209.616550	556033263.647493
154		556033263.665991	556033339.800126
155		556033377.252501	556033417.611214
156		556033417.646516	556033483.247986
157		556033483.294905	556033573.744287
158		556033573.765449	556033628.637874
159		556033628.678859	556033663.522796
160		556033663.567133	556034337.663178
161		556034337.701964	556034399.601409
162		556034399.641813	556034427.719226
163		556034427.764876	556034490.273330
164		556034490.312961	556034537.791105
165		556034537.839236	556034583.186958
166		556034583.219329	556034616.170190
167		556034616.188626	556034714.649689
168		556034714.690608	556034760.851558
169		556034760.899304	556034812.785299
170		556034812.810350	556034822.937881
171		556034822.979511	556034865.973369
172		556034866.016130	556034932.659864
173		556034932.700199	556034983.622821
174		556034983.647129	556035054.231984
175		556035054.282142	556035094.382235
176		556035094.424345	556035143.469680
177		556035143.513093	556035186.321744
178		556035186.369802	556035243.922535
179		556035243.972786	556035273.275810
180		556035273.318869	556035296.277105
181		556035296.314992	556035349.728637
182		556035349.775551	556035401.397340
183		556035401.456987	556035463.551735
184		556035463.595403	556035528.621159
185		556035528.663324	556035630.738083
186		556035630.771621	556035677.502896
187		556035677.545654	556035725.594547
188		556035725.643169	556035796.960029
189		556035796.995636	556035901.870262
190		556035901.914068	556035941.803375
191		556035941.853081	556036002.325803
192		556036002.374508	556036084.338413
193		556036084.366319	556036149.049628
194		556036149.099855	556036187.368307
195		556036187.411567	556036270.572832
196		556036270.616423	556036307.991361
197		556036308.034198	556036423.730473
198		556036423.750795	556036469.456336
199		556036469.502239	556036538.445574
200		556036538.486131	556036563.763243
201		556036563.809288	556036708.841148
202		556036708.890820	556036787.203383
203		556036787.231498	556036838.605417
204		556036838.626045	556036967.738589
205		556036967.791455	556037021.808705
206		556037021.830342	556037053.427494
207		556037053.449955	556037132.781539
208		556037132.804300	556037184.099284
209		556037184.122586	556037229.253211
210		556037229.275224	556037286.048589
211		556037286.094976	556037366.516295
212		556037366.567509	556037408.220621
213		556037408.266141	556037479.209271
214		556037479.260093	556037542.605899
215		556037542.632274	556037595.260212
216		556037595.307602	556037731.266695
217		556037731.295383	556037833.994351
218		556037834.018983	556038117.876906
219		556038117.898453	556038195.993769
220		556038196.032134	556038441.420637
221		556038441.476738	556038486.254562
222		556038486.309205	556038533.907456
223		556038533.953083	556038592.777426
224		556038592.823068	556038645.213102
225		556038645.267074	556038738.726026
226		556038738.750742	556038765.235029
227		556038765.287313	556038790.163943
228		556038790.195669	556038822.203830
229		556038822.243605	556038875.476807
230		556038875.524834	556038943.026790
231		556038943.074748	556038995.831701
232		556039034.967322	556039063.529779
233		556039063.578010	556039146.618987
234		556039146.670251	556039212.435910
235		556039212.488803	556039312.712660
236		556039312.752864	556039348.514471
237		556039348.557772	556039391.428508
238		556039391.491081	556039459.309608
239		556039459.358390	556039535.349704
240		556039535.400265	556039577.283933
241		556039577.332390	556039625.146768
242		556039625.163024	556039677.505890
243		556039677.553186	556039732.575155
244		556039732.617270	556039818.894694
245		556039818.956784	556040129.307220
246		556040129.358361	556040186.640949
247		556040186.684916	556040405.965617
248		556040406.014317	556041027.475933
249	029	556041027.521587	556041099.567496
