1	558987574.535073
z13mangadex	Yuki to Sumi			L	https://mangadex.org/title/21871/yuki-to-sumi	0.000000
11		558987561.437209	558987561.437209
10		558987561.437209	558987561.437209
9		558987561.437209	558987561.437209
8		558987561.437209	558987561.437209
7		558987561.437209	558987561.437209
6		558987561.437209	558987561.437209
5		558987561.437209	558987561.437209
4		558987561.437209	558987561.437209
3		558987561.437209	558987561.437209
2		558987561.437209	558987561.437209
1		558987561.437209	558987561.437209
