1	564291958.769349
z13mangadex	Shinobuna! Chiyo-chan	10	564291881.516093	L	https://mangadex.org/title/26963/shinobuna-chiyo-chan	564291881.516093
1		558837394.999520	558837482.296689
2		558837483.087013	558837572.911025
3		558845622.767979	558845725.011578
4		558845725.310411	558845824.897735
5		558845825.277873	558845928.736505
6		558845928.989994	558845989.456292
7		558845989.819421	558846076.396569
8	023	558846076.772350	558846148.256092
9	023	562042996.263249	562043083.902623
10	021	564291881.516093	564291958.768226
