1	568336783.249450
z13mangadex	The Promised Neverland	117	568336764.051906	L	https://mangadex.org/title/19531/the-promised-neverland	568336764.051906
101	018	557459107.993275	557460059.255425
100		557459079.132108	557459079.132108
99		557459079.132108	557459079.132108
98		557459079.132108	557459079.132108
97		557459079.132108	557459079.132108
96		557459079.132108	557459079.132108
95		557459079.132108	557459079.132108
94		557459079.132108	557459079.132108
93		557459079.132108	557459079.132108
92		557459079.132108	557459079.132108
91		557459079.132108	557459079.132108
90		557459079.132108	557459079.132108
89		557459079.132108	557459079.132108
88		557459079.132108	557459079.132108
87		557459079.132108	557459079.132108
86		557459079.132108	557459079.132108
82		557459079.132108	557459079.132108
81		557459079.132108	557459079.132108
73		557459079.132108	557459079.132108
72		557459079.132108	557459079.132108
70.6		557459079.132108	557459079.132108
70.5		557459079.132108	557459079.132108
51		557459079.132108	557459079.132108
50		557459079.132108	557459079.132108
23.5		557459079.132108	557459079.132108
102	022	558051613.678771	558051699.733626
103	020	559922542.871522	559922601.665137
104	020	560483713.312405	560483801.428753
105	020	561301198.266220	561301317.537225
106	020	561826756.682618	561826883.731400
107	020	562458505.340793	562458573.708035
108	020	563082486.354283	563082597.121903
109	022	563678209.442782	563678312.088043
110	020	564337724.767117	564337817.582266
111	020	564774210.924246	564774286.308119
112	019	565333928.622729	565334025.214016
115	007	567107580.174109	567107597.757832
116		568336729.786846	568336763.653937
117	018	568336764.051906	568336781.683852
