1	557947861.228670
z13mangadex	Perfect World			L	https://mangadex.org/title/14618/perfect-world	0.000000
26		557947849.420107	557947849.420107
25		557947849.420107	557947849.420107
24		557947849.420107	557947849.420107
23		557947849.420107	557947849.420107
22		557947849.420107	557947849.420107
21		557947849.420107	557947849.420107
20		557947849.420107	557947849.420107
19		557947849.420107	557947849.420107
18		557947849.420107	557947849.420107
17		557947849.420107	557947849.420107
16		557947849.420107	557947849.420107
15		557947849.420107	557947849.420107
14		557947849.420107	557947849.420107
13		557947849.420107	557947849.420107
12		557947849.420107	557947849.420107
11		557947849.420107	557947849.420107
10		557947849.420107	557947849.420107
9		557947849.420107	557947849.420107
8		557947849.420107	557947849.420107
7		557947849.420107	557947849.420107
6		557947849.420107	557947849.420107
5		557947849.420107	557947849.420107
4		557947849.420107	557947849.420107
3		557947849.420107	557947849.420107
2		557947849.420107	557947849.420107
1		557947849.420107	557947849.420107
