1	567811379.789242
z13mangadex	Working!!	252	561134159.285853	L	https://mangadex.org/title/395/working	561134159.285853
249	001	558286002.801539	558286007.685046
248		558286011.735328	558286011.735328
247		558286011.735328	558286011.735328
246		558286011.735328	558286011.735328
245		558286011.735328	558286011.735328
244		558286011.735328	558286011.735328
243		558286011.735328	558286011.735328
242		558286011.735328	558286011.735328
241		558286011.735328	558286011.735328
240		558286011.735328	558286011.735328
239		558286011.735328	558286011.735328
238		558286011.735328	558286011.735328
237		558286011.735328	558286011.735328
236		558286011.735328	558286011.735328
235		558286011.735328	558286011.735328
234		558286011.735328	558286011.735328
233		558286011.735328	558286011.735328
232		558286011.735328	558286011.735328
231		558286011.735328	558286011.735328
230		558286011.735328	558286011.735328
229		558286011.735328	558286011.735328
228		558286011.735328	558286011.735328
227		558286011.735328	558286011.735328
226		558286011.735328	558286011.735328
225		558286011.735328	558286011.735328
224		558286011.735328	558286011.735328
223		558286011.735328	558286011.735328
222		558286011.735328	558286011.735328
221		558286011.735328	558286011.735328
220		558286011.735328	558286011.735328
219		558286011.735328	558286011.735328
218		558286011.735328	558286011.735328
217		558286011.735328	558286011.735328
216		558286011.735328	558286011.735328
215		558286011.735328	558286011.735328
214		558286011.735328	558286011.735328
213		558286011.735328	558286011.735328
212		558286011.735328	558286011.735328
211		558286011.735328	558286011.735328
210		558286011.735328	558286011.735328
209		558286011.735328	558286011.735328
208		558286011.735328	558286011.735328
207		558286011.735328	558286011.735328
206		558286011.735328	558286011.735328
205		558286011.735328	558286011.735328
204		558286011.735328	558286011.735328
203		558286011.735328	558286011.735328
202		558286011.735328	558286011.735328
201		558286011.735328	558286011.735328
200		558286011.735328	558286011.735328
199		558286011.735328	558286011.735328
198		558286011.735328	558286011.735328
197		558286011.735328	558286011.735328
196		558286011.735328	558286011.735328
195		558286011.735328	558286011.735328
194		558286011.735328	558286011.735328
193		558286011.735328	558286011.735328
192		558286011.735328	558286011.735328
191		558286011.735328	558286011.735328
190		558286011.735328	558286011.735328
189		558286011.735328	558286011.735328
188		558286011.735328	558286011.735328
187.2		558286011.735328	558286011.735328
187.1		558286011.735328	558286011.735328
187		558286011.735328	558286011.735328
186		558286011.735328	558286011.735328
185		558286011.735328	558286011.735328
184		558286011.735328	558286011.735328
183		558286011.735328	558286011.735328
182		558286011.735328	558286011.735328
181		558286011.735328	558286011.735328
180		558286011.735328	558286011.735328
179		558286011.735328	558286011.735328
178		558286011.735328	558286011.735328
177		558286011.735328	558286011.735328
176		558286011.735328	558286011.735328
175		558286011.735328	558286011.735328
174		558286011.735328	558286011.735328
173		558286011.735328	558286011.735328
172.3		558286011.735328	558286011.735328
172.2		558286011.735328	558286011.735328
172.1		558286011.735328	558286011.735328
172		558286011.735328	558286011.735328
171		558286011.735328	558286011.735328
170		558286011.735328	558286011.735328
169		558286011.735328	558286011.735328
168		558286011.735328	558286011.735328
167		558286011.735328	558286011.735328
166		558286011.735328	558286011.735328
165		558286011.735328	558286011.735328
164		558286011.735328	558286011.735328
163		558286011.735328	558286011.735328
162		558286011.735328	558286011.735328
161		558286011.735328	558286011.735328
160		558286011.735328	558286011.735328
159		558286011.735328	558286011.735328
158		558286011.735328	558286011.735328
157		558286011.735328	558286011.735328
156		558286011.735328	558286011.735328
155		558286011.735328	558286011.735328
154.5		558286011.735328	558286011.735328
154		558286011.735328	558286011.735328
153		558286011.735328	558286011.735328
152		558286011.735328	558286011.735328
151		558286011.735328	558286011.735328
150		558286011.735328	558286011.735328
149		558286011.735328	558286011.735328
148		558286011.735328	558286011.735328
147		558286011.735328	558286011.735328
146		558286011.735328	558286011.735328
145		558286011.735328	558286011.735328
144		558286011.735328	558286011.735328
143		558286011.735328	558286011.735328
142		558286011.735328	558286011.735328
141		558286011.735328	558286011.735328
140		558286011.735328	558286011.735328
139		558286011.735328	558286011.735328
138		558286011.735328	558286011.735328
137		558286011.735328	558286011.735328
136		558286011.735328	558286011.735328
135		558286011.735328	558286011.735328
134.2		558286011.735328	558286011.735328
134.1		558286011.735328	558286011.735328
134		558286011.735328	558286011.735328
133		558286011.735328	558286011.735328
132		558286011.735328	558286011.735328
131		558286011.735328	558286011.735328
130		558286011.735328	558286011.735328
129		558286011.735328	558286011.735328
128		558286011.735328	558286011.735328
127		558286011.735328	558286011.735328
126		558286011.735328	558286011.735328
125		558286011.735328	558286011.735328
124		558286011.735328	558286011.735328
123		558286011.735328	558286011.735328
122		558286011.735328	558286011.735328
121		558286011.735328	558286011.735328
120		558286011.735328	558286011.735328
119		558286011.735328	558286011.735328
118		558286011.735328	558286011.735328
117		558286011.735328	558286011.735328
116.2		558286011.735328	558286011.735328
116.1		558286011.735328	558286011.735328
116		558286011.735328	558286011.735328
115		558286011.735328	558286011.735328
114		558286011.735328	558286011.735328
113		558286011.735328	558286011.735328
112		558286011.735328	558286011.735328
111		558286011.735328	558286011.735328
110		558286011.735328	558286011.735328
109		558286011.735328	558286011.735328
108		558286011.735328	558286011.735328
107		558286011.735328	558286011.735328
106		558286011.735328	558286011.735328
105		558286011.735328	558286011.735328
104		558286011.735328	558286011.735328
103		558286011.735328	558286011.735328
102		558286011.735328	558286011.735328
101		558286011.735328	558286011.735328
100		558286011.735328	558286011.735328
99		558286011.735328	558286011.735328
98.3		558286011.735328	558286011.735328
98.2		558286011.735328	558286011.735328
98.1		558286011.735328	558286011.735328
98		558286011.735328	558286011.735328
97		558286011.735328	558286011.735328
96		558286011.735328	558286011.735328
95		558286011.735328	558286011.735328
94		558286011.735328	558286011.735328
93		558286011.735328	558286011.735328
92		558286011.735328	558286011.735328
91		558286011.735328	558286011.735328
90		558286011.735328	558286011.735328
89		558286011.735328	558286011.735328
88		558286011.735328	558286011.735328
87		558286011.735328	558286011.735328
86		558286011.735328	558286011.735328
85		558286011.735328	558286011.735328
84		558286011.735328	558286011.735328
83		558286011.735328	558286011.735328
82		558286011.735328	558286011.735328
81		558286011.735328	558286011.735328
80		558286011.735328	558286011.735328
79.5		558286011.735328	558286011.735328
79		558286011.735328	558286011.735328
78		558286011.735328	558286011.735328
77		558286011.735328	558286011.735328
76		558286011.735328	558286011.735328
75		558286011.735328	558286011.735328
74		558286011.735328	558286011.735328
73		558286011.735328	558286011.735328
72		558286011.735328	558286011.735328
71		558286011.735328	558286011.735328
70		558286011.735328	558286011.735328
69		558286011.735328	558286011.735328
68		558286011.735328	558286011.735328
67		558286011.735328	558286011.735328
66		558286011.735328	558286011.735328
65		558286011.735328	558286011.735328
64		558286011.735328	558286011.735328
63		558286011.735328	558286011.735328
62		558286011.735328	558286011.735328
61		558286011.735328	558286011.735328
60.4		558286011.735328	558286011.735328
60.3		558286011.735328	558286011.735328
60.2		558286011.735328	558286011.735328
60.1		558286011.735328	558286011.735328
60		558286011.735328	558286011.735328
59		558286011.735328	558286011.735328
58		558286011.735328	558286011.735328
57		558286011.735328	558286011.735328
56		558286011.735328	558286011.735328
55		558286011.735328	558286011.735328
54		558286011.735328	558286011.735328
53		558286011.735328	558286011.735328
52		558286011.735328	558286011.735328
51		558286011.735328	558286011.735328
50		558286011.735328	558286011.735328
49		558286011.735328	558286011.735328
48		558286011.735328	558286011.735328
47		558286011.735328	558286011.735328
46		558286011.735328	558286011.735328
45		558286011.735328	558286011.735328
44.5		558286011.735328	558286011.735328
44		558286011.735328	558286011.735328
43		558286011.735328	558286011.735328
42		558286011.735328	558286011.735328
41		558286011.735328	558286011.735328
40		558286011.735328	558286011.735328
39		558286011.735328	558286011.735328
38		558286011.735328	558286011.735328
37		558286011.735328	558286011.735328
36		558286011.735328	558286011.735328
35		558286011.735328	558286011.735328
34		558286011.735328	558286011.735328
33		558286011.735328	558286011.735328
32		558286011.735328	558286011.735328
31		558286011.735328	558286011.735328
30		558286011.735328	558286011.735328
29		558286011.735328	558286011.735328
28		558286011.735328	558286011.735328
27		558286011.735328	558286011.735328
26		558286011.735328	558286011.735328
25		558286011.735328	558286011.735328
24		558286011.735328	558286011.735328
23.5		558286011.735328	558286011.735328
23		558286011.735328	558286011.735328
22		558286011.735328	558286011.735328
21		558286011.735328	558286011.735328
20		558286011.735328	558286011.735328
19		558286011.735328	558286011.735328
18		558286011.735328	558286011.735328
17		558286011.735328	558286011.735328
16		558286011.735328	558286011.735328
15		558286011.735328	558286011.735328
14		558286011.735328	558286011.735328
13		558286011.735328	558286011.735328
12		558286011.735328	558286011.735328
11		558286011.735328	558286011.735328
10		558286011.735328	558286011.735328
9		558286011.735328	558286011.735328
8		558286011.735328	558286011.735328
7		558286011.735328	558286011.735328
6		558286011.735328	558286011.735328
5		558286011.735328	558286011.735328
4		558286011.735328	558286011.735328
3		558286011.735328	558286011.735328
2		558286011.735328	558286011.735328
1		558286011.735328	558286011.735328
250		558368706.761902	558368706.761902
251	007	558368713.004540	558368760.853656
252	024	561134159.285853	561134418.541461
