1	559492968.301029
z13mangadex	Nineteen, Twenty-One	13	559191886.926719	B	https://mangadex.org/title/589/nineteen-twenty-one	559191886.926719
1		559157385.750241	559157605.037866
2		559157605.837882	559157741.826959
3		559157742.121124	559157843.997904
4		559157844.274056	559158078.892776
5		559158079.159567	559158339.153080
6		559158339.466079	559158505.549497
7		559158505.843270	559158610.570136
8		559158610.921006	559160046.160271
9	-	559191851.539053	559191854.325072
10		559160056.596515	559160059.073784
11	-	559160171.555584	559160174.570265
21	001	559191844.137861	559191846.762988
20		559191868.797050	559191871.800972
19		559191872.048879	559191876.993749
18		559191877.226329	559191878.907738
17		559191879.159658	559191880.404806
16		559191880.662511	559191881.872942
15		559191882.126324	559191883.373392
14		559191883.596706	559191886.689133
13	-	559191886.926719	559191888.998289
