1	568594341.723019
z13mangadex	Hero? I Quit A Long Time Ago.	51	568594281.183932	B	https://mangadex.org/title/23368/hero-i-quit-a-long-time-ago	568594281.183932
26	018	556122897.360655	556122932.545251
25		555004439.715591	555004439.715591
24		555004439.715591	555004439.715591
23		555004439.715591	555004439.715591
22		555004439.715591	555004439.715591
21		555004439.715591	555004439.715591
20		555004439.715591	555004439.715591
19		555004439.715591	555004439.715591
18		555004439.715591	555004439.715591
17		555004439.715591	555004439.715591
16		555004439.715591	555004439.715591
15		555004439.715591	555004439.715591
14		555004439.715591	555004439.715591
13		555004439.715591	555004439.715591
12		555004439.715591	555004439.715591
11		555004439.715591	555004439.715591
10		555004439.715591	555004439.715591
9		555004439.715591	555004439.715591
8		555004439.715591	555004439.715591
7		555004439.715591	555004439.715591
6		555004439.715591	555004439.715591
5		555004439.715591	555004439.715591
4		555004439.715591	555004439.715591
3		555004439.715591	555004439.715591
2		555004439.715591	555004439.715591
1		555004439.715591	555004439.715591
27	016	556122762.407071	556122894.554513
28		557850310.289905	557850311.990436
29		557850312.527018	557850388.464389
30	018	557850389.069305	557850510.575908
31		558051360.685575	558051424.269884
32	018	558051424.910065	558051487.184958
33		558188557.892391	558188636.035686
34	019	558188636.410272	558188708.924483
35	015	558275939.080758	558275977.109452
36	024	559608318.449202	559608500.937041
37	018	560356878.117565	560356924.846996
38		561907877.988665	561907879.047303
39		561907880.381802	561907941.985249
40	014	561907942.619622	561907979.422860
41	015	562513572.222227	562513637.209229
42	020	563239251.666384	563239311.765164
43	019	563731028.666666	563731203.517276
44	001	564326690.076765	565570335.180801
45		564930715.756844	565570334.714558
46		565570143.412160	565570334.608969
47	018	566318035.586702	566318226.058164
48	016	566778862.643329	566778935.319897
49	017	567440817.417949	567440868.896672
50	019	567974397.196770	567974513.253815
51	016	568594281.183932	568594341.722292
