1	558985059.188266
z13mangadex	Terra Formars	8	493017072.166588	B	http://www.mangahere.co/manga/the_elementary_school_student_that_i_love/	493017072.166588
213		558985012.345102	558985012.345102
212		558985012.345102	558985012.345102
211		558985012.345102	558985012.345102
210		558985012.345102	558985012.345102
209		558985012.345102	558985012.345102
208		558985012.345102	558985012.345102
207		558985012.345102	558985012.345102
206		558985012.345102	558985012.345102
205		558985012.345102	558985012.345102
204		558985012.345102	558985012.345102
203		558985012.345102	558985012.345102
202		558985012.345102	558985012.345102
201		558985012.345102	558985012.345102
200		558985012.345102	558985012.345102
199		558985012.345102	558985012.345102
198		558985012.345102	558985012.345102
197		558985012.345102	558985012.345102
196		558985012.345102	558985012.345102
195		558985012.345102	558985012.345102
194		558985012.345102	558985012.345102
193		558985012.345102	558985012.345102
192		558985012.345102	558985012.345102
191		558985012.345102	558985012.345102
190		558985012.345102	558985012.345102
189		558985012.345102	558985012.345102
188		558985012.345102	558985012.345102
187		558985012.345102	558985012.345102
186		558985012.345102	558985012.345102
185		558985012.345102	558985012.345102
184		558985012.345102	558985012.345102
183		558985012.345102	558985012.345102
182		558985012.345102	558985012.345102
181		558985012.345102	558985012.345102
180		558985012.345102	558985012.345102
179		558985012.345102	558985012.345102
178		558985012.345102	558985012.345102
177		558985012.345102	558985012.345102
176		558985012.345102	558985012.345102
175		558985012.345102	558985012.345102
174		558985012.345102	558985012.345102
173		558985012.345102	558985012.345102
172		558985012.345102	558985012.345102
171		558985012.345102	558985012.345102
170		558985012.345102	558985012.345102
169		558985012.345102	558985012.345102
168		558985012.345102	558985012.345102
167		558985012.345102	558985012.345102
166		558985012.345102	558985012.345102
165		558985012.345102	558985012.345102
164		558985012.345102	558985012.345102
163		558985012.345102	558985012.345102
162		558985012.345102	558985012.345102
161		558985012.345102	558985012.345102
160		558985012.345102	558985012.345102
151		558985012.345102	558985012.345102
150		558985012.345102	558985012.345102
149		558985012.345102	558985012.345102
148		558985012.345102	558985012.345102
147		558985012.345102	558985012.345102
146		558985012.345102	558985012.345102
145		558985012.345102	558985012.345102
144		558985012.345102	558985012.345102
143		558985012.345102	558985012.345102
142		558985012.345102	558985012.345102
141		558985012.345102	558985012.345102
140		558985012.345102	558985012.345102
139		558985012.345102	558985012.345102
138		558985012.345102	558985012.345102
137		558985012.345102	558985012.345102
136		558985012.345102	558985012.345102
135		558985012.345102	558985012.345102
134		558985012.345102	558985012.345102
133		558985012.345102	558985012.345102
132		558985012.345102	558985012.345102
131		558985012.345102	558985012.345102
130		558985012.345102	558985012.345102
129		558985012.345102	558985012.345102
128		558985012.345102	558985012.345102
127		558985012.345102	558985012.345102
126		558985012.345102	558985012.345102
125		558985012.345102	558985012.345102
124		558985012.345102	558985012.345102
123		558985012.345102	558985012.345102
122		558985012.345102	558985012.345102
121		558985012.345102	558985012.345102
120		558985012.345102	558985012.345102
119		558985012.345102	558985012.345102
118		558985012.345102	558985012.345102
117		558985012.345102	558985012.345102
116		558985012.345102	558985012.345102
115		558985012.345102	558985012.345102
114		558985012.345102	558985012.345102
113		558985012.345102	558985012.345102
112		558985012.345102	558985012.345102
111		558985012.345102	558985012.345102
110		558985012.345102	558985012.345102
109		558985012.345102	558985012.345102
108		558985012.345102	558985012.345102
107		558985012.345102	558985012.345102
106		558985012.345102	558985012.345102
105		558985012.345102	558985012.345102
104		558985012.345102	558985012.345102
103		558985012.345102	558985012.345102
102		558985012.345102	558985012.345102
101		558985012.345102	558985012.345102
100		558985012.345102	558985012.345102
99		558985012.345102	558985012.345102
98		558985012.345102	558985012.345102
97		558985012.345102	558985012.345102
96		558985012.345102	558985012.345102
95		558985012.345102	558985012.345102
94		558985012.345102	558985012.345102
93		558985012.345102	558985012.345102
92		558985012.345102	558985012.345102
91		558985012.345102	558985012.345102
90		558985012.345102	558985012.345102
89		558985012.345102	558985012.345102
88		558985012.345102	558985012.345102
87		558985012.345102	558985012.345102
86		558985012.345102	558985012.345102
85		558985012.345102	558985012.345102
84		558985012.345102	558985012.345102
83		558985012.345102	558985012.345102
82		558985012.345102	558985012.345102
81		558985012.345102	558985012.345102
80		558985012.345102	558985012.345102
79		558985012.345102	558985012.345102
78		558985012.345102	558985012.345102
77		558985012.345102	558985012.345102
76		558985012.345102	558985012.345102
75		558985012.345102	558985012.345102
74		558985012.345102	558985012.345102
73		558985012.345102	558985012.345102
72		558985012.345102	558985012.345102
71		558985012.345102	558985012.345102
70		558985012.345102	558985012.345102
69		558985012.345102	558985012.345102
68		558985012.345102	558985012.345102
67		558985012.345102	558985012.345102
66		558985012.345102	558985012.345102
65		558985012.345102	558985012.345102
64		558985012.345102	558985012.345102
63		558985012.345102	558985012.345102
62		558985012.345102	558985012.345102
61		558985012.345102	558985012.345102
60		558985012.345102	558985012.345102
59		558985012.345102	558985012.345102
58		558985012.345102	558985012.345102
57		558985012.345102	558985012.345102
56		558985012.345102	558985012.345102
55		558985012.345102	558985012.345102
54		558985012.345102	558985012.345102
53		558985012.345102	558985012.345102
52		558985012.345102	558985012.345102
51		558985012.345102	558985012.345102
50		558985012.345102	558985012.345102
49		558985012.345102	558985012.345102
48		558985012.345102	558985012.345102
47		558985012.345102	558985012.345102
46		558985012.345102	558985012.345102
45		558985012.345102	558985012.345102
44		558985012.345102	558985012.345102
43		558985012.345102	558985012.345102
42		558985012.345102	558985012.345102
41		558985012.345102	558985012.345102
40		558985012.345102	558985012.345102
39		558985012.345102	558985012.345102
38		558985012.345102	558985012.345102
37		558985012.345102	558985012.345102
36		558985012.345102	558985012.345102
35		558985012.345102	558985012.345102
34		558985012.345102	558985012.345102
33		558985012.345102	558985012.345102
32		558985012.345102	558985012.345102
31		558985012.345102	558985012.345102
30		558985012.345102	558985012.345102
29		558985012.345102	558985012.345102
28		558985012.345102	558985012.345102
27		558985012.345102	558985012.345102
26		558985012.345102	558985012.345102
25		558985012.345102	558985012.345102
24		558985012.345102	558985012.345102
23		558985012.345102	558985012.345102
22		558985012.345102	558985012.345102
21		558985012.345102	558985012.345102
20		558985012.345102	558985012.345102
19		558985012.345102	558985012.345102
18		558985012.345102	558985012.345102
17		558985012.345102	558985012.345102
16		558985012.345102	558985012.345102
15		558985012.345102	558985012.345102
14		558985012.345102	558985012.345102
13		558985012.345102	558985012.345102
12		558985012.345102	558985012.345102
11		558985012.345102	558985012.345102
10		558985012.345102	558985012.345102
9		558985012.345102	558985012.345102
8		558985012.345102	558985012.345102
7		558985012.345102	558985012.345102
6-2		558985012.345102	558985012.345102
VOL2 5		558985012.345102	558985012.345102
VOL2 4		558985012.345102	558985012.345102
VOL2 3		558985012.345102	558985012.345102
VOL2 2		558985012.345102	558985012.345102
VOL2 1		558985012.345102	558985012.345102
6		558985012.345102	558985012.345102
5		558985012.345102	558985012.345102
4		558985012.345102	558985012.345102
3		558985012.345102	558985012.345102
2		558985012.345102	558985012.345102
1		558985012.345102	558985012.345102
0		558985012.345102	558985012.345102
