1	568436854.174352
z13mangadex	The Man Who Cleans Up Makeup	26	568436722.716962	B	https://mangadex.org/title/30641/the-man-who-cleans-up-makeup	568436722.716962
1		563126896.629367	563127009.195808
2		563127009.456047	563127115.249812
3		563127115.877339	563127264.648256
4		563127265.242359	563127424.554909
5		563127424.837867	563127563.127218
6		563127563.443437	563127666.014271
7		563127666.317776	563127796.870665
8		563127797.187898	563127903.661751
9	013	563127904.049996	563128010.125067
10	013	563376416.424211	563376549.048238
11		563988786.858227	563988854.807423
12	022	563988855.081110	563988960.935846
13		564849167.445500	564849298.958439
14		564849299.285867	564849392.762473
15	015	564849393.082119	564849480.065659
16	014	565198954.364870	565199060.627041
17	011	565633130.565977	565633540.313262
18	012	565806589.357758	565806685.688112
19		567182908.265730	567183019.695842
20		567183020.074438	567183141.717783
21		567183142.163158	567183247.422135
22	012	567183247.669113	567183396.447608
23	011	567540399.311696	567540545.541993
24		568419372.652087	568436614.146105
25		568436614.462041	568436722.366324
26	013	568436722.716962	568436852.179451
