1	565026674.046706
z13mangadex	Nanatsu no Taizai	291	565026578.407567	L	https://mangadex.org/title/7195/nanatsu-no-taizai	565026578.407567
290		565026515.888450	565026578.109466
291	019	565026578.407567	565026670.268301
289		565026673.429376	565026673.429376
288		565026673.429376	565026673.429376
286		565026673.429376	565026673.429376
285		565026673.429376	565026673.429376
284		565026673.429376	565026673.429376
283		565026673.429376	565026673.429376
282		565026673.429376	565026673.429376
275		565026673.429376	565026673.429376
275.5		565026673.429376	565026673.429376
266.2		565026673.429376	565026673.429376
266.1		565026673.429376	565026673.429376
258.4		565026673.429376	565026673.429376
258.3		565026673.429376	565026673.429376
258.2		565026673.429376	565026673.429376
258.1		565026673.429376	565026673.429376
256		565026673.429376	565026673.429376
249.3		565026673.429376	565026673.429376
249.2		565026673.429376	565026673.429376
249.1		565026673.429376	565026673.429376
231.2		565026673.429376	565026673.429376
231.1		565026673.429376	565026673.429376
222.2		565026673.429376	565026673.429376
222.1		565026673.429376	565026673.429376
213.5		565026673.429376	565026673.429376
206.4		565026673.429376	565026673.429376
206.3		565026673.429376	565026673.429376
206.1		565026673.429376	565026673.429376
204		565026673.429376	565026673.429376
203		565026673.429376	565026673.429376
202		565026673.429376	565026673.429376
201		565026673.429376	565026673.429376
200		565026673.429376	565026673.429376
199		565026673.429376	565026673.429376
198		565026673.429376	565026673.429376
197.3		565026673.429376	565026673.429376
197.2		565026673.429376	565026673.429376
197.1		565026673.429376	565026673.429376
197		565026673.429376	565026673.429376
196		565026673.429376	565026673.429376
195		565026673.429376	565026673.429376
194		565026673.429376	565026673.429376
193		565026673.429376	565026673.429376
192		565026673.429376	565026673.429376
191		565026673.429376	565026673.429376
190		565026673.429376	565026673.429376
189		565026673.429376	565026673.429376
188.3		565026673.429376	565026673.429376
188.2		565026673.429376	565026673.429376
188.1		565026673.429376	565026673.429376
188		565026673.429376	565026673.429376
187		565026673.429376	565026673.429376
186.1		565026673.429376	565026673.429376
186		565026673.429376	565026673.429376
185		565026673.429376	565026673.429376
184		565026673.429376	565026673.429376
183		565026673.429376	565026673.429376
182		565026673.429376	565026673.429376
181		565026673.429376	565026673.429376
180		565026673.429376	565026673.429376
179		565026673.429376	565026673.429376
178		565026673.429376	565026673.429376
177		565026673.429376	565026673.429376
176		565026673.429376	565026673.429376
175		565026673.429376	565026673.429376
174		565026673.429376	565026673.429376
170.5		565026673.429376	565026673.429376
170.2		565026673.429376	565026673.429376
170.1		565026673.429376	565026673.429376
162.2		565026673.429376	565026673.429376
162.1		565026673.429376	565026673.429376
153.2		565026673.429376	565026673.429376
153.1		565026673.429376	565026673.429376
152		565026673.429376	565026673.429376
151		565026673.429376	565026673.429376
150		565026673.429376	565026673.429376
149		565026673.429376	565026673.429376
148		565026673.429376	565026673.429376
147		565026673.429376	565026673.429376
146		565026673.429376	565026673.429376
145		565026673.429376	565026673.429376
144.5		565026673.429376	565026673.429376
144		565026673.429376	565026673.429376
143		565026673.429376	565026673.429376
142		565026673.429376	565026673.429376
141		565026673.429376	565026673.429376
140		565026673.429376	565026673.429376
139		565026673.429376	565026673.429376
138		565026673.429376	565026673.429376
137		565026673.429376	565026673.429376
136		565026673.429376	565026673.429376
135.2		565026673.429376	565026673.429376
135.1		565026673.429376	565026673.429376
135		565026673.429376	565026673.429376
134		565026673.429376	565026673.429376
133		565026673.429376	565026673.429376
132		565026673.429376	565026673.429376
131		565026673.429376	565026673.429376
130		565026673.429376	565026673.429376
129		565026673.429376	565026673.429376
128		565026673.429376	565026673.429376
127		565026673.429376	565026673.429376
126.5		565026673.429376	565026673.429376
126		565026673.429376	565026673.429376
125		565026673.429376	565026673.429376
124		565026673.429376	565026673.429376
123		565026673.429376	565026673.429376
122		565026673.429376	565026673.429376
121.5		565026673.429376	565026673.429376
121		565026673.429376	565026673.429376
120		565026673.429376	565026673.429376
119.1		565026673.429376	565026673.429376
119		565026673.429376	565026673.429376
118		565026673.429376	565026673.429376
117		565026673.429376	565026673.429376
116		565026673.429376	565026673.429376
115.1		565026673.429376	565026673.429376
115		565026673.429376	565026673.429376
114		565026673.429376	565026673.429376
113		565026673.429376	565026673.429376
112.1		565026673.429376	565026673.429376
112		565026673.429376	565026673.429376
111		565026673.429376	565026673.429376
110		565026673.429376	565026673.429376
109		565026673.429376	565026673.429376
108		565026673.429376	565026673.429376
107		565026673.429376	565026673.429376
106		565026673.429376	565026673.429376
105		565026673.429376	565026673.429376
104.5		565026673.429376	565026673.429376
104		565026673.429376	565026673.429376
103		565026673.429376	565026673.429376
102		565026673.429376	565026673.429376
101		565026673.429376	565026673.429376
100		565026673.429376	565026673.429376
99		565026673.429376	565026673.429376
98		565026673.429376	565026673.429376
97		565026673.429376	565026673.429376
96.1		565026673.429376	565026673.429376
96		565026673.429376	565026673.429376
95		565026673.429376	565026673.429376
94		565026673.429376	565026673.429376
93		565026673.429376	565026673.429376
92		565026673.429376	565026673.429376
91		565026673.429376	565026673.429376
90		565026673.429376	565026673.429376
89		565026673.429376	565026673.429376
88		565026673.429376	565026673.429376
87		565026673.429376	565026673.429376
86.5		565026673.429376	565026673.429376
86		565026673.429376	565026673.429376
85		565026673.429376	565026673.429376
84		565026673.429376	565026673.429376
83		565026673.429376	565026673.429376
82		565026673.429376	565026673.429376
81		565026673.429376	565026673.429376
80		565026673.429376	565026673.429376
79		565026673.429376	565026673.429376
78		565026673.429376	565026673.429376
77		565026673.429376	565026673.429376
76		565026673.429376	565026673.429376
75.1		565026673.429376	565026673.429376
75		565026673.429376	565026673.429376
74.1		565026673.429376	565026673.429376
74		565026673.429376	565026673.429376
73.5		565026673.429376	565026673.429376
73.1		565026673.429376	565026673.429376
73		565026673.429376	565026673.429376
72		565026673.429376	565026673.429376
71		565026673.429376	565026673.429376
70		565026673.429376	565026673.429376
69		565026673.429376	565026673.429376
68		565026673.429376	565026673.429376
67		565026673.429376	565026673.429376
66		565026673.429376	565026673.429376
65		565026673.429376	565026673.429376
64		565026673.429376	565026673.429376
63		565026673.429376	565026673.429376
62.5		565026673.429376	565026673.429376
62		565026673.429376	565026673.429376
61		565026673.429376	565026673.429376
60		565026673.429376	565026673.429376
59		565026673.429376	565026673.429376
58		565026673.429376	565026673.429376
57		565026673.429376	565026673.429376
56		565026673.429376	565026673.429376
55		565026673.429376	565026673.429376
54		565026673.429376	565026673.429376
53		565026673.429376	565026673.429376
52		565026673.429376	565026673.429376
51		565026673.429376	565026673.429376
50		565026673.429376	565026673.429376
49		565026673.429376	565026673.429376
48		565026673.429376	565026673.429376
47		565026673.429376	565026673.429376
46		565026673.429376	565026673.429376
45		565026673.429376	565026673.429376
44		565026673.429376	565026673.429376
43		565026673.429376	565026673.429376
42		565026673.429376	565026673.429376
41		565026673.429376	565026673.429376
40		565026673.429376	565026673.429376
39		565026673.429376	565026673.429376
38		565026673.429376	565026673.429376
37.5		565026673.429376	565026673.429376
37		565026673.429376	565026673.429376
36		565026673.429376	565026673.429376
35		565026673.429376	565026673.429376
34		565026673.429376	565026673.429376
33		565026673.429376	565026673.429376
32		565026673.429376	565026673.429376
31		565026673.429376	565026673.429376
30		565026673.429376	565026673.429376
29.5		565026673.429376	565026673.429376
29		565026673.429376	565026673.429376
28		565026673.429376	565026673.429376
27		565026673.429376	565026673.429376
26		565026673.429376	565026673.429376
25		565026673.429376	565026673.429376
24		565026673.429376	565026673.429376
23		565026673.429376	565026673.429376
22.5		565026673.429376	565026673.429376
22		565026673.429376	565026673.429376
21		565026673.429376	565026673.429376
20		565026673.429376	565026673.429376
19		565026673.429376	565026673.429376
18		565026673.429376	565026673.429376
17		565026673.429376	565026673.429376
16		565026673.429376	565026673.429376
15		565026673.429376	565026673.429376
14		565026673.429376	565026673.429376
13		565026673.429376	565026673.429376
12		565026673.429376	565026673.429376
11		565026673.429376	565026673.429376
10		565026673.429376	565026673.429376
9		565026673.429376	565026673.429376
8		565026673.429376	565026673.429376
7		565026673.429376	565026673.429376
6		565026673.429376	565026673.429376
5		565026673.429376	565026673.429376
4		565026673.429376	565026673.429376
3		565026673.429376	565026673.429376
2		565026673.429376	565026673.429376
1		565026673.429376	565026673.429376
0		565026673.429376	565026673.429376
