1	555907730.840209
z13mangadex	Guomin Laogong Dai Huijia	31	555874216.717611	L	https://mangadex.org/manga/20150/guomin-laogong-dai-huijia	555874216.717611
26		555605982.891886	555605982.891886
25		555605982.891886	555605982.891886
24		555605982.891886	555605982.891886
23		555605982.891886	555605982.891886
22		555605982.891886	555605982.891886
21		555605982.891886	555605982.891886
20		555605982.891886	555605982.891886
19		555605982.891886	555605982.891886
18		555605982.891886	555605982.891886
17		555605982.891886	555605982.891886
16		555605982.891886	555605982.891886
15		555605982.891886	555605982.891886
14		555605982.891886	555605982.891886
13		555605982.891886	555605982.891886
12		555605982.891886	555605982.891886
11		555605982.891886	555605982.891886
10		555605982.891886	555605982.891886
9		555605982.891886	555605982.891886
8		555605982.891886	555605982.891886
7		555605982.891886	555605982.891886
6		555605982.891886	555605982.891886
5		555605982.891886	555605982.891886
4		555605982.891886	555605982.891886
3		555605982.891886	555605982.891886
2		555605982.891886	555605982.891886
1		555605982.891886	555605982.891886
31	009	555874216.717611	555874236.423159
30		555907727.217711	555907727.217711
