1	568390444.952231
z13mangadex	Hatsukoi Zombie	142	568390285.170526	L	https://mangadex.org/title/16551/hatsukoi-zombie	568390285.170526
130		555525756.692308	555525756.692308
129	016	559113018.215479	559113039.358768
128		559112948.491918	559113017.456009
127		559112908.545199	559112948.217249
126		559112877.203044	559112908.148304
125	001	555828939.351164	555828941.109614
116		555525756.692308	555525756.692308
115		555525756.692308	555525756.692308
114		555525756.692308	555525756.692308
113		555525756.692308	555525756.692308
112		555525756.692308	555525756.692308
111		555525756.692308	555525756.692308
110		555525756.692308	555525756.692308
109		555525756.692308	555525756.692308
108		555525756.692308	555525756.692308
107.5		555525756.692308	555525756.692308
107		555525756.692308	555525756.692308
106		555525756.692308	555525756.692308
105		555525756.692308	555525756.692308
104		555525756.692308	555525756.692308
103		555525756.692308	555525756.692308
102		555525756.692308	555525756.692308
101		555525756.692308	555525756.692308
100		555525756.692308	555525756.692308
99		555525756.692308	555525756.692308
98		555525756.692308	555525756.692308
97.5		555525756.692308	555525756.692308
97		555525756.692308	555525756.692308
96		555525756.692308	555525756.692308
95		555525756.692308	555525756.692308
94		555525756.692308	555525756.692308
93		555525756.692308	555525756.692308
92		555525756.692308	555525756.692308
91		555525756.692308	555525756.692308
90		555525756.692308	555525756.692308
89		555525756.692308	555525756.692308
88		555525756.692308	555525756.692308
87		555525756.692308	555525756.692308
86		555525756.692308	555525756.692308
85		555525756.692308	555525756.692308
84		555525756.692308	555525756.692308
83		555525756.692308	555525756.692308
82		555525756.692308	555525756.692308
81		555525756.692308	555525756.692308
80		555525756.692308	555525756.692308
79		555525756.692308	555525756.692308
78		555525756.692308	555525756.692308
77		555525756.692308	555525756.692308
76		555525756.692308	555525756.692308
75		555525756.692308	555525756.692308
74		555525756.692308	555525756.692308
73		555525756.692308	555525756.692308
72		555525756.692308	555525756.692308
71		555525756.692308	555525756.692308
70		555525756.692308	555525756.692308
69		555525756.692308	555525756.692308
68		555525756.692308	555525756.692308
67		555525756.692308	555525756.692308
66		555525756.692308	555525756.692308
65		555525756.692308	555525756.692308
64		555525756.692308	555525756.692308
63		555525756.692308	555525756.692308
62		555525756.692308	555525756.692308
61		555525756.692308	555525756.692308
60		555525756.692308	555525756.692308
59		555525756.692308	555525756.692308
58		555525756.692308	555525756.692308
57		555525756.692308	555525756.692308
56		555525756.692308	555525756.692308
55		555525756.692308	555525756.692308
54		555525756.692308	555525756.692308
53		555525756.692308	555525756.692308
52		555525756.692308	555525756.692308
51		555525756.692308	555525756.692308
50		555525756.692308	555525756.692308
49		555525756.692308	555525756.692308
48		555525756.692308	555525756.692308
47.5		555525756.692308	555525756.692308
47		555525756.692308	555525756.692308
46		555525756.692308	555525756.692308
45		555525756.692308	555525756.692308
44		555525756.692308	555525756.692308
43		555525756.692308	555525756.692308
42		555525756.692308	555525756.692308
41		555525756.692308	555525756.692308
40		555525756.692308	555525756.692308
39		555525756.692308	555525756.692308
38		555525756.692308	555525756.692308
37		555525756.692308	555525756.692308
36		555525756.692308	555525756.692308
35		555525756.692308	555525756.692308
34		555525756.692308	555525756.692308
33		555525756.692308	555525756.692308
32		555525756.692308	555525756.692308
31		555525756.692308	555525756.692308
30		555525756.692308	555525756.692308
29		555525756.692308	555525756.692308
28		555525756.692308	555525756.692308
27.5		555525756.692308	555525756.692308
27		555525756.692308	555525756.692308
26		555525756.692308	555525756.692308
25		555525756.692308	555525756.692308
24		555525756.692308	555525756.692308
23		555525756.692308	555525756.692308
22		555525756.692308	555525756.692308
21		555525756.692308	555525756.692308
20		555525756.692308	555525756.692308
19		555525756.692308	555525756.692308
18		555525756.692308	555525756.692308
17.5		555525756.692308	555525756.692308
17		555525756.692308	555525756.692308
16		555525756.692308	555525756.692308
15		555525756.692308	555525756.692308
14		555525756.692308	555525756.692308
13		555525756.692308	555525756.692308
12		555525756.692308	555525756.692308
11		555525756.692308	555525756.692308
10		555525756.692308	555525756.692308
9		555525756.692308	555525756.692308
8		555525756.692308	555525756.692308
7.5		555525756.692308	555525756.692308
7		555525756.692308	555525756.692308
6		555525756.692308	555525756.692308
5		555525756.692308	555525756.692308
4		555525756.692308	555525756.692308
3		555525756.692308	555525756.692308
2		555525756.692308	555525756.692308
1		555525756.692308	555525756.692308
117	21	555740948.462217	555741072.957084
117.5		555828618.209714	555828939.061384
118	019	556208031.187799	556209057.551173
119	018	557022803.823709	557022865.950248
120	019	557410964.620050	557411062.111161
121	021	557669227.979038	557669343.376924
122	020	557929483.747048	557929559.398842
131	018	557929563.073823	557929665.263065
123	018	558503480.524526	558503575.042010
124		559112794.824326	559112876.788789
132	018	559575760.771169	559575846.974258
126-2		559712531.680849	559712531.680849
127-2		560348690.619636	560348690.619636
128-2		560614535.730875	560614535.730875
129-2		561092846.219951	561092846.219951
130-2		561790892.360990	561790892.360990
131-2		562135026.144944	562135026.144944
132-2	002	562651224.479733	562651228.399306
133	020	563121755.022903	563121835.079341
134	020	564586484.139170	564586617.172430
127.5		565015779.319203	565015779.319203
VOL13 127		565015779.319203	565015779.319203
VOL13 126		565015779.319203	565015779.319203
135	020	565243981.846598	565244114.823203
136	019	566027076.881573	566027251.476567
137	019	566832607.144633	566832826.492875
137.5		567232468.548373	567232468.548373
VOL14 132		567232468.548373	567232468.548373
VOL14 131		567232468.548373	567232468.548373
VOL14 130		567232468.548373	567232468.548373
VOL14 129		567232468.548373	567232468.548373
VOL14 128		567232468.548373	567232468.548373
138	019	567612423.001984	567612534.749619
139	021	567746517.118838	567746653.461705
140	019	567948132.946023	567948319.419053
141	018	568181893.698494	568182041.535534
142	022	568390285.170526	568390444.951281
