1	557767551.278582
z13mangadex	Jingai no Yome to Icha Icha suru - Anthology Comic	17	557767389.773370	L	https://mangadex.org/title/22651/jingai-no-yome-to-icha-icha-suru-anthology-comic	557767389.773370
1		557765649.438720	557765739.806036
2		557765740.396624	557765990.567294
3		557765991.223106	557766088.488144
4		557766089.172866	557766180.875853
5		557766181.533696	557766439.493499
6		557766439.835005	557766587.401023
7		557766588.136489	557766649.636657
8		557766650.238042	557766744.391128
9		557766745.046055	557766833.131058
10		557766833.388728	557766921.164676
11		557766921.687117	557767032.807018
12		557767033.090821	557767100.227022
13		557767100.755719	557767184.647535
14		557767185.274843	557767241.197701
15		557767241.791049	557767322.103667
16		557767322.417294	557767389.123509
17	033	557767389.773370	557767551.278140
