1	565832973.681077
z13mangadex	Dragon Ball	520.5	565832948.838291	L	https://mangadex.org/title/3132	565832948.838291
34		565465361.633885	565465428.829248
1		565367638.291581	565367858.692790
2		565419318.751097	565419460.258711
3		565419460.476303	565419544.632969
4		565419544.967109	565419674.488495
5		565419674.806449	565419762.358929
6		565419762.671522	565422058.611579
7		565454352.681348	565454485.145644
8		565454485.480363	565454567.082736
9		565454567.398759	565454657.253139
10		565454657.504331	565454724.822740
11		565454725.089673	565454778.058305
12		565454778.332901	565454901.413832
13		565454901.730443	565455001.385032
14		565455001.672456	565455065.988112
15		565455066.294726	565455165.975698
16		565455166.222586	565455703.947308
17		565455704.207145	565455767.204369
18		565455767.603559	565455815.671165
19		565455815.988047	565456230.970539
20		565456231.230129	565456297.172974
21		565456297.474156	565456361.309286
22		565456361.566063	565456401.226589
23		565456401.512939	565456468.497539
24		565456468.898974	565456512.283019
25		565456512.507768	565456587.686333
26		565456587.992427	565456623.021478
27		565456623.321900	565456681.023879
28		565456681.379666	565456797.425958
29		565456797.817587	565456867.315698
30		565456867.643996	565456911.667720
31		565456911.988927	565465148.918921
32		565465149.254244	565465256.272310
33		565465256.675139	565465361.326233
35		565465429.104869	565465564.434043
36		565465564.788271	565465609.569153
37		565465609.845902	565465665.017828
38		565465665.351212	565465726.056985
39		565465726.380859	565465765.291784
40		565465765.604848	565465816.827014
41		565465817.100391	565465883.479854
42		565465883.734114	565465946.496670
43		565465946.684413	565466001.204748
44		565467166.342089	565467209.078075
45		565467209.314696	565467279.434969
46		565467279.770873	565467364.635125
47		565467365.008600	565467408.670027
48		565467408.996216	565467462.725173
49		565467462.962500	565467509.360404
50		565467509.666692	565467541.011613
51		565467541.298889	565467576.412995
52		565467576.734940	565467630.831802
53		565467631.107817	565467672.830014
54		565467673.241546	565467750.634590
55		565467751.068117	565467789.136487
56		565467789.435011	565468520.263850
57		565468520.579846	565468571.551417
58		565468571.880909	565468599.835896
59		565468600.137960	565469068.290004
60		565469068.592348	565469106.323995
61		565469106.585675	565469166.192503
62		565499847.965559	565500262.347865
63		565500262.609595	565500340.567537
64		565500520.509377	565501297.293595
65		565501297.559890	565502149.490637
66		565502149.863586	565502206.290536
67		565502206.556078	565502301.598130
68		565502302.051495	565502363.214618
69		565502363.449921	565502487.157529
70		565503072.799047	565503130.356124
71		565503130.641019	565503229.558653
72		565544537.029357	565544565.592278
73		565544566.775420	565544656.162676
74		565544656.395292	565544697.814247
75		565544698.083889	565544747.816532
76		565544748.116641	565544795.368165
77		565544796.619462	565544969.846202
78		565544970.163541	565545030.965257
79		565545032.534729	565545086.250863
80		565545086.547694	565545171.485354
81		565545186.374991	565545251.057259
82		565545251.259939	565545290.992941
83		565545291.233754	565545359.026397
84		565545359.732232	565545505.693335
85		565545506.301425	565545568.178654
86		565545568.435641	565545609.080863
87		565545609.391300	565545657.565663
88		565545657.842699	565545859.772486
89		565545860.389920	565546350.852718
90		565546351.066891	565546421.607603
91		565546422.002195	565546532.597392
92		565546533.228971	565546565.665307
93		565546565.920329	565546641.465388
94		565546641.672802	565546863.855046
95		565546864.142099	565546940.857310
96		565546941.117601	565546968.741784
97		565546969.103983	565547095.488453
98		565547095.721219	565547163.512526
99		565547163.794886	565547226.965627
100		565547227.209566	565547285.150468
101		565547285.491411	565547332.469177
102		565547332.681461	565547363.653512
103		565547363.921057	565547394.888317
104		565547395.153770	565547422.706035
105		565547423.040813	565547463.140814
106		565547463.460428	565547511.876164
107		565547512.112142	565547595.679572
108		565547596.004540	565547695.943469
109		565547699.326497	565568922.287577
110		565569304.811212	565569379.474755
111		565569379.738416	565569415.959500
112		565569416.354776	565569508.296332
113		565569508.658076	565569626.034415
114		565569626.332245	565569685.969927
115		565569686.280038	565569756.239504
116		565587868.103686	565587973.871309
117		565587974.307958	565588021.810462
118		565588022.165447	565588078.429693
119		565588078.794537	565588146.099173
120		565588146.548592	565588244.470116
121		565588244.904693	565588299.403896
122		565588299.840800	565588377.875776
123		565588378.797326	565588424.967731
124		565588425.388747	565588498.689285
125		565588499.550609	565588589.276729
126		565588590.015756	565588638.995648
127		565588639.704208	565588710.581025
128		565588710.983356	565588747.617008
129		565588748.057215	565588786.319153
130		565588786.675713	565588830.437714
131		565588830.850454	565588886.473610
132		565588886.912612	565588934.123594
133		565588934.375498	565588976.594587
134		565588976.892451	565589068.648513
135		565589068.984900	565589148.318806
136		565589148.650630	565589188.820598
137		565589189.092316	565589232.539236
138		565589232.816060	565589274.441161
139		565589274.814043	565589328.710168
140		565589329.082932	565589373.845800
141		565589374.177771	565589588.905839
142		565589589.589696	565589644.041165
143		565589644.475248	565589691.993279
144		565589692.358376	565589736.628737
145		565589737.436795	565589795.331709
146		565589795.651487	565589839.000132
147		565589839.346288	565589876.380684
148		565589877.074720	565589919.432904
149		565589919.723151	565589949.602977
150		565589949.855742	565590009.474533
151		565590009.841066	565590061.660192
152		565590061.961671	565590122.859109
153		565590123.197936	565590180.923309
154		565590181.211362	565590213.108702
155		565590213.424937	565590244.393536
156		565590244.675444	565590275.378205
157		565590275.680021	565590299.262641
158		565590299.854525	565590345.031385
159		565590345.335033	565590380.399799
160		565590380.850009	565590419.518295
161		565590419.839842	565590470.703881
162		565590471.150642	565590540.207099
163		565590540.524063	565590591.674374
164		565590591.999961	565590691.378898
165		565590692.066748	565590780.481067
166		565590780.771377	565590874.572393
167		565590887.204180	565591249.081551
168		565591249.444484	565591324.083202
169		565591324.390052	565591432.237939
170		565591432.513467	565591488.057100
171		565591488.434848	565591591.890902
172		565591592.479814	565591637.213998
173		565591637.529248	565591679.583162
174		565591679.924845	565591738.702115
175		565591739.405713	565591807.802695
176		565591808.052175	565591840.586203
177		565591840.805518	565591890.119708
178		565591890.343299	565591938.866802
179		565591939.193552	565591988.768960
180		565591989.057766	565592051.471884
181		565592051.833175	565592121.474907
182		565592121.758070	565592157.376637
183		565592157.653741	565592192.609814
184		565592192.943710	565592224.046192
185		565592224.381279	565592268.465064
186		565592268.706883	565592326.901013
187		565592327.293450	565592363.400602
188		565592363.641753	565592412.905139
189		565592413.353821	565592438.439322
190		565592438.796201	565592475.924502
191		565592476.284542	565592500.855549
192		565592501.158918	565592535.043801
193		565592535.370474	565592556.608029
194		565592556.978989	565592661.499556
195		565592661.850729	565592715.185205
196		565592715.491512	565592803.541637
197	014	565592803.754426	565592875.579096
325	002	565592905.849147	565592911.067480
329		565592996.044429	565593005.282317
328		565592992.063340	565592992.063340
327		565592992.063340	565592992.063340
326		565592992.063340	565592992.063340
324		565592992.063340	565592992.063340
323		565592992.063340	565592992.063340
322		565592992.063340	565592992.063340
321		565592992.063340	565592992.063340
320		565592992.063340	565592992.063340
319		565592992.063340	565592992.063340
318		565592992.063340	565592992.063340
317		565592992.063340	565592992.063340
316		565592992.063340	565592992.063340
315		565592992.063340	565592992.063340
314		565592992.063340	565592992.063340
313		565592992.063340	565592992.063340
312		565592992.063340	565592992.063340
311		565592992.063340	565592992.063340
310		565592992.063340	565592992.063340
309		565592992.063340	565592992.063340
308		565592992.063340	565592992.063340
307		565592992.063340	565592992.063340
306		565592992.063340	565592992.063340
305		565592992.063340	565592992.063340
304		565592992.063340	565592992.063340
303		565592992.063340	565592992.063340
302		565592992.063340	565592992.063340
301		565592992.063340	565592992.063340
300		565592992.063340	565592992.063340
299		565592992.063340	565592992.063340
298		565592992.063340	565592992.063340
297		565592992.063340	565592992.063340
296		565592992.063340	565592992.063340
295		565592992.063340	565592992.063340
294		565592992.063340	565592992.063340
293		565592992.063340	565592992.063340
292		565592992.063340	565592992.063340
291		565592992.063340	565592992.063340
290		565592992.063340	565592992.063340
289		565592992.063340	565592992.063340
288		565592992.063340	565592992.063340
287		565592992.063340	565592992.063340
286		565592992.063340	565592992.063340
285		565592992.063340	565592992.063340
284		565592992.063340	565592992.063340
283		565592992.063340	565592992.063340
282		565592992.063340	565592992.063340
281		565592992.063340	565592992.063340
280		565592992.063340	565592992.063340
279		565592992.063340	565592992.063340
278		565592992.063340	565592992.063340
277		565592992.063340	565592992.063340
276		565592992.063340	565592992.063340
275		565592992.063340	565592992.063340
274		565592992.063340	565592992.063340
273		565592992.063340	565592992.063340
272		565592992.063340	565592992.063340
271		565592992.063340	565592992.063340
270		565592992.063340	565592992.063340
269		565592992.063340	565592992.063340
268		565592992.063340	565592992.063340
267		565592992.063340	565592992.063340
266		565592992.063340	565592992.063340
265		565592992.063340	565592992.063340
264		565592992.063340	565592992.063340
263		565592992.063340	565592992.063340
262		565592992.063340	565592992.063340
261		565592992.063340	565592992.063340
260		565592992.063340	565592992.063340
259		565592992.063340	565592992.063340
258		565592992.063340	565592992.063340
257		565592992.063340	565592992.063340
256		565592992.063340	565592992.063340
255		565592992.063340	565592992.063340
254		565592992.063340	565592992.063340
253		565592992.063340	565592992.063340
252		565592992.063340	565592992.063340
251		565592992.063340	565592992.063340
250		565592992.063340	565592992.063340
249		565592992.063340	565592992.063340
248		565592992.063340	565592992.063340
247		565592992.063340	565592992.063340
246		565592992.063340	565592992.063340
245		565592992.063340	565592992.063340
244		565592992.063340	565592992.063340
243		565592992.063340	565592992.063340
242		565592992.063340	565592992.063340
241		565592992.063340	565592992.063340
240		565592992.063340	565592992.063340
239		565592992.063340	565592992.063340
238		565592992.063340	565592992.063340
237		565592992.063340	565592992.063340
236		565592992.063340	565592992.063340
235		565592992.063340	565592992.063340
234		565592992.063340	565592992.063340
233		565592992.063340	565592992.063340
232		565592992.063340	565592992.063340
231		565592992.063340	565592992.063340
230		565592992.063340	565592992.063340
229		565592992.063340	565592992.063340
228		565592992.063340	565592992.063340
227		565592992.063340	565592992.063340
226		565592992.063340	565592992.063340
225		565592992.063340	565592992.063340
224		565592992.063340	565592992.063340
223		565592992.063340	565592992.063340
222		565592992.063340	565592992.063340
221		565592992.063340	565592992.063340
220		565592992.063340	565592992.063340
219		565592992.063340	565592992.063340
218		565592992.063340	565592992.063340
217		565592992.063340	565592992.063340
216		565592992.063340	565592992.063340
215		565592992.063340	565592992.063340
214		565592992.063340	565592992.063340
213		565592992.063340	565592992.063340
212		565592992.063340	565592992.063340
211		565592992.063340	565592992.063340
210		565592992.063340	565592992.063340
209		565592992.063340	565592992.063340
208		565592992.063340	565592992.063340
207		565592992.063340	565592992.063340
206		565592992.063340	565592992.063340
205		565592992.063340	565592992.063340
204		565592992.063340	565592992.063340
203		565592992.063340	565592992.063340
202		565592992.063340	565592992.063340
201		565592992.063340	565592992.063340
200		565592992.063340	565592992.063340
199		565592992.063340	565592992.063340
198		565592992.063340	565592992.063340
330		565593005.524880	565593055.968078
331		565593056.184341	565593101.369956
332		565593101.737541	565593141.871631
333		565593142.190845	565593239.576122
334		565593239.885548	565593313.212653
335		565593313.506654	565593391.216237
336		565593391.472680	565593714.548490
337		565593714.762323	565593780.320795
338		565593780.565818	565593825.306260
339		565593825.680172	565593879.675181
340		565593879.994727	565593920.043809
341		565593920.346506	565593956.745161
342		565593956.985875	565594014.930040
343		565594015.268899	565594069.967185
344		565594070.365977	565594113.685716
345		565641859.145400	565641915.134316
346		565641915.431943	565641962.167628
347		565641962.416313	565642046.969158
348		565642047.234157	565642214.493325
349		565642214.771302	565642269.994604
350		565642270.325023	565642328.668320
351		565642328.923642	565642376.970295
352		565642377.180627	565642414.555212
353		565642414.779868	565642526.511157
354		565642526.759158	565642573.995199
355		565642574.590173	565642659.882147
356		565642660.228513	565643085.266475
357		565643085.532980	565643223.199340
358		565643223.431481	565643298.966755
359		565643299.203584	565643341.854276
360		565643342.193452	565648803.481707
361		565648803.880979	565648864.420571
362		565648864.893087	565648905.672063
363		565648906.353806	565649025.538787
364		565649025.850566	565649091.102777
365		565649091.476353	565649143.404298
366		565649143.747850	565649276.059335
367		565649276.597784	565649330.679008
368		565649331.285126	565649388.943832
369		565649389.249677	565649462.767827
370		565649463.923555	565649527.886575
371		565649529.581881	565649586.822383
372		565649587.206900	565649629.340654
373		565649629.791250	565649691.388583
374		565649691.957513	565649747.020582
421		565660363.559613	565660412.995180
422		565660413.404117	565660505.548582
423		565660506.283798	565660560.500630
424		565660560.959873	565672772.926103
425		565672774.024173	565672843.526312
426		565672846.224504	565673246.009136
427		565673246.694001	565673363.081670
428		565673363.485281	565673502.374093
429		565673503.036528	565673652.230335
430		565673652.596351	565673871.852652
431		565673872.500923	565673999.863849
432		565674000.308902	565674103.168121
433		565674104.069281	565674179.687078
434		565674180.452680	565674257.157797
435		565674257.483731	565674754.816891
436		565674755.215858	565674873.998850
437		565674874.373684	565674965.122610
438		565674965.553095	565675069.977094
439		565675070.394384	565675125.945924
440		565675126.409440	565675181.414947
441		565675181.710898	565675218.111505
442		565675218.446761	565675282.302267
443		565675282.669189	565675381.589609
444		565675381.894315	565675449.625663
445		565675449.993229	565675564.563747
446		565806944.148261	565807010.377231
447		565807011.121205	565807071.113221
448		565807071.450461	565807109.764578
449		565807110.092050	565807160.550162
450		565807160.858403	565807195.451605
451		565807195.755152	565807243.086060
452		565807243.336377	565807293.722200
453		565807294.039647	565807361.191566
454		565807361.459593	565807429.274057
455		565807429.603088	565811195.302624
456		565811195.556023	565811239.204227
457		565811239.489134	565811293.573197
458		565811293.866769	565811348.058680
459		565811348.335456	565812218.758262
460		565812219.503153	565812267.365690
461		565812267.701063	565812314.915136
462		565812315.604926	565812909.179324
463		565812909.516630	565812981.898608
464		565812982.172616	565829051.255094
465		565829051.766681	565829085.101449
466		565829085.548048	565829140.904151
467		565829141.267957	565829202.424975
468		565829202.902046	565829265.325187
469		565829265.774162	565829381.094919
470		565829381.469327	565829430.350652
471		565829430.734352	565829482.018883
472		565829482.397641	565829540.987922
473		565829541.435295	565829625.724572
474		565829626.415211	565829703.560848
475		565829703.936917	565829751.829847
476		565829752.277527	565829812.264939
477		565829812.696018	565829884.417825
478		565829884.887143	565829965.654432
479		565829965.911936	565830076.708616
480		565830077.207605	565830136.477738
481		565830136.890107	565830215.047366
482		565830215.303776	565830258.165805
483		565830258.547175	565830339.715199
484		565830340.058031	565830383.387130
485		565830383.692225	565830421.155443
486		565830421.566936	565830459.290175
487		565830459.585751	565830515.523570
488		565830515.879052	565830583.928591
489		565830584.387558	565830650.964016
490		565830651.352417	565830686.915516
491		565830687.188048	565830741.350913
492		565830741.662123	565830804.487061
493		565830804.745368	565830853.818568
494		565830854.062695	565830897.023756
495		565830897.306825	565830935.191823
496		565830935.618548	565830988.277265
497		565830988.644857	565831025.728714
498		565831026.033176	565831125.632581
499		565831126.355069	565831168.850730
500		565831169.188576	565831236.586578
501		565831236.867960	565831327.256671
502		565831327.562124	565831403.295781
503		565831403.601211	565831457.912362
504	013	565831520.743792	565831522.519024
520.5	004	565832948.838291	565832971.874061
