1	557941149.654920
z13mangadex	Momoiro Ningyo			L	https://mangadex.org/title/16685/momoiro-ningyo	0.000000
24		557941139.648696	557941139.648696
23		557941139.648696	557941139.648696
22		557941139.648696	557941139.648696
21		557941139.648696	557941139.648696
20		557941139.648696	557941139.648696
19		557941139.648696	557941139.648696
18.5		557941139.648696	557941139.648696
18		557941139.648696	557941139.648696
17		557941139.648696	557941139.648696
16		557941139.648696	557941139.648696
15		557941139.648696	557941139.648696
14		557941139.648696	557941139.648696
13		557941139.648696	557941139.648696
12		557941139.648696	557941139.648696
11		557941139.648696	557941139.648696
10		557941139.648696	557941139.648696
9		557941139.648696	557941139.648696
8		557941139.648696	557941139.648696
7		557941139.648696	557941139.648696
6		557941139.648696	557941139.648696
5		557941139.648696	557941139.648696
4		557941139.648696	557941139.648696
