1	555950812.546785
z13mangadex	Kanojo ga Flag wo Oraretara			L	https://mangadex.org/manga/6893/kanojo-ga-flag-wo-oraretara	0.000000
23		555950811.948148	555950811.948148
22		555950811.948148	555950811.948148
21		555950811.948148	555950811.948148
20		555950811.948148	555950811.948148
19		555950811.948148	555950811.948148
18		555950811.948148	555950811.948148
17		555950811.948148	555950811.948148
16		555950811.948148	555950811.948148
15		555950811.948148	555950811.948148
14		555950811.948148	555950811.948148
13		555950811.948148	555950811.948148
12		555950811.948148	555950811.948148
11		555950811.948148	555950811.948148
10		555950811.948148	555950811.948148
9		555950811.948148	555950811.948148
8		555950811.948148	555950811.948148
7		555950811.948148	555950811.948148
6		555950811.948148	555950811.948148
5.5		555950811.948148	555950811.948148
5		555950811.948148	555950811.948148
4		555950811.948148	555950811.948148
3		555950811.948148	555950811.948148
2		555950811.948148	555950811.948148
1		555950811.948148	555950811.948148
