1	568085107.856102
z13mangadex	If You're Gonna Dress Up, Do It Like This	38	568084862.954603	L	https://mangadex.org/title/21162/if-you-re-gonna-dress-up-do-it-like-this	568084862.954603
36	019	555949931.894251	555950013.865686
35		555949923.291986	555949923.291986
34		555949923.291986	555949923.291986
33		555949923.291986	555949923.291986
32.5		555949923.291986	555949923.291986
32		555949923.291986	555949923.291986
31		555949923.291986	555949923.291986
30		555949923.291986	555949923.291986
29		555949923.291986	555949923.291986
28		555949923.291986	555949923.291986
27		555949923.291986	555949923.291986
26		555949923.291986	555949923.291986
25		555949923.291986	555949923.291986
24.5		555949923.291986	555949923.291986
24		555949923.291986	555949923.291986
23		555949923.291986	555949923.291986
22		555949923.291986	555949923.291986
21		555949923.291986	555949923.291986
20		555949923.291986	555949923.291986
19		555949923.291986	555949923.291986
18		555949923.291986	555949923.291986
17		555949923.291986	555949923.291986
16.2		555949923.291986	555949923.291986
16.1		555949923.291986	555949923.291986
16		555949923.291986	555949923.291986
15		555949923.291986	555949923.291986
14		555949923.291986	555949923.291986
13		555949923.291986	555949923.291986
12		555949923.291986	555949923.291986
11		555949923.291986	555949923.291986
10		555949923.291986	555949923.291986
9		555949923.291986	555949923.291986
8		555949923.291986	555949923.291986
7		555949923.291986	555949923.291986
6		555949923.291986	555949923.291986
5		555949923.291986	555949923.291986
4		555949923.291986	555949923.291986
3		555949923.291986	555949923.291986
2		555949923.291986	555949923.291986
1		555949923.291986	555949923.291986
37	018	561145068.659264	561145180.164654
38	018	568084862.954603	568085106.012736
