1	563732504.775989
z13mangadex	ReLIFE	222	563732346.929978	B	https://mangadex.org/title/14377	563732346.929978
222	036	563732346.929978	563732504.775504
221		563732226.192352	563732346.636838
220		563732008.523284	563732225.515116
219		563731921.591552	563732008.205676
218		563731850.803893	563731921.352265
217		563731764.416674	563731850.531354
216		563731699.906737	563731764.146384
215		563731648.210863	563731699.323155
214		563731591.560121	563731647.972699
213		563731539.639839	563731591.255190
212		563731523.788131	563731523.788131
211		563731523.788131	563731523.788131
210		563731523.788131	563731523.788131
209		563731523.788131	563731523.788131
208		563731523.788131	563731523.788131
207		563731523.788131	563731523.788131
206		563731523.788131	563731523.788131
205		563731523.788131	563731523.788131
204		563731523.788131	563731523.788131
203		563731523.788131	563731523.788131
202		563731523.788131	563731523.788131
201		563731523.788131	563731523.788131
200		563731523.788131	563731523.788131
199		563731523.788131	563731523.788131
198		563731523.788131	563731523.788131
197		563731523.788131	563731523.788131
196		563731523.788131	563731523.788131
195		563731523.788131	563731523.788131
194		563731523.788131	563731523.788131
193		563731523.788131	563731523.788131
192		563731523.788131	563731523.788131
191		563731523.788131	563731523.788131
190		563731523.788131	563731523.788131
189		563731523.788131	563731523.788131
188		563731523.788131	563731523.788131
187		563731523.788131	563731523.788131
186		563731523.788131	563731523.788131
185		563731523.788131	563731523.788131
184		563731523.788131	563731523.788131
183		563731523.788131	563731523.788131
182		563731523.788131	563731523.788131
181		563731523.788131	563731523.788131
180		563731523.788131	563731523.788131
179		563731523.788131	563731523.788131
178		563731523.788131	563731523.788131
177		563731523.788131	563731523.788131
176		563731523.788131	563731523.788131
175		563731523.788131	563731523.788131
174		563731523.788131	563731523.788131
173		563731523.788131	563731523.788131
172		563731523.788131	563731523.788131
171		563731523.788131	563731523.788131
170		563731523.788131	563731523.788131
169		563731523.788131	563731523.788131
168		563731523.788131	563731523.788131
167		563731523.788131	563731523.788131
166		563731523.788131	563731523.788131
165		563731523.788131	563731523.788131
164		563731523.788131	563731523.788131
163		563731523.788131	563731523.788131
162		563731523.788131	563731523.788131
161		563731523.788131	563731523.788131
160		563731523.788131	563731523.788131
159		563731523.788131	563731523.788131
158		563731523.788131	563731523.788131
157		563731523.788131	563731523.788131
156		563731523.788131	563731523.788131
155		563731523.788131	563731523.788131
154		563731523.788131	563731523.788131
153		563731523.788131	563731523.788131
152		563731523.788131	563731523.788131
151		563731523.788131	563731523.788131
150.5		563731523.788131	563731523.788131
150		563731523.788131	563731523.788131
149		563731523.788131	563731523.788131
148		563731523.788131	563731523.788131
147		563731523.788131	563731523.788131
146		563731523.788131	563731523.788131
145		563731523.788131	563731523.788131
144		563731523.788131	563731523.788131
143		563731523.788131	563731523.788131
142		563731523.788131	563731523.788131
141		563731523.788131	563731523.788131
140		563731523.788131	563731523.788131
139		563731523.788131	563731523.788131
138		563731523.788131	563731523.788131
137		563731523.788131	563731523.788131
136		563731523.788131	563731523.788131
135		563731523.788131	563731523.788131
134		563731523.788131	563731523.788131
133		563731523.788131	563731523.788131
132		563731523.788131	563731523.788131
131		563731523.788131	563731523.788131
130		563731523.788131	563731523.788131
129		563731523.788131	563731523.788131
128		563731523.788131	563731523.788131
127		563731523.788131	563731523.788131
126		563731523.788131	563731523.788131
125		563731523.788131	563731523.788131
124		563731523.788131	563731523.788131
123		563731523.788131	563731523.788131
122		563731523.788131	563731523.788131
121		563731523.788131	563731523.788131
120		563731523.788131	563731523.788131
119		563731523.788131	563731523.788131
118		563731523.788131	563731523.788131
117		563731523.788131	563731523.788131
116		563731523.788131	563731523.788131
115		563731523.788131	563731523.788131
114		563731523.788131	563731523.788131
113		563731523.788131	563731523.788131
112		563731523.788131	563731523.788131
111		563731523.788131	563731523.788131
110		563731523.788131	563731523.788131
109		563731523.788131	563731523.788131
108		563731523.788131	563731523.788131
107		563731523.788131	563731523.788131
106		563731523.788131	563731523.788131
105		563731523.788131	563731523.788131
104		563731523.788131	563731523.788131
103		563731523.788131	563731523.788131
102		563731523.788131	563731523.788131
101		563731523.788131	563731523.788131
100		563731523.788131	563731523.788131
99		563731523.788131	563731523.788131
98		563731523.788131	563731523.788131
97.5		563731523.788131	563731523.788131
97		563731523.788131	563731523.788131
96		563731523.788131	563731523.788131
95		563731523.788131	563731523.788131
94		563731523.788131	563731523.788131
93		563731523.788131	563731523.788131
92		563731523.788131	563731523.788131
91		563731523.788131	563731523.788131
90		563731523.788131	563731523.788131
89		563731523.788131	563731523.788131
88		563731523.788131	563731523.788131
87		563731523.788131	563731523.788131
86		563731523.788131	563731523.788131
85		563731523.788131	563731523.788131
84		563731523.788131	563731523.788131
83.5		563731523.788131	563731523.788131
83		563731523.788131	563731523.788131
82		563731523.788131	563731523.788131
81		563731523.788131	563731523.788131
80		563731523.788131	563731523.788131
79		563731523.788131	563731523.788131
78		563731523.788131	563731523.788131
77		563731523.788131	563731523.788131
76		563731523.788131	563731523.788131
75		563731523.788131	563731523.788131
74		563731523.788131	563731523.788131
73		563731523.788131	563731523.788131
72		563731523.788131	563731523.788131
71		563731523.788131	563731523.788131
70		563731523.788131	563731523.788131
69		563731523.788131	563731523.788131
68.5		563731523.788131	563731523.788131
68		563731523.788131	563731523.788131
67		563731523.788131	563731523.788131
66		563731523.788131	563731523.788131
65		563731523.788131	563731523.788131
64		563731523.788131	563731523.788131
63		563731523.788131	563731523.788131
62		563731523.788131	563731523.788131
61		563731523.788131	563731523.788131
60		563731523.788131	563731523.788131
59		563731523.788131	563731523.788131
58		563731523.788131	563731523.788131
57		563731523.788131	563731523.788131
56		563731523.788131	563731523.788131
55		563731523.788131	563731523.788131
54		563731523.788131	563731523.788131
53		563731523.788131	563731523.788131
52.5		563731523.788131	563731523.788131
52		563731523.788131	563731523.788131
51.5		563731523.788131	563731523.788131
51		563731523.788131	563731523.788131
50		563731523.788131	563731523.788131
49		563731523.788131	563731523.788131
48		563731523.788131	563731523.788131
47		563731523.788131	563731523.788131
46		563731523.788131	563731523.788131
45		563731523.788131	563731523.788131
44		563731523.788131	563731523.788131
43		563731523.788131	563731523.788131
42		563731523.788131	563731523.788131
41		563731523.788131	563731523.788131
40		563731523.788131	563731523.788131
39		563731523.788131	563731523.788131
38		563731523.788131	563731523.788131
37		563731523.788131	563731523.788131
36		563731523.788131	563731523.788131
35		563731523.788131	563731523.788131
34		563731523.788131	563731523.788131
33		563731523.788131	563731523.788131
32		563731523.788131	563731523.788131
31		563731523.788131	563731523.788131
30		563731523.788131	563731523.788131
29		563731523.788131	563731523.788131
28		563731523.788131	563731523.788131
27		563731523.788131	563731523.788131
26		563731523.788131	563731523.788131
25		563731523.788131	563731523.788131
24		563731523.788131	563731523.788131
23		563731523.788131	563731523.788131
22		563731523.788131	563731523.788131
21		563731523.788131	563731523.788131
20		563731523.788131	563731523.788131
19.5		563731523.788131	563731523.788131
19		563731523.788131	563731523.788131
18		563731523.788131	563731523.788131
17		563731523.788131	563731523.788131
16		563731523.788131	563731523.788131
15		563731523.788131	563731523.788131
14		563731523.788131	563731523.788131
13		563731523.788131	563731523.788131
12		563731523.788131	563731523.788131
11		563731523.788131	563731523.788131
10		563731523.788131	563731523.788131
9		563731523.788131	563731523.788131
8		563731523.788131	563731523.788131
7		563731523.788131	563731523.788131
6		563731523.788131	563731523.788131
5		563731523.788131	563731523.788131
4		563731523.788131	563731523.788131
3		563731523.788131	563731523.788131
2		563731523.788131	563731523.788131
1		563731523.788131	563731523.788131
