1	568008441.185886
z13mangadex	Kawaii Joushi wo Komarasetai	28	562786731.724919	L	https://mangadex.org/title/17910/kawaii-joushi-wo-komarasetai	562786731.724919
28	015	562786731.724919	562786788.977714
27		555951406.230502	555951406.230502
26		555951406.230502	555951406.230502
25		555951406.230502	555951406.230502
24		555951406.230502	555951406.230502
23		555951406.230502	555951406.230502
22		555951406.230502	555951406.230502
21		555951406.230502	555951406.230502
20		555951406.230502	555951406.230502
19		555951406.230502	555951406.230502
18		555951406.230502	555951406.230502
17		555951406.230502	555951406.230502
16		555951406.230502	555951406.230502
15		555951406.230502	555951406.230502
14		555951406.230502	555951406.230502
13		555951406.230502	555951406.230502
12		555951406.230502	555951406.230502
11		555951406.230502	555951406.230502
10		555951406.230502	555951406.230502
9		555951406.230502	555951406.230502
8		555951406.230502	555951406.230502
7		555951406.230502	555951406.230502
6		555951406.230502	555951406.230502
5		555951406.230502	555951406.230502
4		555951406.230502	555951406.230502
3		555951406.230502	555951406.230502
2		555951406.230502	555951406.230502
1		555951406.230502	555951406.230502
