1	568565711.661294
z13mangadex	Iron Ladies	113	568565664.437348	B	https://mangadex.org/title/32020/iron-ladies	568565664.437348
1		567668581.928447	567668676.674083
2		567668677.759131	567668719.457897
3		567668719.763739	567668770.161199
4		567668770.554684	567668805.012787
5		567668805.662839	567668849.697703
6		567668850.110752	567668889.166115
7		567749735.573740	567749792.962190
8		567749794.507993	567749847.346419
9		567749847.651341	567751557.627481
10		567751557.947503	567751644.249712
11		567751654.418988	567751692.589825
12		567751693.060424	567751742.709036
13		567751743.090169	567751765.158033
14		567751765.514718	567751804.428755
15		567751804.722381	567751854.964282
16		567751855.319781	567751872.730990
17		567751872.978960	567751894.099318
18		567751894.732518	567751942.750567
19		567751943.144224	567751997.254082
20		567751997.545953	567752027.788955
21		567752028.160862	567752070.239222
22		567752070.479184	567752098.207901
23		567752098.463385	567752141.894425
24		567752142.207171	567752207.063723
25		567752207.472109	567752251.664212
26		567752252.018139	567752298.084635
27		567752298.400310	567752375.836079
28		567752376.124649	567752408.422980
29		567752408.805222	567752458.392208
30		567752458.801243	567752501.494049
31		567752502.540132	567752542.879163
32		567752543.346051	567752572.830624
33		567752681.349262	567752706.753411
34		567752707.082547	567752796.007508
35		567752796.378928	567752855.976906
35.5		567752856.289195	567752908.396163
36		567752908.810247	567753029.485124
37		567753029.841388	567753096.138083
38		567753096.449605	567753176.392047
39		567753176.790693	567753256.495496
40		567753257.104254	567753620.652035
41		567753621.124760	567753689.820114
42		567753690.130856	567753733.889712
43		567753734.263962	567753788.109730
44		567753788.431294	567753871.146766
45		567753871.801285	567753923.465894
46		567753924.008895	567753969.434678
47		567753969.786127	567754023.403881
48		567754023.858151	567754096.457280
49		567754096.776488	567754170.627148
50		567754170.894388	567754209.595699
51		567754210.015121	567754241.947196
52		567754242.242250	567754283.232234
53		567754283.920152	567754320.266295
54		567754321.158089	567754359.635161
55		567754360.000040	567754408.221626
56		567754408.569917	567754444.621166
57		567754444.866592	567754520.026458
58		567754520.395193	567754586.696198
59		567754586.983266	567754640.781991
60		567754641.413329	567754692.667840
61		567754693.035190	567754751.487095
62		567754752.390594	567754801.872701
63		567754856.045373	567755093.742217
64		567755093.993738	567755132.360744
65		567755132.850803	567755171.362365
66		567755171.660917	567755229.548575
67		567755229.806978	567755284.234280
68		567755284.610166	567755314.284635
69		567755314.607949	567755354.421469
70		567755354.750118	567755392.389268
71		567755392.740371	567755456.859256
72		567755457.210729	567755510.842876
73		567755511.108588	567755591.798868
74		567755592.807591	567755664.501910
75		567755664.821519	567755693.536447
76		567755693.903098	567755741.955472
77		567755742.341537	567755793.257683
78		567755793.640158	567755839.893104
79		567755840.227729	567755874.844913
80		567755875.253009	567755927.980651
81		567755928.294153	567755958.180897
82		567755958.505840	567755984.117052
83		567755984.402063	567756033.769062
84		567756034.071910	567756063.887044
85		567756064.284707	567756093.638433
86		567756093.980485	567756130.289900
87		567756130.636271	567756215.010814
88		567756215.335396	567756246.977570
89		567756247.273154	567756296.230934
90	011	567756296.635602	567756325.687305
91		567843882.519904	567843882.519904
92		567873657.170055	567873771.076267
93		567873771.435599	567873847.762168
94	010	567873848.130046	567873890.697864
95		567947741.588178	567947815.807291
96	012	567947816.193516	567947864.696967
97		568047544.079932	568047645.244413
98		568047645.555355	568047698.530182
99		568047698.815916	568047737.948500
100		568047738.432199	568047783.017161
101		568047783.362429	568047873.721270
102	011	568047874.405307	568047943.725067
103		568223902.835986	568223972.618939
104		568223972.965115	568224010.934854
105		568224011.669180	568224048.423104
106		568224049.098608	568224074.355360
107		568224074.961687	568224095.890529
108	013	568224096.514625	568224116.641408
109	011	568224126.446829	568224172.961806
110	010	568390228.336141	568390278.074110
111		568565539.255666	568565540.524715
112		568565540.845530	568565664.163417
113	012	568565664.437348	568565710.114987
