1	558977190.689067
z13mangadex	Senpai, Sore Hitokuchi Kudasai!			L	https://mangadex.org/title/16014/senpai-sore-hitokuchi-kudasai	0.000000
28		558977181.266074	558977181.266074
27		558977181.266074	558977181.266074
26		558977181.266074	558977181.266074
25		558977181.266074	558977181.266074
24		558977181.266074	558977181.266074
23		558977181.266074	558977181.266074
22		558977181.266074	558977181.266074
21		558977181.266074	558977181.266074
20		558977181.266074	558977181.266074
19		558977181.266074	558977181.266074
18		558977181.266074	558977181.266074
17		558977181.266074	558977181.266074
16		558977181.266074	558977181.266074
15		558977181.266074	558977181.266074
14		558977181.266074	558977181.266074
13		558977181.266074	558977181.266074
12		558977181.266074	558977181.266074
11		558977181.266074	558977181.266074
10		558977181.266074	558977181.266074
9		558977181.266074	558977181.266074
8		558977181.266074	558977181.266074
7		558977181.266074	558977181.266074
6		558977181.266074	558977181.266074
5		558977181.266074	558977181.266074
4		558977181.266074	558977181.266074
3		558977181.266074	558977181.266074
2		558977181.266074	558977181.266074
1		558977181.266074	558977181.266074
