1	568058663.823845
z13mangadex	Enen no Shouboutai	154	568058551.493613	L	https://mangadex.org/title/16411/enen-no-shouboutai	568058551.493613
135		555605166.786122	555605166.786122
134		555605166.786122	555605166.786122
133		555605166.786122	555605166.786122
132		555605166.786122	555605166.786122
131		555605166.786122	555605166.786122
130		555605166.786122	555605166.786122
129		555605166.786122	555605166.786122
128		555605166.786122	555605166.786122
127		555605166.786122	555605166.786122
126		555605166.786122	555605166.786122
125		555605166.786122	555605166.786122
124		555605166.786122	555605166.786122
123		555605166.786122	555605166.786122
122		555605166.786122	555605166.786122
121		555605166.786122	555605166.786122
120		555605166.786122	555605166.786122
119		555605166.786122	555605166.786122
118		555605166.786122	555605166.786122
117		555605166.786122	555605166.786122
116		555605166.786122	555605166.786122
115		555605166.786122	555605166.786122
114		555605166.786122	555605166.786122
113		555605166.786122	555605166.786122
112		555605166.786122	555605166.786122
111		555605166.786122	555605166.786122
110		555605166.786122	555605166.786122
109		555605166.786122	555605166.786122
108		555605166.786122	555605166.786122
107		555605166.786122	555605166.786122
106		555605166.786122	555605166.786122
105		555605166.786122	555605166.786122
104		555605166.786122	555605166.786122
103		555605166.786122	555605166.786122
102		555605166.786122	555605166.786122
101		555605166.786122	555605166.786122
100		555605166.786122	555605166.786122
99		555605166.786122	555605166.786122
98		555605166.786122	555605166.786122
97		555605166.786122	555605166.786122
96		555605166.786122	555605166.786122
95		555605166.786122	555605166.786122
94		555605166.786122	555605166.786122
93		555605166.786122	555605166.786122
92		555605166.786122	555605166.786122
91		555605166.786122	555605166.786122
90		555605166.786122	555605166.786122
89		555605166.786122	555605166.786122
88		555605166.786122	555605166.786122
87		555605166.786122	555605166.786122
86		555605166.786122	555605166.786122
85		555605166.786122	555605166.786122
84		555605166.786122	555605166.786122
83		555605166.786122	555605166.786122
82		555605166.786122	555605166.786122
81		555605166.786122	555605166.786122
80		555605166.786122	555605166.786122
79		555605166.786122	555605166.786122
78		555605166.786122	555605166.786122
77		555605166.786122	555605166.786122
76		555605166.786122	555605166.786122
75		555605166.786122	555605166.786122
74		555605166.786122	555605166.786122
73		555605166.786122	555605166.786122
72		555605166.786122	555605166.786122
71		555605166.786122	555605166.786122
70		555605166.786122	555605166.786122
69		555605166.786122	555605166.786122
68		555605166.786122	555605166.786122
67		555605166.786122	555605166.786122
66		555605166.786122	555605166.786122
65		555605166.786122	555605166.786122
64		555605166.786122	555605166.786122
63		555605166.786122	555605166.786122
62		555605166.786122	555605166.786122
61		555605166.786122	555605166.786122
60		555605166.786122	555605166.786122
59		555605166.786122	555605166.786122
58		555605166.786122	555605166.786122
57		555605166.786122	555605166.786122
56		555605166.786122	555605166.786122
55		555605166.786122	555605166.786122
54		555605166.786122	555605166.786122
53		555605166.786122	555605166.786122
52		555605166.786122	555605166.786122
51		555605166.786122	555605166.786122
50		555605166.786122	555605166.786122
49		555605166.786122	555605166.786122
48		555605166.786122	555605166.786122
47		555605166.786122	555605166.786122
46		555605166.786122	555605166.786122
45		555605166.786122	555605166.786122
44		555605166.786122	555605166.786122
43		555605166.786122	555605166.786122
42		555605166.786122	555605166.786122
41		555605166.786122	555605166.786122
40		555605166.786122	555605166.786122
39		555605166.786122	555605166.786122
38		555605166.786122	555605166.786122
37		555605166.786122	555605166.786122
36		555605166.786122	555605166.786122
35		555605166.786122	555605166.786122
34		555605166.786122	555605166.786122
33		555605166.786122	555605166.786122
32		555605166.786122	555605166.786122
31		555605166.786122	555605166.786122
30		555605166.786122	555605166.786122
29		555605166.786122	555605166.786122
28		555605166.786122	555605166.786122
27		555605166.786122	555605166.786122
26		555605166.786122	555605166.786122
25		555605166.786122	555605166.786122
24		555605166.786122	555605166.786122
23		555605166.786122	555605166.786122
22		555605166.786122	555605166.786122
21		555605166.786122	555605166.786122
136	020	556465585.877665	556465639.679945
137		559149224.766577	559149270.714346
138	020	559149271.003566	559149364.840350
139		563906289.156013	563906317.682874
140		563906318.004760	563906371.685136
141		563906371.997547	563906415.671143
142	019	563906415.971096	563906453.283910
143	020	564332890.016946	564332979.879418
144	019	564601367.114975	564601443.890883
145		565025608.609634	565025694.536712
146		565025694.874737	565025742.923988
147	021	565025743.529072	565025772.313034
148		565199142.382173	565199257.129122
149		565199257.371020	565199295.515562
150	021	565199295.786184	565199384.156932
151	024	565633861.254980	565633950.723006
152	021	565801413.392342	565801495.957117
153	020	566778099.453852	566778262.755968
154	020	568058551.493613	568058663.823285
