1	567442547.069275
z13mangadex	KAKAO 79%	164	567440875.734972	B	https://mangadex.org/title/19012/kakao-79	567440875.734972
105	006	555954686.297028	555954773.876867
104		555954639.972961	555954685.647923
103		555950508.841273	555950508.841273
102		555950508.841273	555950508.841273
101		555950508.841273	555950508.841273
100		555950508.841273	555950508.841273
99		555950508.841273	555950508.841273
98		555950508.841273	555950508.841273
97		555950508.841273	555950508.841273
96		555950508.841273	555950508.841273
95		555950508.841273	555950508.841273
94		555950508.841273	555950508.841273
93		555950508.841273	555950508.841273
92		555950508.841273	555950508.841273
91		555950508.841273	555950508.841273
90		555950508.841273	555950508.841273
89		555950508.841273	555950508.841273
88		555950508.841273	555950508.841273
87		555950508.841273	555950508.841273
86		555950508.841273	555950508.841273
85		555950508.841273	555950508.841273
84		555950508.841273	555950508.841273
83		555950508.841273	555950508.841273
82		555950508.841273	555950508.841273
81		555950508.841273	555950508.841273
80		555950508.841273	555950508.841273
79		555950508.841273	555950508.841273
78		555950508.841273	555950508.841273
77		555950508.841273	555950508.841273
76		555950508.841273	555950508.841273
75		555950508.841273	555950508.841273
74		555950508.841273	555950508.841273
73		555950508.841273	555950508.841273
72		555950508.841273	555950508.841273
71		555950508.841273	555950508.841273
70		555950508.841273	555950508.841273
69		555950508.841273	555950508.841273
68		555950508.841273	555950508.841273
67		555950508.841273	555950508.841273
66		555950508.841273	555950508.841273
65		555950508.841273	555950508.841273
64		555950508.841273	555950508.841273
63		555950508.841273	555950508.841273
62		555950508.841273	555950508.841273
61		555950508.841273	555950508.841273
60		555950508.841273	555950508.841273
59		555950508.841273	555950508.841273
58		555950508.841273	555950508.841273
57		555950508.841273	555950508.841273
56		555950508.841273	555950508.841273
55		555950508.841273	555950508.841273
54		555950508.841273	555950508.841273
53		555950508.841273	555950508.841273
52.5		555950508.841273	555950508.841273
52		555950508.841273	555950508.841273
51		555950508.841273	555950508.841273
50		555950508.841273	555950508.841273
49		555950508.841273	555950508.841273
48		555950508.841273	555950508.841273
47		555950508.841273	555950508.841273
46		555950508.841273	555950508.841273
45		555950508.841273	555950508.841273
44		555950508.841273	555950508.841273
43		555950508.841273	555950508.841273
42		555950508.841273	555950508.841273
41		555950508.841273	555950508.841273
40		555950508.841273	555950508.841273
39		555950508.841273	555950508.841273
38		555950508.841273	555950508.841273
37		555950508.841273	555950508.841273
36		555950508.841273	555950508.841273
35		555950508.841273	555950508.841273
34		555950508.841273	555950508.841273
33		555950508.841273	555950508.841273
32		555950508.841273	555950508.841273
31		555950508.841273	555950508.841273
30		555950508.841273	555950508.841273
29		555950508.841273	555950508.841273
28		555950508.841273	555950508.841273
27.5		555950508.841273	555950508.841273
27		555950508.841273	555950508.841273
26		555950508.841273	555950508.841273
25		555950508.841273	555950508.841273
24		555950508.841273	555950508.841273
23		555950508.841273	555950508.841273
22		555950508.841273	555950508.841273
21		555950508.841273	555950508.841273
20		555950508.841273	555950508.841273
19.5		555950508.841273	555950508.841273
19		555950508.841273	555950508.841273
18		555950508.841273	555950508.841273
17		555950508.841273	555950508.841273
16		555950508.841273	555950508.841273
15		555950508.841273	555950508.841273
14.5		555950508.841273	555950508.841273
14		555950508.841273	555950508.841273
13		555950508.841273	555950508.841273
12		555950508.841273	555950508.841273
11		555950508.841273	555950508.841273
10		555950508.841273	555950508.841273
9		555950508.841273	555950508.841273
8		555950508.841273	555950508.841273
7		555950508.841273	555950508.841273
6		555950508.841273	555950508.841273
5		555950508.841273	555950508.841273
4		555950508.841273	555950508.841273
3	001	559160192.530297	559160194.921493
2		555950508.841273	555950508.841273
1		555950508.841273	555950508.841273
106	005	556074534.570451	556074745.440217
107		556398814.933387	556399157.186547
108	005	556399157.996901	556399253.421678
109	005	557162386.017792	557162486.367719
110		557269210.366081	557270188.484181
111		557270189.400894	557270480.776643
112		557270481.678763	557272568.922485
113		557272569.697930	557272732.855402
114		557272733.549268	557272854.778261
115	006	557272855.072380	557272958.933787
116	005	557335304.418450	557335410.591949
117		557450710.314712	557450776.825231
118		557450777.195757	557450868.629224
118.5		557698428.444883	557698430.109116
119	006	557698430.713849	557698568.665438
120	005	557761640.896773	557763954.757534
121	005	557851912.006812	557852039.731917
122		558101988.050992	558105841.767931
123		558105842.631596	558105954.974041
124		558105955.364214	558106014.093625
125	005	558106014.836807	558106111.593857
126	005	558108392.224979	558108473.399912
127		558194993.890012	558195106.758432
128		558195107.684863	558195190.023456
129	004	558195190.747599	558195258.703241
130		558284472.739836	558284552.366553
131		558369679.371553	558369681.136577
132		558369682.710815	558369750.925389
133		558369751.552643	558369902.465684
134		558369903.131313	558369946.654005
135	005	558369947.315428	558370002.490307
136	004	558452986.805817	558453049.788133
137	005	558539153.066974	558541836.560626
139		558880141.229246	558880143.055185
138		558844553.628756	558844652.652182
140		558880143.270248	558880272.641043
141		558880272.902788	558880371.167749
142		558880371.542469	558880472.152335
143		558880472.406004	558880543.474545
144		558880543.779027	558880826.574795
145		558880826.959123	558880893.356838
146		558880894.156620	558880961.177191
147		558880961.936773	558885053.406945
148		558885054.086043	558885101.123267
149	005	558885101.718683	558885476.855668
150		558970398.241472	558970477.251742
151	007	558970477.896992	558970932.293317
152	008	559160199.403705	559160200.264554
153	008	559230843.487183	559230960.607776
154	007	559428197.325606	559428458.600982
155	008	559748374.450778	559749875.038942
156	007	559835981.187107	559836130.056485
157	005	560094653.372157	560094736.201517
65.5		561579576.523786	561579576.523786
158	006	562515816.115111	562515947.567517
159		562612955.784130	562613049.926592
160	006	562613050.288457	562613116.619567
161	006	562776005.569215	562776129.576903
162	005	563126236.517450	563126308.089502
163	005	567268317.728834	567268426.849824
164	008	567440875.734972	567442547.066770
