1	555951360.204218
z13mangadex	Kasane			L	https://mangadex.org/manga/9589/kasane	0.000000
26		555951359.308632	555951359.308632
25		555951359.308632	555951359.308632
24		555951359.308632	555951359.308632
23		555951359.308632	555951359.308632
22		555951359.308632	555951359.308632
21		555951359.308632	555951359.308632
20		555951359.308632	555951359.308632
19		555951359.308632	555951359.308632
18		555951359.308632	555951359.308632
17		555951359.308632	555951359.308632
16		555951359.308632	555951359.308632
15		555951359.308632	555951359.308632
14		555951359.308632	555951359.308632
13		555951359.308632	555951359.308632
12		555951359.308632	555951359.308632
11		555951359.308632	555951359.308632
10		555951359.308632	555951359.308632
9		555951359.308632	555951359.308632
8		555951359.308632	555951359.308632
7		555951359.308632	555951359.308632
6		555951359.308632	555951359.308632
5		555951359.308632	555951359.308632
4		555951359.308632	555951359.308632
3		555951359.308632	555951359.308632
2		555951359.308632	555951359.308632
1		555951359.308632	555951359.308632
