1	568335120.642381
z13mangadex	Toshishita no Otokonoko	13	568335073.226591	L	https://mangadex.org/title/15785/toshishita-no-otokonoko	568335073.226591
11		558985720.849539	558985720.849539
10		558985720.849539	558985720.849539
9		558985720.849539	558985720.849539
8		558985720.849539	558985720.849539
7		558985720.849539	558985720.849539
6		558985720.849539	558985720.849539
5		558985720.849539	558985720.849539
4		558985720.849539	558985720.849539
3		558985720.849539	558985720.849539
2		558985720.849539	558985720.849539
1		558985720.849539	558985720.849539
11.5		562776887.844939	562776892.011042
12	029	562776897.464144	562776978.319887
13	027	568335073.226591	568335120.641787
