1	558984944.774555
z13mangadex	Tejina Senpai			L	https://mangadex.org/title/18397/tejina-senpai	0.000000
58		558984913.348683	558984913.348683
57		558984913.348683	558984913.348683
56		558984913.348683	558984913.348683
55		558984913.348683	558984913.348683
54		558984913.348683	558984913.348683
53		558984913.348683	558984913.348683
52		558984913.348683	558984913.348683
51		558984913.348683	558984913.348683
50		558984913.348683	558984913.348683
49		558984913.348683	558984913.348683
48		558984913.348683	558984913.348683
47		558984913.348683	558984913.348683
46		558984913.348683	558984913.348683
45		558984913.348683	558984913.348683
44		558984913.348683	558984913.348683
43		558984913.348683	558984913.348683
42		558984913.348683	558984913.348683
41		558984913.348683	558984913.348683
40		558984913.348683	558984913.348683
39		558984913.348683	558984913.348683
38		558984913.348683	558984913.348683
37		558984913.348683	558984913.348683
36		558984913.348683	558984913.348683
35		558984913.348683	558984913.348683
34		558984913.348683	558984913.348683
33		558984913.348683	558984913.348683
32		558984913.348683	558984913.348683
31		558984913.348683	558984913.348683
30		558984913.348683	558984913.348683
29		558984913.348683	558984913.348683
28.2		558984913.348683	558984913.348683
28		558984913.348683	558984913.348683
27		558984913.348683	558984913.348683
26		558984913.348683	558984913.348683
25		558984913.348683	558984913.348683
24		558984913.348683	558984913.348683
23		558984913.348683	558984913.348683
22		558984913.348683	558984913.348683
21		558984913.348683	558984913.348683
20		558984913.348683	558984913.348683
19		558984913.348683	558984913.348683
18		558984913.348683	558984913.348683
17		558984913.348683	558984913.348683
16		558984913.348683	558984913.348683
15		558984913.348683	558984913.348683
14		558984913.348683	558984913.348683
13		558984913.348683	558984913.348683
12		558984913.348683	558984913.348683
11		558984913.348683	558984913.348683
10		558984913.348683	558984913.348683
9		558984913.348683	558984913.348683
8		558984913.348683	558984913.348683
7		558984913.348683	558984913.348683
6		558984913.348683	558984913.348683
5		558984913.348683	558984913.348683
4		558984913.348683	558984913.348683
3		558984913.348683	558984913.348683
2		558984913.348683	558984913.348683
1		558984913.348683	558984913.348683
