1	567580096.256287
z13mangadex	Fairy Tail: 100 Years Quest	15	567580009.750278	L	https://mangadex.org/title/29270/fairy-tail-100-years-quest	567580009.750278
1		556132460.838250	556141507.668307
2		556141507.923838	556141693.725409
5	021	556141694.102637	556141809.108804
7	019	557936662.197957	557936723.746402
9	020	560231117.075812	560231205.824905
8		561565801.537538	561565801.537538
6		561565801.537538	561565801.537538
4		561565801.537538	561565801.537538
3		561565801.537538	561565801.537538
10	021	561565804.919945	561565886.075383
11	020	562777755.704131	562777827.946381
12	021	563988530.009826	563988780.506510
9.5		564376754.366889	564376754.366889
13	021	565108785.381044	565108885.796922
14	021	566369282.495211	566369359.075132
15	020	567580009.750278	567580096.255617
