1	564893122.498182
z13mangadex	Alcohol is for Married Couples	32	564893076.362245	L	https://mangadex.org/title/21428/alcohol-is-for-married-couples	564893076.362245
28	014	557790867.177401	557790907.711391
27		557790818.921708	557790866.613086
26		557790787.491772	557790818.661170
25		557790755.395822	557790787.214052
24		557790733.957901	557790755.175322
23		557790681.434268	557790733.258631
22		557790570.503002	557790681.173186
21		557790512.453591	557790570.219415
20		557790480.554639	557790511.769475
19		557778626.589001	557778673.929129
18		557778600.698001	557778626.075657
17		557778513.448696	557778599.995475
16		557778471.166949	557778513.092134
15		557778426.376957	557778470.851946
14		557778363.473352	557778425.699717
13		557778305.712748	557778363.215552
12		557778234.718332	557778305.445991
11		557778128.671596	557778234.062853
10		557778088.243725	557778128.002915
9		557778035.811574	557778087.472018
8		557777988.236278	557778035.099120
7		557777490.862697	557777987.467742
6		557777218.713344	557777490.244922
5		557777153.953514	557777218.078808
4		557777028.211650	557777153.309225
3		557776839.904844	557777027.590825
2		557776787.387985	557776839.307388
1		557775046.649543	557775129.859266
29	014	559833718.786322	559833794.393345
30	014	563428529.617632	563428650.520331
31	015	563892896.788776	563892969.652945
32	015	564893076.362245	564893120.774204
