1	568183233.080522
z13mangadex	Back Street Girls	56	568183164.970329	L	https://mangadex.org/title/19435/back-street-girls	568183164.970329
40		555527823.458463	555527823.458463
39		555527823.458463	555527823.458463
38		555527823.458463	555527823.458463
37		555527823.458463	555527823.458463
36		555527823.458463	555527823.458463
35		555527823.458463	555527823.458463
34		555527823.458463	555527823.458463
33		555527823.458463	555527823.458463
32		555527823.458463	555527823.458463
31		555527823.458463	555527823.458463
30		555527823.458463	555527823.458463
29		555527823.458463	555527823.458463
28		555527823.458463	555527823.458463
27		555527823.458463	555527823.458463
26		555527823.458463	555527823.458463
25		555527823.458463	555527823.458463
24		555527823.458463	555527823.458463
23		555527823.458463	555527823.458463
22		555527823.458463	555527823.458463
21		555527823.458463	555527823.458463
20		555527823.458463	555527823.458463
19		555527823.458463	555527823.458463
18		555527823.458463	555527823.458463
17		555527823.458463	555527823.458463
16		555527823.458463	555527823.458463
15		555527823.458463	555527823.458463
14		555527823.458463	555527823.458463
13		555527823.458463	555527823.458463
12		555527823.458463	555527823.458463
11		555527823.458463	555527823.458463
10		555527823.458463	555527823.458463
9		555527823.458463	555527823.458463
8		555527823.458463	555527823.458463
7		555527823.458463	555527823.458463
6		555527823.458463	555527823.458463
5		555527823.458463	555527823.458463
4		555527823.458463	555527823.458463
3		555527823.458463	555527823.458463
2		555527823.458463	555527823.458463
1		555527823.458463	555527823.458463
41	013	556132321.342136	556132381.465344
42	014	556477350.289313	556477423.306934
43	013	556745972.193693	556747381.780769
44	014	557417008.924473	557417092.389744
45	013	557764177.079709	557764248.191566
46	014	558453561.226201	558453623.759813
47	013	558888456.684890	558888532.291106
48	016	559622899.136007	559622993.153252
49	016	561355083.421037	561355153.862066
50	014	562163879.300558	562163969.452543
51	013	562712285.961843	562712358.934062
52	014	563343214.131572	563343263.902838
53	013	563906081.715260	563906145.684938
54	014	565740141.151875	565740194.012597
55	013	567551361.505027	567551443.512292
56	014	568183164.970329	568183231.382723
