1	567811159.923572
z13mangadex	elDLIVE			L	https://mangadex.org/title/10596/eldlive	0.000000
47		555605081.965767	555605081.965767
46		555605081.965767	555605081.965767
45		555605081.965767	555605081.965767
44		555605081.965767	555605081.965767
43		555605081.965767	555605081.965767
42		555605081.965767	555605081.965767
41		555605081.965767	555605081.965767
40		555605081.965767	555605081.965767
39		555605081.965767	555605081.965767
38		555605081.965767	555605081.965767
37		555605081.965767	555605081.965767
36		555605081.965767	555605081.965767
35		555605081.965767	555605081.965767
34		555605081.965767	555605081.965767
33		555605081.965767	555605081.965767
32		555605081.965767	555605081.965767
31.5		555605081.965767	555605081.965767
31		555605081.965767	555605081.965767
30		555605081.965767	555605081.965767
29		555605081.965767	555605081.965767
28		555605081.965767	555605081.965767
27		555605081.965767	555605081.965767
26		555605081.965767	555605081.965767
25		555605081.965767	555605081.965767
24.5		555605081.965767	555605081.965767
24		555605081.965767	555605081.965767
23		555605081.965767	555605081.965767
22		555605081.965767	555605081.965767
21		555605081.965767	555605081.965767
20		555605081.965767	555605081.965767
19		555605081.965767	555605081.965767
18		555605081.965767	555605081.965767
17		555605081.965767	555605081.965767
16		555605081.965767	555605081.965767
15		555605081.965767	555605081.965767
14		555605081.965767	555605081.965767
13		555605081.965767	555605081.965767
12		555605081.965767	555605081.965767
11		555605081.965767	555605081.965767
10		555605081.965767	555605081.965767
9		555605081.965767	555605081.965767
8		555605081.965767	555605081.965767
7		555605081.965767	555605081.965767
6		555605081.965767	555605081.965767
5		555605081.965767	555605081.965767
4		555605081.965767	555605081.965767
3		555605081.965767	555605081.965767
2		555605081.965767	555605081.965767
1		555605081.965767	555605081.965767
