1	567658932.593004
z13mangadex	5Toubun no Hanayome	67	567658599.904344	L	https://mangadex.org/title/20679/5toubun-no-hanayome	567658599.904344
48		555423086.810002	555423092.605857
48-2		555423093.386728	555423095.305741
49	26	555423095.588451	555423248.229909
47-2		555423254.243595	555423254.243595
47		555423254.243595	555423254.243595
46-2		555423254.243595	555423254.243595
46		555423254.243595	555423254.243595
45-2		555423254.243595	555423254.243595
45		555423254.243595	555423254.243595
44-3		555423254.243595	555423254.243595
44-2		555423254.243595	555423254.243595
44		555423254.243595	555423254.243595
43-2		555423254.243595	555423254.243595
43		555423254.243595	555423254.243595
42-2		555423254.243595	555423254.243595
42		555423254.243595	555423254.243595
VOL5 41		555423254.243595	555423254.243595
41		555423254.243595	555423254.243595
VOL5 40		555423254.243595	555423254.243595
40		555423254.243595	555423254.243595
VOL5 39		555423254.243595	555423254.243595
39		555423254.243595	555423254.243595
VOL5 38		555423254.243595	555423254.243595
38		555423254.243595	555423254.243595
VOL5 37		555423254.243595	555423254.243595
37		555423254.243595	555423254.243595
VOL5 36		555423254.243595	555423254.243595
36		555423254.243595	555423254.243595
VOL5 35		555423254.243595	555423254.243595
35		555423254.243595	555423254.243595
VOL5 34		555423254.243595	555423254.243595
34		555423254.243595	555423254.243595
VOL5 33		555423254.243595	555423254.243595
33		555423254.243595	555423254.243595
VOL4 32		555423254.243595	555423254.243595
32		555423254.243595	555423254.243595
VOL4 31		555423254.243595	555423254.243595
31		555423254.243595	555423254.243595
VOL4 30		555423254.243595	555423254.243595
30		555423254.243595	555423254.243595
VOL4 29		555423254.243595	555423254.243595
29		555423254.243595	555423254.243595
VOL4 28		555423254.243595	555423254.243595
28		555423254.243595	555423254.243595
VOL4 27		555423254.243595	555423254.243595
27		555423254.243595	555423254.243595
VOL4 26		555423254.243595	555423254.243595
26		555423254.243595	555423254.243595
VOL4 25		555423254.243595	555423254.243595
25		555423254.243595	555423254.243595
VOL4 24		555423254.243595	555423254.243595
24		555423254.243595	555423254.243595
23.5		555423254.243595	555423254.243595
VOL3 23		555423254.243595	555423254.243595
23		555423254.243595	555423254.243595
VOL3 22		555423254.243595	555423254.243595
22		555423254.243595	555423254.243595
VOL3 21		555423254.243595	555423254.243595
21		555423254.243595	555423254.243595
VOL3 20		555423254.243595	555423254.243595
20		555423254.243595	555423254.243595
VOL3 19		555423254.243595	555423254.243595
19		555423254.243595	555423254.243595
VOL3 18		555423254.243595	555423254.243595
18		555423254.243595	555423254.243595
VOL3 17		555423254.243595	555423254.243595
17		555423254.243595	555423254.243595
VOL3 16		555423254.243595	555423254.243595
16		555423254.243595	555423254.243595
VOL3 15		555423254.243595	555423254.243595
15		555423254.243595	555423254.243595
14.5		555423254.243595	555423254.243595
VOL2 14		555423254.243595	555423254.243595
14		555423254.243595	555423254.243595
VOL2 13		555423254.243595	555423254.243595
13		555423254.243595	555423254.243595
VOL2 12		555423254.243595	555423254.243595
12		555423254.243595	555423254.243595
VOL2 11		555423254.243595	555423254.243595
11		555423254.243595	555423254.243595
VOL2 10		555423254.243595	555423254.243595
10		555423254.243595	555423254.243595
VOL2 9		555423254.243595	555423254.243595
9		555423254.243595	555423254.243595
VOL2 8		555423254.243595	555423254.243595
8		555423254.243595	555423254.243595
VOL2 7		555423254.243595	555423254.243595
7		555423254.243595	555423254.243595
VOL2 6		555423254.243595	555423254.243595
6		555423254.243595	555423254.243595
5.5		555423254.243595	555423254.243595
VOL1 5		555423254.243595	555423254.243595
5		555423254.243595	555423254.243595
VOL1 4		555423254.243595	555423254.243595
4		555423254.243595	555423254.243595
VOL1 3		555423254.243595	555423254.243595
3		555423254.243595	555423254.243595
VOL1 2		555423254.243595	555423254.243595
2		555423254.243595	555423254.243595
VOL1 1-2		555423254.243595	555423254.243595
VOL1 1		555423254.243595	555423254.243595
1		555423254.243595	555423254.243595
0		555423254.243595	555423254.243595
49-2	6	555449376.109326	555449384.967347
50	020	557239204.743297	557239206.253117
50-2		557239195.816079	557239203.345907
51		557239211.770284	557242320.307208
51-2	001	557242320.638794	557242327.636409
52	021	557849353.360218	557849540.909134
52-2		557852739.623016	557852739.623016
53	020	558451691.071215	558452239.826130
53-2		558452242.314866	558452242.314866
54	021	559053016.433221	559053205.099473
55	021	559712777.549864	559712926.923445
56	021	560435104.847451	560435286.341614
57	021	560957890.578794	560963881.887084
58		562170920.228141	562170921.166309
56-2		562106105.198579	562106105.198579
59	026	562170921.660104	562171115.810896
VOL6 50		562768126.057140	562768126.057140
VOL6 49		562768126.057140	562768126.057140
VOL6 48		562768126.057140	562768126.057140
VOL6 47		562768126.057140	562768126.057140
VOL6 46		562768126.057140	562768126.057140
VOL6 45		562768126.057140	562768126.057140
VOL6 44		562768126.057140	562768126.057140
VOL6 43		562768126.057140	562768126.057140
VOL6 42		562768126.057140	562768126.057140
8-2		562768126.057140	562768126.057140
60	020	562768128.820502	562768285.995836
61	020	563376069.216466	563376317.022140
62	021	563903661.986441	563903767.348862
63	020	564588728.464963	564588969.517420
64	021	565225179.285908	565225369.549819
65	021	565799204.917586	565799332.994177
66	021	566399032.176502	566399207.928151
67	019	567658599.904344	567658932.592415
