1	562170931.833645
z13mangadex	Berserk	357-2	557084679.985675	L	https://mangadex.org/title/607/berserk	557084679.985675
356.2-2	4	555528090.928875	555528101.284957
356.2		555528071.598934	555528090.205766
356.1-2		555528059.967209	555528070.438425
356.1		555528047.688792	555528059.309955
355		555528023.384938	555528023.384938
354		555528023.384938	555528023.384938
353		555528023.384938	555528023.384938
352		555528023.384938	555528023.384938
351		555528023.384938	555528023.384938
350		555528023.384938	555528023.384938
349		555528023.384938	555528023.384938
348		555528023.384938	555528023.384938
347		555528023.384938	555528023.384938
346		555528023.384938	555528023.384938
345		555528023.384938	555528023.384938
344		555528023.384938	555528023.384938
343		555528023.384938	555528023.384938
342		555528023.384938	555528023.384938
341		555528023.384938	555528023.384938
340		555528023.384938	555528023.384938
339		555528023.384938	555528023.384938
338		555528023.384938	555528023.384938
337		555528023.384938	555528023.384938
336		555528023.384938	555528023.384938
335		555528023.384938	555528023.384938
334		555528023.384938	555528023.384938
333		555528023.384938	555528023.384938
332		555528023.384938	555528023.384938
331		555528023.384938	555528023.384938
330		555528023.384938	555528023.384938
329		555528023.384938	555528023.384938
328		555528023.384938	555528023.384938
327		555528023.384938	555528023.384938
326		555528023.384938	555528023.384938
325		555528023.384938	555528023.384938
324		555528023.384938	555528023.384938
323		555528023.384938	555528023.384938
322		555528023.384938	555528023.384938
321		555528023.384938	555528023.384938
320		555528023.384938	555528023.384938
319		555528023.384938	555528023.384938
318		555528023.384938	555528023.384938
317		555528023.384938	555528023.384938
316		555528023.384938	555528023.384938
315		555528023.384938	555528023.384938
314		555528023.384938	555528023.384938
313		555528023.384938	555528023.384938
312		555528023.384938	555528023.384938
311		555528023.384938	555528023.384938
310		555528023.384938	555528023.384938
309		555528023.384938	555528023.384938
308		555528023.384938	555528023.384938
307		555528023.384938	555528023.384938
306		555528023.384938	555528023.384938
305		555528023.384938	555528023.384938
304		555528023.384938	555528023.384938
303		555528023.384938	555528023.384938
302		555528023.384938	555528023.384938
301		555528023.384938	555528023.384938
300		555528023.384938	555528023.384938
299		555528023.384938	555528023.384938
298		555528023.384938	555528023.384938
297		555528023.384938	555528023.384938
296		555528023.384938	555528023.384938
295		555528023.384938	555528023.384938
294		555528023.384938	555528023.384938
293		555528023.384938	555528023.384938
292		555528023.384938	555528023.384938
291		555528023.384938	555528023.384938
290		555528023.384938	555528023.384938
289		555528023.384938	555528023.384938
288		555528023.384938	555528023.384938
287		555528023.384938	555528023.384938
286		555528023.384938	555528023.384938
285		555528023.384938	555528023.384938
284		555528023.384938	555528023.384938
283		555528023.384938	555528023.384938
282		555528023.384938	555528023.384938
281		555528023.384938	555528023.384938
280		555528023.384938	555528023.384938
279		555528023.384938	555528023.384938
278		555528023.384938	555528023.384938
277		555528023.384938	555528023.384938
276		555528023.384938	555528023.384938
275		555528023.384938	555528023.384938
274		555528023.384938	555528023.384938
273		555528023.384938	555528023.384938
272		555528023.384938	555528023.384938
271		555528023.384938	555528023.384938
270		555528023.384938	555528023.384938
269		555528023.384938	555528023.384938
268		555528023.384938	555528023.384938
267		555528023.384938	555528023.384938
266		555528023.384938	555528023.384938
265		555528023.384938	555528023.384938
264		555528023.384938	555528023.384938
263		555528023.384938	555528023.384938
262		555528023.384938	555528023.384938
261		555528023.384938	555528023.384938
260		555528023.384938	555528023.384938
259		555528023.384938	555528023.384938
258		555528023.384938	555528023.384938
257		555528023.384938	555528023.384938
256		555528023.384938	555528023.384938
255		555528023.384938	555528023.384938
254		555528023.384938	555528023.384938
253		555528023.384938	555528023.384938
252		555528023.384938	555528023.384938
251		555528023.384938	555528023.384938
250		555528023.384938	555528023.384938
249		555528023.384938	555528023.384938
248		555528023.384938	555528023.384938
247		555528023.384938	555528023.384938
246		555528023.384938	555528023.384938
245		555528023.384938	555528023.384938
244		555528023.384938	555528023.384938
243		555528023.384938	555528023.384938
242		555528023.384938	555528023.384938
241		555528023.384938	555528023.384938
240		555528023.384938	555528023.384938
239		555528023.384938	555528023.384938
238		555528023.384938	555528023.384938
237		555528023.384938	555528023.384938
236		555528023.384938	555528023.384938
235		555528023.384938	555528023.384938
234		555528023.384938	555528023.384938
233		555528023.384938	555528023.384938
232		555528023.384938	555528023.384938
231		555528023.384938	555528023.384938
230		555528023.384938	555528023.384938
229		555528023.384938	555528023.384938
228		555528023.384938	555528023.384938
227		555528023.384938	555528023.384938
226		555528023.384938	555528023.384938
225		555528023.384938	555528023.384938
224		555528023.384938	555528023.384938
223		555528023.384938	555528023.384938
222		555528023.384938	555528023.384938
221		555528023.384938	555528023.384938
220		555528023.384938	555528023.384938
219		555528023.384938	555528023.384938
218		555528023.384938	555528023.384938
217		555528023.384938	555528023.384938
216		555528023.384938	555528023.384938
215		555528023.384938	555528023.384938
214		555528023.384938	555528023.384938
213		555528023.384938	555528023.384938
212		555528023.384938	555528023.384938
211		555528023.384938	555528023.384938
210		555528023.384938	555528023.384938
209		555528023.384938	555528023.384938
208		555528023.384938	555528023.384938
207		555528023.384938	555528023.384938
206		555528023.384938	555528023.384938
205		555528023.384938	555528023.384938
204		555528023.384938	555528023.384938
203		555528023.384938	555528023.384938
202		555528023.384938	555528023.384938
201		555528023.384938	555528023.384938
200		555528023.384938	555528023.384938
199		555528023.384938	555528023.384938
198		555528023.384938	555528023.384938
197		555528023.384938	555528023.384938
196		555528023.384938	555528023.384938
195		555528023.384938	555528023.384938
194		555528023.384938	555528023.384938
193		555528023.384938	555528023.384938
192		555528023.384938	555528023.384938
191		555528023.384938	555528023.384938
190		555528023.384938	555528023.384938
189		555528023.384938	555528023.384938
188		555528023.384938	555528023.384938
187		555528023.384938	555528023.384938
186		555528023.384938	555528023.384938
185		555528023.384938	555528023.384938
184		555528023.384938	555528023.384938
183		555528023.384938	555528023.384938
182		555528023.384938	555528023.384938
181		555528023.384938	555528023.384938
180		555528023.384938	555528023.384938
179		555528023.384938	555528023.384938
178		555528023.384938	555528023.384938
177		555528023.384938	555528023.384938
176		555528023.384938	555528023.384938
175		555528023.384938	555528023.384938
174		555528023.384938	555528023.384938
173		555528023.384938	555528023.384938
172		555528023.384938	555528023.384938
171		555528023.384938	555528023.384938
170		555528023.384938	555528023.384938
169		555528023.384938	555528023.384938
168		555528023.384938	555528023.384938
167		555528023.384938	555528023.384938
166		555528023.384938	555528023.384938
165		555528023.384938	555528023.384938
164		555528023.384938	555528023.384938
163		555528023.384938	555528023.384938
162		555528023.384938	555528023.384938
161		555528023.384938	555528023.384938
160		555528023.384938	555528023.384938
159		555528023.384938	555528023.384938
158		555528023.384938	555528023.384938
157		555528023.384938	555528023.384938
156		555528023.384938	555528023.384938
155		555528023.384938	555528023.384938
154		555528023.384938	555528023.384938
153		555528023.384938	555528023.384938
152		555528023.384938	555528023.384938
151		555528023.384938	555528023.384938
150		555528023.384938	555528023.384938
149		555528023.384938	555528023.384938
148		555528023.384938	555528023.384938
147		555528023.384938	555528023.384938
146		555528023.384938	555528023.384938
145		555528023.384938	555528023.384938
144		555528023.384938	555528023.384938
143		555528023.384938	555528023.384938
142		555528023.384938	555528023.384938
141		555528023.384938	555528023.384938
140		555528023.384938	555528023.384938
139		555528023.384938	555528023.384938
138		555528023.384938	555528023.384938
137		555528023.384938	555528023.384938
136		555528023.384938	555528023.384938
135		555528023.384938	555528023.384938
134		555528023.384938	555528023.384938
133		555528023.384938	555528023.384938
132		555528023.384938	555528023.384938
131		555528023.384938	555528023.384938
130		555528023.384938	555528023.384938
129		555528023.384938	555528023.384938
128		555528023.384938	555528023.384938
127		555528023.384938	555528023.384938
126		555528023.384938	555528023.384938
125		555528023.384938	555528023.384938
124		555528023.384938	555528023.384938
123		555528023.384938	555528023.384938
122		555528023.384938	555528023.384938
121		555528023.384938	555528023.384938
120		555528023.384938	555528023.384938
119		555528023.384938	555528023.384938
118		555528023.384938	555528023.384938
117		555528023.384938	555528023.384938
116		555528023.384938	555528023.384938
115		555528023.384938	555528023.384938
114		555528023.384938	555528023.384938
113		555528023.384938	555528023.384938
112		555528023.384938	555528023.384938
111		555528023.384938	555528023.384938
110		555528023.384938	555528023.384938
109		555528023.384938	555528023.384938
108		555528023.384938	555528023.384938
107		555528023.384938	555528023.384938
106		555528023.384938	555528023.384938
105		555528023.384938	555528023.384938
104		555528023.384938	555528023.384938
103		555528023.384938	555528023.384938
102		555528023.384938	555528023.384938
101		555528023.384938	555528023.384938
100		555528023.384938	555528023.384938
99		555528023.384938	555528023.384938
98		555528023.384938	555528023.384938
97		555528023.384938	555528023.384938
96		555528023.384938	555528023.384938
95		555528023.384938	555528023.384938
94		555528023.384938	555528023.384938
93		555528023.384938	555528023.384938
92		555528023.384938	555528023.384938
91		555528023.384938	555528023.384938
90		555528023.384938	555528023.384938
89		555528023.384938	555528023.384938
88		555528023.384938	555528023.384938
87		555528023.384938	555528023.384938
86		555528023.384938	555528023.384938
85		555528023.384938	555528023.384938
84		555528023.384938	555528023.384938
83		555528023.384938	555528023.384938
82		555528023.384938	555528023.384938
81		555528023.384938	555528023.384938
80		555528023.384938	555528023.384938
79		555528023.384938	555528023.384938
78		555528023.384938	555528023.384938
77		555528023.384938	555528023.384938
76		555528023.384938	555528023.384938
75		555528023.384938	555528023.384938
74		555528023.384938	555528023.384938
73		555528023.384938	555528023.384938
72		555528023.384938	555528023.384938
71		555528023.384938	555528023.384938
70		555528023.384938	555528023.384938
69		555528023.384938	555528023.384938
68		555528023.384938	555528023.384938
67		555528023.384938	555528023.384938
66		555528023.384938	555528023.384938
65		555528023.384938	555528023.384938
64		555528023.384938	555528023.384938
63		555528023.384938	555528023.384938
62		555528023.384938	555528023.384938
61		555528023.384938	555528023.384938
60		555528023.384938	555528023.384938
59		555528023.384938	555528023.384938
58		555528023.384938	555528023.384938
57		555528023.384938	555528023.384938
56		555528023.384938	555528023.384938
55		555528023.384938	555528023.384938
54		555528023.384938	555528023.384938
53		555528023.384938	555528023.384938
52		555528023.384938	555528023.384938
51		555528023.384938	555528023.384938
50		555528023.384938	555528023.384938
49		555528023.384938	555528023.384938
48		555528023.384938	555528023.384938
47		555528023.384938	555528023.384938
46		555528023.384938	555528023.384938
45		555528023.384938	555528023.384938
44		555528023.384938	555528023.384938
43		555528023.384938	555528023.384938
42		555528023.384938	555528023.384938
41		555528023.384938	555528023.384938
40		555528023.384938	555528023.384938
39		555528023.384938	555528023.384938
38		555528023.384938	555528023.384938
37		555528023.384938	555528023.384938
36		555528023.384938	555528023.384938
35		555528023.384938	555528023.384938
34		555528023.384938	555528023.384938
33		555528023.384938	555528023.384938
32		555528023.384938	555528023.384938
31		555528023.384938	555528023.384938
30		555528023.384938	555528023.384938
29		555528023.384938	555528023.384938
28		555528023.384938	555528023.384938
27		555528023.384938	555528023.384938
26		555528023.384938	555528023.384938
25		555528023.384938	555528023.384938
24		555528023.384938	555528023.384938
23		555528023.384938	555528023.384938
22		555528023.384938	555528023.384938
21		555528023.384938	555528023.384938
20		555528023.384938	555528023.384938
19		555528023.384938	555528023.384938
18		555528023.384938	555528023.384938
17		555528023.384938	555528023.384938
16		555528023.384938	555528023.384938
15		555528023.384938	555528023.384938
14		555528023.384938	555528023.384938
13		555528023.384938	555528023.384938
12		555528023.384938	555528023.384938
11		555528023.384938	555528023.384938
10		555528023.384938	555528023.384938
9		555528023.384938	555528023.384938
8		555528023.384938	555528023.384938
7		555528023.384938	555528023.384938
6		555528023.384938	555528023.384938
5		555528023.384938	555528023.384938
4		555528023.384938	555528023.384938
3		555528023.384938	555528023.384938
2		555528023.384938	555528023.384938
1		555528023.384938	555528023.384938
.16		555528023.384938	555528023.384938
.15		555528023.384938	555528023.384938
.14		555528023.384938	555528023.384938
.13		555528023.384938	555528023.384938
.12		555528023.384938	555528023.384938
.11		555528023.384938	555528023.384938
.10		555528023.384938	555528023.384938
.09		555528023.384938	555528023.384938
.08		555528023.384938	555528023.384938
.07		555528023.384938	555528023.384938
.06		555528023.384938	555528023.384938
.05		555528023.384938	555528023.384938
.04		555528023.384938	555528023.384938
.03		555528023.384938	555528023.384938
.02		555528023.384938	555528023.384938
.01		555528023.384938	555528023.384938
0		555528023.384938	555528023.384938
357	017	556725009.389050	556725116.064454
357-2	017	557084679.985675	557084692.221997
VOL1 .01		559426051.544307	559426051.544307
VOL1 .02		559575750.268287	559575750.268287
VOL1 .03		562135104.900040	562135104.900040
