1	558966641.234190
z13mangadex	Hitoribocchi no Chikyuu Shinryaku	78	558966130.433599	L	https://mangadex.org/title/9409/hitoribocchi-no-chikyuu-shinryaku	558966130.433599
71		555607041.820626	555607041.820626
70		555607041.820626	555607041.820626
69		555607041.820626	555607041.820626
68		555607041.820626	555607041.820626
67		555607041.820626	555607041.820626
66		555607041.820626	555607041.820626
65		555607041.820626	555607041.820626
64		555607041.820626	555607041.820626
63		555607041.820626	555607041.820626
62		555607041.820626	555607041.820626
61		555607041.820626	555607041.820626
60		555607041.820626	555607041.820626
59		555607041.820626	555607041.820626
58		555607041.820626	555607041.820626
57		555607041.820626	555607041.820626
56		555607041.820626	555607041.820626
55		555607041.820626	555607041.820626
54		555607041.820626	555607041.820626
53		555607041.820626	555607041.820626
52		555607041.820626	555607041.820626
51		555607041.820626	555607041.820626
50.5		555607041.820626	555607041.820626
50		555607041.820626	555607041.820626
49		555607041.820626	555607041.820626
48		555607041.820626	555607041.820626
47		555607041.820626	555607041.820626
46		555607041.820626	555607041.820626
45		555607041.820626	555607041.820626
44		555607041.820626	555607041.820626
43		555607041.820626	555607041.820626
42		555607041.820626	555607041.820626
41		555607041.820626	555607041.820626
40		555607041.820626	555607041.820626
39.1		555607041.820626	555607041.820626
39		555607041.820626	555607041.820626
38		555607041.820626	555607041.820626
37		555607041.820626	555607041.820626
36		555607041.820626	555607041.820626
35		555607041.820626	555607041.820626
34		555607041.820626	555607041.820626
33		555607041.820626	555607041.820626
32		555607041.820626	555607041.820626
31		555607041.820626	555607041.820626
30		555607041.820626	555607041.820626
29		555607041.820626	555607041.820626
28		555607041.820626	555607041.820626
27		555607041.820626	555607041.820626
26		555607041.820626	555607041.820626
25		555607041.820626	555607041.820626
24		555607041.820626	555607041.820626
23		555607041.820626	555607041.820626
22		555607041.820626	555607041.820626
21		555607041.820626	555607041.820626
20		555607041.820626	555607041.820626
19		555607041.820626	555607041.820626
18		555607041.820626	555607041.820626
17		555607041.820626	555607041.820626
16		555607041.820626	555607041.820626
15		555607041.820626	555607041.820626
14		555607041.820626	555607041.820626
13		555607041.820626	555607041.820626
12		555607041.820626	555607041.820626
11		555607041.820626	555607041.820626
10		555607041.820626	555607041.820626
9		555607041.820626	555607041.820626
8		555607041.820626	555607041.820626
7		555607041.820626	555607041.820626
6		555607041.820626	555607041.820626
5		555607041.820626	555607041.820626
4		555607041.820626	555607041.820626
3		555607041.820626	555607041.820626
2		555607041.820626	555607041.820626
1		555607041.820626	555607041.820626
72		555945160.993021	555945283.801311
73		555945284.477300	555945343.185375
74	027	555945343.860429	555945407.316541
75	025	556812607.453940	556813238.054126
76	039	557764011.521708	557764170.095786
77	040	558205163.968143	558205215.102045
78	028	558966130.433599	558966639.455292
