1	566631934.663844
z13mangadex	Haikyuu!!	310	555606117.602454	L	https://mangadex.org/title/1873/haikyuu	555606117.602454
310	5	555606117.602454	555606126.773189
309		555021746.832591	555021746.832591
308		555021746.832591	555021746.832591
307		555021746.832591	555021746.832591
306		555021746.832591	555021746.832591
305		555021746.832591	555021746.832591
304		555021746.832591	555021746.832591
303		555021746.832591	555021746.832591
302		555021746.832591	555021746.832591
301		555021746.832591	555021746.832591
300		555021746.832591	555021746.832591
299		555021746.832591	555021746.832591
298		555021746.832591	555021746.832591
297		555021746.832591	555021746.832591
269		555021746.832591	555021746.832591
268		555021746.832591	555021746.832591
267		555021746.832591	555021746.832591
266		555021746.832591	555021746.832591
265		555021746.832591	555021746.832591
264		555021746.832591	555021746.832591
263		555021746.832591	555021746.832591
262		555021746.832591	555021746.832591
261		555021746.832591	555021746.832591
260		555021746.832591	555021746.832591
259		555021746.832591	555021746.832591
258		555021746.832591	555021746.832591
257		555021746.832591	555021746.832591
256		555021746.832591	555021746.832591
255.5		555021746.832591	555021746.832591
255		555021746.832591	555021746.832591
254		555021746.832591	555021746.832591
253		555021746.832591	555021746.832591
252		555021746.832591	555021746.832591
251.5		555021746.832591	555021746.832591
251		555021746.832591	555021746.832591
250		555021746.832591	555021746.832591
249		555021746.832591	555021746.832591
248		555021746.832591	555021746.832591
247		555021746.832591	555021746.832591
246		555021746.832591	555021746.832591
245		555021746.832591	555021746.832591
244		555021746.832591	555021746.832591
243		555021746.832591	555021746.832591
242		555021746.832591	555021746.832591
241		555021746.832591	555021746.832591
228		555021746.832591	555021746.832591
227		555021746.832591	555021746.832591
226		555021746.832591	555021746.832591
225		555021746.832591	555021746.832591
224		555021746.832591	555021746.832591
223		555021746.832591	555021746.832591
222		555021746.832591	555021746.832591
221		555021746.832591	555021746.832591
220		555021746.832591	555021746.832591
219		555021746.832591	555021746.832591
218		555021746.832591	555021746.832591
217		555021746.832591	555021746.832591
216		555021746.832591	555021746.832591
215		555021746.832591	555021746.832591
214		555021746.832591	555021746.832591
213		555021746.832591	555021746.832591
212		555021746.832591	555021746.832591
211		555021746.832591	555021746.832591
210		555021746.832591	555021746.832591
209		555021746.832591	555021746.832591
208		555021746.832591	555021746.832591
207		555021746.832591	555021746.832591
206		555021746.832591	555021746.832591
205		555021746.832591	555021746.832591
204		555021746.832591	555021746.832591
203.5		555021746.832591	555021746.832591
203		555021746.832591	555021746.832591
202		555021746.832591	555021746.832591
201		555021746.832591	555021746.832591
200		555021746.832591	555021746.832591
199		555021746.832591	555021746.832591
198		555021746.832591	555021746.832591
197		555021746.832591	555021746.832591
196		555021746.832591	555021746.832591
195		555021746.832591	555021746.832591
194		555021746.832591	555021746.832591
193		555021746.832591	555021746.832591
192		555021746.832591	555021746.832591
191		555021746.832591	555021746.832591
190		555021746.832591	555021746.832591
189		555021746.832591	555021746.832591
188		555021746.832591	555021746.832591
187		555021746.832591	555021746.832591
186		555021746.832591	555021746.832591
185		555021746.832591	555021746.832591
184		555021746.832591	555021746.832591
183		555021746.832591	555021746.832591
182		555021746.832591	555021746.832591
181		555021746.832591	555021746.832591
180		555021746.832591	555021746.832591
179		555021746.832591	555021746.832591
178		555021746.832591	555021746.832591
177		555021746.832591	555021746.832591
176		555021746.832591	555021746.832591
175		555021746.832591	555021746.832591
174		555021746.832591	555021746.832591
173		555021746.832591	555021746.832591
172		555021746.832591	555021746.832591
171		555021746.832591	555021746.832591
170		555021746.832591	555021746.832591
169		555021746.832591	555021746.832591
168		555021746.832591	555021746.832591
167		555021746.832591	555021746.832591
166		555021746.832591	555021746.832591
165		555021746.832591	555021746.832591
164		555021746.832591	555021746.832591
163		555021746.832591	555021746.832591
162		555021746.832591	555021746.832591
161		555021746.832591	555021746.832591
160		555021746.832591	555021746.832591
159		555021746.832591	555021746.832591
158		555021746.832591	555021746.832591
157		555021746.832591	555021746.832591
156		555021746.832591	555021746.832591
155		555021746.832591	555021746.832591
154		555021746.832591	555021746.832591
153		555021746.832591	555021746.832591
152		555021746.832591	555021746.832591
151		555021746.832591	555021746.832591
150		555021746.832591	555021746.832591
149		555021746.832591	555021746.832591
148		555021746.832591	555021746.832591
147		555021746.832591	555021746.832591
146		555021746.832591	555021746.832591
145		555021746.832591	555021746.832591
144		555021746.832591	555021746.832591
143		555021746.832591	555021746.832591
142		555021746.832591	555021746.832591
141		555021746.832591	555021746.832591
140		555021746.832591	555021746.832591
139		555021746.832591	555021746.832591
138		555021746.832591	555021746.832591
137		555021746.832591	555021746.832591
136		555021746.832591	555021746.832591
135		555021746.832591	555021746.832591
134		555021746.832591	555021746.832591
133		555021746.832591	555021746.832591
132		555021746.832591	555021746.832591
131		555021746.832591	555021746.832591
130		555021746.832591	555021746.832591
129		555021746.832591	555021746.832591
128		555021746.832591	555021746.832591
127		555021746.832591	555021746.832591
126		555021746.832591	555021746.832591
125		555021746.832591	555021746.832591
124		555021746.832591	555021746.832591
123		555021746.832591	555021746.832591
122		555021746.832591	555021746.832591
121		555021746.832591	555021746.832591
120		555021746.832591	555021746.832591
119		555021746.832591	555021746.832591
118		555021746.832591	555021746.832591
117		555021746.832591	555021746.832591
116		555021746.832591	555021746.832591
115		555021746.832591	555021746.832591
114		555021746.832591	555021746.832591
113		555021746.832591	555021746.832591
112		555021746.832591	555021746.832591
111		555021746.832591	555021746.832591
110		555021746.832591	555021746.832591
109		555021746.832591	555021746.832591
108		555021746.832591	555021746.832591
107		555021746.832591	555021746.832591
106		555021746.832591	555021746.832591
105		555021746.832591	555021746.832591
104		555021746.832591	555021746.832591
103		555021746.832591	555021746.832591
102		555021746.832591	555021746.832591
101		555021746.832591	555021746.832591
100		555021746.832591	555021746.832591
99		555021746.832591	555021746.832591
98		555021746.832591	555021746.832591
97		555021746.832591	555021746.832591
96		555021746.832591	555021746.832591
95		555021746.832591	555021746.832591
94		555021746.832591	555021746.832591
93		555021746.832591	555021746.832591
92		555021746.832591	555021746.832591
91		555021746.832591	555021746.832591
90		555021746.832591	555021746.832591
89		555021746.832591	555021746.832591
88		555021746.832591	555021746.832591
87		555021746.832591	555021746.832591
86		555021746.832591	555021746.832591
85		555021746.832591	555021746.832591
84		555021746.832591	555021746.832591
83		555021746.832591	555021746.832591
82		555021746.832591	555021746.832591
81		555021746.832591	555021746.832591
80		555021746.832591	555021746.832591
79		555021746.832591	555021746.832591
78		555021746.832591	555021746.832591
77		555021746.832591	555021746.832591
76		555021746.832591	555021746.832591
75		555021746.832591	555021746.832591
74		555021746.832591	555021746.832591
73		555021746.832591	555021746.832591
72		555021746.832591	555021746.832591
71		555021746.832591	555021746.832591
70		555021746.832591	555021746.832591
69		555021746.832591	555021746.832591
68		555021746.832591	555021746.832591
67		555021746.832591	555021746.832591
66		555021746.832591	555021746.832591
65		555021746.832591	555021746.832591
64		555021746.832591	555021746.832591
63		555021746.832591	555021746.832591
62		555021746.832591	555021746.832591
61		555021746.832591	555021746.832591
60		555021746.832591	555021746.832591
59		555021746.832591	555021746.832591
58		555021746.832591	555021746.832591
57		555021746.832591	555021746.832591
56		555021746.832591	555021746.832591
55		555021746.832591	555021746.832591
54		555021746.832591	555021746.832591
53		555021746.832591	555021746.832591
52		555021746.832591	555021746.832591
51		555021746.832591	555021746.832591
50		555021746.832591	555021746.832591
49		555021746.832591	555021746.832591
48		555021746.832591	555021746.832591
47		555021746.832591	555021746.832591
46		555021746.832591	555021746.832591
45		555021746.832591	555021746.832591
44		555021746.832591	555021746.832591
43		555021746.832591	555021746.832591
42		555021746.832591	555021746.832591
41		555021746.832591	555021746.832591
40		555021746.832591	555021746.832591
39		555021746.832591	555021746.832591
38		555021746.832591	555021746.832591
37		555021746.832591	555021746.832591
36		555021746.832591	555021746.832591
35		555021746.832591	555021746.832591
34		555021746.832591	555021746.832591
33		555021746.832591	555021746.832591
32		555021746.832591	555021746.832591
31		555021746.832591	555021746.832591
30		555021746.832591	555021746.832591
29		555021746.832591	555021746.832591
28		555021746.832591	555021746.832591
27		555021746.832591	555021746.832591
26		555021746.832591	555021746.832591
25		555021746.832591	555021746.832591
24		555021746.832591	555021746.832591
23		555021746.832591	555021746.832591
22.5		555021746.832591	555021746.832591
22		555021746.832591	555021746.832591
21		555021746.832591	555021746.832591
20		555021746.832591	555021746.832591
19		555021746.832591	555021746.832591
18		555021746.832591	555021746.832591
17		555021746.832591	555021746.832591
16.5		555021746.832591	555021746.832591
16		555021746.832591	555021746.832591
15		555021746.832591	555021746.832591
14		555021746.832591	555021746.832591
13		555021746.832591	555021746.832591
12		555021746.832591	555021746.832591
11		555021746.832591	555021746.832591
10		555021746.832591	555021746.832591
9		555021746.832591	555021746.832591
8		555021746.832591	555021746.832591
7		555021746.832591	555021746.832591
6		555021746.832591	555021746.832591
5		555021746.832591	555021746.832591
4		555021746.832591	555021746.832591
3		555021746.832591	555021746.832591
2		555021746.832591	555021746.832591
1		555021746.832591	555021746.832591
0		555021746.832591	555021746.832591
