1	565801139.640236
z13mangadex	Kono Shima ni wa Midara de Jaaku na Mono ga Sumu	35	565801075.355103	L	https://mangadex.org/title/12857/kono-shima-ni-wa-midara-de-jaaku-na-mono-ga-sumu	565801075.355103
34		556733753.584290	556733753.584290
33		556733753.584290	556733753.584290
32		556733753.584290	556733753.584290
31		556733753.584290	556733753.584290
30		556733753.584290	556733753.584290
29		556733753.584290	556733753.584290
28		556733753.584290	556733753.584290
27		556733753.584290	556733753.584290
26		556733753.584290	556733753.584290
25		556733753.584290	556733753.584290
24.5		556733753.584290	556733753.584290
24		556733753.584290	556733753.584290
23		556733753.584290	556733753.584290
22		556733753.584290	556733753.584290
21		556733753.584290	556733753.584290
20		556733753.584290	556733753.584290
19		556733753.584290	556733753.584290
18		556733753.584290	556733753.584290
17		556733753.584290	556733753.584290
16		556733753.584290	556733753.584290
15		556733753.584290	556733753.584290
14		556733753.584290	556733753.584290
13		556733753.584290	556733753.584290
12		556733753.584290	556733753.584290
11		556733753.584290	556733753.584290
10		556733753.584290	556733753.584290
9		556733753.584290	556733753.584290
8.5		556733753.584290	556733753.584290
8		556733753.584290	556733753.584290
7		556733753.584290	556733753.584290
6		556733753.584290	556733753.584290
5		556733753.584290	556733753.584290
4		556733753.584290	556733753.584290
3		556733753.584290	556733753.584290
2		556733753.584290	556733753.584290
1.5		556733753.584290	556733753.584290
1		556733753.584290	556733753.584290
35	030	565801075.355103	565801138.232319
