1	555527788.754332
z13mangadex	Baby Steps	315	555527765.547914	L	https://mangadex.org/manga/42/baby-steps	555527765.547914
315	21	555527765.547914	555527783.902670
314		555527788.175993	555527788.175993
313		555527788.175993	555527788.175993
312		555527788.175993	555527788.175993
311		555527788.175993	555527788.175993
310		555527788.175993	555527788.175993
309		555527788.175993	555527788.175993
308		555527788.175993	555527788.175993
307		555527788.175993	555527788.175993
306		555527788.175993	555527788.175993
305		555527788.175993	555527788.175993
304		555527788.175993	555527788.175993
303		555527788.175993	555527788.175993
302		555527788.175993	555527788.175993
301		555527788.175993	555527788.175993
300		555527788.175993	555527788.175993
299		555527788.175993	555527788.175993
298		555527788.175993	555527788.175993
297.5		555527788.175993	555527788.175993
297		555527788.175993	555527788.175993
296		555527788.175993	555527788.175993
295		555527788.175993	555527788.175993
294		555527788.175993	555527788.175993
293		555527788.175993	555527788.175993
292		555527788.175993	555527788.175993
291		555527788.175993	555527788.175993
290		555527788.175993	555527788.175993
289		555527788.175993	555527788.175993
288		555527788.175993	555527788.175993
287		555527788.175993	555527788.175993
286		555527788.175993	555527788.175993
285		555527788.175993	555527788.175993
284		555527788.175993	555527788.175993
283		555527788.175993	555527788.175993
282		555527788.175993	555527788.175993
281		555527788.175993	555527788.175993
280		555527788.175993	555527788.175993
279		555527788.175993	555527788.175993
278		555527788.175993	555527788.175993
277		555527788.175993	555527788.175993
276		555527788.175993	555527788.175993
275		555527788.175993	555527788.175993
274		555527788.175993	555527788.175993
273		555527788.175993	555527788.175993
272		555527788.175993	555527788.175993
271		555527788.175993	555527788.175993
270		555527788.175993	555527788.175993
269		555527788.175993	555527788.175993
268		555527788.175993	555527788.175993
267		555527788.175993	555527788.175993
266		555527788.175993	555527788.175993
265		555527788.175993	555527788.175993
264		555527788.175993	555527788.175993
263		555527788.175993	555527788.175993
262		555527788.175993	555527788.175993
261		555527788.175993	555527788.175993
260		555527788.175993	555527788.175993
259		555527788.175993	555527788.175993
258		555527788.175993	555527788.175993
257		555527788.175993	555527788.175993
256		555527788.175993	555527788.175993
255		555527788.175993	555527788.175993
254		555527788.175993	555527788.175993
253		555527788.175993	555527788.175993
252		555527788.175993	555527788.175993
251		555527788.175993	555527788.175993
250		555527788.175993	555527788.175993
249		555527788.175993	555527788.175993
248		555527788.175993	555527788.175993
247		555527788.175993	555527788.175993
246		555527788.175993	555527788.175993
245		555527788.175993	555527788.175993
244		555527788.175993	555527788.175993
243		555527788.175993	555527788.175993
242		555527788.175993	555527788.175993
241		555527788.175993	555527788.175993
240		555527788.175993	555527788.175993
239		555527788.175993	555527788.175993
238		555527788.175993	555527788.175993
237		555527788.175993	555527788.175993
236		555527788.175993	555527788.175993
235		555527788.175993	555527788.175993
234		555527788.175993	555527788.175993
233		555527788.175993	555527788.175993
232		555527788.175993	555527788.175993
231		555527788.175993	555527788.175993
230		555527788.175993	555527788.175993
229		555527788.175993	555527788.175993
228		555527788.175993	555527788.175993
227		555527788.175993	555527788.175993
226		555527788.175993	555527788.175993
225		555527788.175993	555527788.175993
224		555527788.175993	555527788.175993
223		555527788.175993	555527788.175993
222		555527788.175993	555527788.175993
221		555527788.175993	555527788.175993
220		555527788.175993	555527788.175993
219		555527788.175993	555527788.175993
218		555527788.175993	555527788.175993
217		555527788.175993	555527788.175993
216		555527788.175993	555527788.175993
215		555527788.175993	555527788.175993
214		555527788.175993	555527788.175993
213		555527788.175993	555527788.175993
212		555527788.175993	555527788.175993
211		555527788.175993	555527788.175993
210		555527788.175993	555527788.175993
209		555527788.175993	555527788.175993
208		555527788.175993	555527788.175993
207		555527788.175993	555527788.175993
206		555527788.175993	555527788.175993
205		555527788.175993	555527788.175993
204		555527788.175993	555527788.175993
203		555527788.175993	555527788.175993
202		555527788.175993	555527788.175993
201		555527788.175993	555527788.175993
200		555527788.175993	555527788.175993
199		555527788.175993	555527788.175993
198		555527788.175993	555527788.175993
197		555527788.175993	555527788.175993
196		555527788.175993	555527788.175993
195		555527788.175993	555527788.175993
194		555527788.175993	555527788.175993
193		555527788.175993	555527788.175993
192		555527788.175993	555527788.175993
191		555527788.175993	555527788.175993
190		555527788.175993	555527788.175993
189		555527788.175993	555527788.175993
188		555527788.175993	555527788.175993
187		555527788.175993	555527788.175993
186		555527788.175993	555527788.175993
185		555527788.175993	555527788.175993
184		555527788.175993	555527788.175993
183		555527788.175993	555527788.175993
182		555527788.175993	555527788.175993
181		555527788.175993	555527788.175993
180		555527788.175993	555527788.175993
179		555527788.175993	555527788.175993
178		555527788.175993	555527788.175993
177		555527788.175993	555527788.175993
176		555527788.175993	555527788.175993
175		555527788.175993	555527788.175993
174		555527788.175993	555527788.175993
173		555527788.175993	555527788.175993
172		555527788.175993	555527788.175993
171		555527788.175993	555527788.175993
170		555527788.175993	555527788.175993
169		555527788.175993	555527788.175993
168		555527788.175993	555527788.175993
167		555527788.175993	555527788.175993
166		555527788.175993	555527788.175993
165		555527788.175993	555527788.175993
164		555527788.175993	555527788.175993
163		555527788.175993	555527788.175993
162		555527788.175993	555527788.175993
161		555527788.175993	555527788.175993
160		555527788.175993	555527788.175993
159		555527788.175993	555527788.175993
158		555527788.175993	555527788.175993
157		555527788.175993	555527788.175993
156		555527788.175993	555527788.175993
155		555527788.175993	555527788.175993
154		555527788.175993	555527788.175993
153		555527788.175993	555527788.175993
152		555527788.175993	555527788.175993
151		555527788.175993	555527788.175993
150		555527788.175993	555527788.175993
149		555527788.175993	555527788.175993
148		555527788.175993	555527788.175993
147		555527788.175993	555527788.175993
146		555527788.175993	555527788.175993
145		555527788.175993	555527788.175993
144		555527788.175993	555527788.175993
143		555527788.175993	555527788.175993
142		555527788.175993	555527788.175993
141		555527788.175993	555527788.175993
140		555527788.175993	555527788.175993
139		555527788.175993	555527788.175993
138		555527788.175993	555527788.175993
137		555527788.175993	555527788.175993
136		555527788.175993	555527788.175993
135		555527788.175993	555527788.175993
134		555527788.175993	555527788.175993
133		555527788.175993	555527788.175993
132		555527788.175993	555527788.175993
131		555527788.175993	555527788.175993
130		555527788.175993	555527788.175993
129		555527788.175993	555527788.175993
128		555527788.175993	555527788.175993
127		555527788.175993	555527788.175993
126		555527788.175993	555527788.175993
125		555527788.175993	555527788.175993
124		555527788.175993	555527788.175993
123		555527788.175993	555527788.175993
122		555527788.175993	555527788.175993
121		555527788.175993	555527788.175993
120		555527788.175993	555527788.175993
119		555527788.175993	555527788.175993
118		555527788.175993	555527788.175993
117		555527788.175993	555527788.175993
116		555527788.175993	555527788.175993
115		555527788.175993	555527788.175993
114		555527788.175993	555527788.175993
113		555527788.175993	555527788.175993
112		555527788.175993	555527788.175993
111		555527788.175993	555527788.175993
110		555527788.175993	555527788.175993
109		555527788.175993	555527788.175993
108		555527788.175993	555527788.175993
107		555527788.175993	555527788.175993
106		555527788.175993	555527788.175993
105		555527788.175993	555527788.175993
104		555527788.175993	555527788.175993
103		555527788.175993	555527788.175993
102		555527788.175993	555527788.175993
101		555527788.175993	555527788.175993
100		555527788.175993	555527788.175993
99		555527788.175993	555527788.175993
98		555527788.175993	555527788.175993
97		555527788.175993	555527788.175993
96		555527788.175993	555527788.175993
95		555527788.175993	555527788.175993
94		555527788.175993	555527788.175993
93		555527788.175993	555527788.175993
92		555527788.175993	555527788.175993
91		555527788.175993	555527788.175993
90		555527788.175993	555527788.175993
89		555527788.175993	555527788.175993
88		555527788.175993	555527788.175993
87		555527788.175993	555527788.175993
86		555527788.175993	555527788.175993
85		555527788.175993	555527788.175993
84		555527788.175993	555527788.175993
83		555527788.175993	555527788.175993
82		555527788.175993	555527788.175993
81		555527788.175993	555527788.175993
80		555527788.175993	555527788.175993
79		555527788.175993	555527788.175993
78		555527788.175993	555527788.175993
77		555527788.175993	555527788.175993
76		555527788.175993	555527788.175993
75		555527788.175993	555527788.175993
74		555527788.175993	555527788.175993
73		555527788.175993	555527788.175993
72		555527788.175993	555527788.175993
71		555527788.175993	555527788.175993
70		555527788.175993	555527788.175993
69		555527788.175993	555527788.175993
68		555527788.175993	555527788.175993
67		555527788.175993	555527788.175993
66		555527788.175993	555527788.175993
65		555527788.175993	555527788.175993
64		555527788.175993	555527788.175993
63		555527788.175993	555527788.175993
62		555527788.175993	555527788.175993
61		555527788.175993	555527788.175993
60		555527788.175993	555527788.175993
59		555527788.175993	555527788.175993
58		555527788.175993	555527788.175993
57		555527788.175993	555527788.175993
56		555527788.175993	555527788.175993
55		555527788.175993	555527788.175993
54		555527788.175993	555527788.175993
53		555527788.175993	555527788.175993
52		555527788.175993	555527788.175993
51		555527788.175993	555527788.175993
50		555527788.175993	555527788.175993
49		555527788.175993	555527788.175993
48		555527788.175993	555527788.175993
47		555527788.175993	555527788.175993
46		555527788.175993	555527788.175993
45		555527788.175993	555527788.175993
44		555527788.175993	555527788.175993
43		555527788.175993	555527788.175993
42		555527788.175993	555527788.175993
41		555527788.175993	555527788.175993
40		555527788.175993	555527788.175993
39		555527788.175993	555527788.175993
38		555527788.175993	555527788.175993
37		555527788.175993	555527788.175993
36		555527788.175993	555527788.175993
35		555527788.175993	555527788.175993
34		555527788.175993	555527788.175993
33		555527788.175993	555527788.175993
32		555527788.175993	555527788.175993
31		555527788.175993	555527788.175993
30		555527788.175993	555527788.175993
29		555527788.175993	555527788.175993
28		555527788.175993	555527788.175993
27		555527788.175993	555527788.175993
26		555527788.175993	555527788.175993
25		555527788.175993	555527788.175993
24		555527788.175993	555527788.175993
23		555527788.175993	555527788.175993
22		555527788.175993	555527788.175993
21		555527788.175993	555527788.175993
20		555527788.175993	555527788.175993
19		555527788.175993	555527788.175993
18		555527788.175993	555527788.175993
17		555527788.175993	555527788.175993
16		555527788.175993	555527788.175993
15		555527788.175993	555527788.175993
14		555527788.175993	555527788.175993
13		555527788.175993	555527788.175993
12		555527788.175993	555527788.175993
11		555527788.175993	555527788.175993
10		555527788.175993	555527788.175993
9		555527788.175993	555527788.175993
8		555527788.175993	555527788.175993
7		555527788.175993	555527788.175993
6		555527788.175993	555527788.175993
5		555527788.175993	555527788.175993
4		555527788.175993	555527788.175993
3		555527788.175993	555527788.175993
2		555527788.175993	555527788.175993
1		555527788.175993	555527788.175993
