1	567958646.719927
z13mangadex	Mushoku Tensei: Jobless Reincarnation	49	566954414.519281	L	https://mangadex.org/title/12108/mushoku-tensei-jobless-reincarnation	566954414.519281
43		557554623.279511	557554623.279511
VOL8 42		557554623.279511	557554623.279511
42		557554623.279511	557554623.279511
VOL8 41		557554623.279511	557554623.279511
41		557554623.279511	557554623.279511
VOL8 40		557554623.279511	557554623.279511
40		557554623.279511	557554623.279511
39		557554623.279511	557554623.279511
38		557554623.279511	557554623.279511
37		557554623.279511	557554623.279511
36		557554623.279511	557554623.279511
35		557554623.279511	557554623.279511
34		557554623.279511	557554623.279511
33		557554623.279511	557554623.279511
32		557554623.279511	557554623.279511
31		557554623.279511	557554623.279511
30		557554623.279511	557554623.279511
29		557554623.279511	557554623.279511
28		557554623.279511	557554623.279511
27		557554623.279511	557554623.279511
26		557554623.279511	557554623.279511
25		557554623.279511	557554623.279511
24.5		557554623.279511	557554623.279511
24		557554623.279511	557554623.279511
23		557554623.279511	557554623.279511
22		557554623.279511	557554623.279511
21.5		557554623.279511	557554623.279511
21		557554623.279511	557554623.279511
20		557554623.279511	557554623.279511
19		557554623.279511	557554623.279511
18		557554623.279511	557554623.279511
17		557554623.279511	557554623.279511
16.5		557554623.279511	557554623.279511
16		557554623.279511	557554623.279511
15		557554623.279511	557554623.279511
14		557554623.279511	557554623.279511
13		557554623.279511	557554623.279511
12		557554623.279511	557554623.279511
11		557554623.279511	557554623.279511
10.5		557554623.279511	557554623.279511
10		557554623.279511	557554623.279511
9		557554623.279511	557554623.279511
8		557554623.279511	557554623.279511
7		557554623.279511	557554623.279511
6		557554623.279511	557554623.279511
5		557554623.279511	557554623.279511
4		557554623.279511	557554623.279511
3		557554623.279511	557554623.279511
2		557554623.279511	557554623.279511
1		557554623.279511	557554623.279511
44	027	561214706.601267	561214862.021124
VOL9 43		561214613.775391	561214705.811356
VOL9 44	027	562139518.701691	562139597.704603
45		565037141.780788	565037520.363835
46		565037520.973175	565037791.285848
47	034	565037791.584497	565037865.706496
48	039	565089979.650880	565090116.213334
49	031	566954414.519281	566954515.414606
VOL9 46		567011881.180819	567011881.180819
VOL9 47		567958643.724846	567958643.724846
