1	568357327.818383
z13mangadex	Act-Age	20	555514126.268055	L	https://mangadex.org/title/23242/act-age	555514126.268055
12		555513599.724328	555513616.286640
13		555513616.918136	555513689.471520
14		555513690.201978	555513771.174975
15		555513771.848147	555513821.610724
16		555513822.327976	555513882.676744
17		555513883.371961	555513944.665954
18		555513945.413185	555514084.267863
19		555514084.916108	555514125.584441
20	18	555514126.268055	555514192.599164
11		555514199.543296	555514199.543296
10		555514199.543296	555514199.543296
9		555514199.543296	555514199.543296
8		555514199.543296	555514199.543296
7		555514199.543296	555514199.543296
6		555514199.543296	555514199.543296
VOL1 5		555514199.543296	555514199.543296
5		555514199.543296	555514199.543296
VOL1 4		555514199.543296	555514199.543296
4		555514199.543296	555514199.543296
46.5		567495733.882890	567495733.882890
42		567529002.643475	567529002.643475
43		567749395.898797	567749395.898797
44		568357325.632481	568357325.632481
