1	557461073.239439
z13mangadex	17-sai.	35.5	557461055.389673	L	https://mangadex.org/title/518/17-sai/	557461055.389673
1		557460081.927301	557460199.019955
2		557460199.880043	557460261.122879
3		557460261.783822	557460315.473708
4		557460315.732726	557460383.464302
5		557460383.832081	557460432.700176
6		557460433.061903	557460489.119862
7		557460489.470727	557460533.921674
8		557460534.281860	557460570.245508
9	026	557460571.044578	557460623.030547
27		557460630.412210	557460678.863252
28		557460679.582973	557460720.550841
29		557460721.258685	557460764.086044
30		557460764.387573	557460826.205451
31		557460827.038766	557460867.638098
32		557460868.333250	557460911.242414
33		557460911.645460	557460970.144947
34		557460970.910172	557461022.797175
35		557461023.545071	557461054.682117
35.5	008	557461055.389673	557461073.238734
