1	558976823.834707
z13mangadex	Saikin Kono Sekai wa Watashi Dake no Mono ni Narimashita......			L	https://mangadex.org/title/16908/saikin-kono-sekai-wa-watashi-dake-no-mono-ni-narimashita	0.000000
85		558976810.061078	558976810.061078
84		558976810.061078	558976810.061078
83		558976810.061078	558976810.061078
82		558976810.061078	558976810.061078
81		558976810.061078	558976810.061078
80		558976810.061078	558976810.061078
79		558976810.061078	558976810.061078
78		558976810.061078	558976810.061078
77		558976810.061078	558976810.061078
76		558976810.061078	558976810.061078
75		558976810.061078	558976810.061078
74		558976810.061078	558976810.061078
73		558976810.061078	558976810.061078
72		558976810.061078	558976810.061078
71		558976810.061078	558976810.061078
70		558976810.061078	558976810.061078
69		558976810.061078	558976810.061078
68		558976810.061078	558976810.061078
67		558976810.061078	558976810.061078
66		558976810.061078	558976810.061078
65		558976810.061078	558976810.061078
64		558976810.061078	558976810.061078
63		558976810.061078	558976810.061078
62		558976810.061078	558976810.061078
61		558976810.061078	558976810.061078
60		558976810.061078	558976810.061078
59		558976810.061078	558976810.061078
58		558976810.061078	558976810.061078
57		558976810.061078	558976810.061078
56		558976810.061078	558976810.061078
55		558976810.061078	558976810.061078
54		558976810.061078	558976810.061078
53		558976810.061078	558976810.061078
52		558976810.061078	558976810.061078
51		558976810.061078	558976810.061078
50		558976810.061078	558976810.061078
49		558976810.061078	558976810.061078
48		558976810.061078	558976810.061078
47		558976810.061078	558976810.061078
46		558976810.061078	558976810.061078
45		558976810.061078	558976810.061078
44		558976810.061078	558976810.061078
43		558976810.061078	558976810.061078
42		558976810.061078	558976810.061078
41		558976810.061078	558976810.061078
40		558976810.061078	558976810.061078
39		558976810.061078	558976810.061078
38		558976810.061078	558976810.061078
37		558976810.061078	558976810.061078
36		558976810.061078	558976810.061078
35		558976810.061078	558976810.061078
34		558976810.061078	558976810.061078
33		558976810.061078	558976810.061078
32		558976810.061078	558976810.061078
31		558976810.061078	558976810.061078
30		558976810.061078	558976810.061078
29		558976810.061078	558976810.061078
28		558976810.061078	558976810.061078
27		558976810.061078	558976810.061078
26		558976810.061078	558976810.061078
25		558976810.061078	558976810.061078
24		558976810.061078	558976810.061078
23		558976810.061078	558976810.061078
22		558976810.061078	558976810.061078
21		558976810.061078	558976810.061078
20		558976810.061078	558976810.061078
19		558976810.061078	558976810.061078
18		558976810.061078	558976810.061078
17		558976810.061078	558976810.061078
16		558976810.061078	558976810.061078
15		558976810.061078	558976810.061078
14		558976810.061078	558976810.061078
13		558976810.061078	558976810.061078
12		558976810.061078	558976810.061078
11		558976810.061078	558976810.061078
10		558976810.061078	558976810.061078
9		558976810.061078	558976810.061078
8		558976810.061078	558976810.061078
7		558976810.061078	558976810.061078
6		558976810.061078	558976810.061078
5		558976810.061078	558976810.061078
4		558976810.061078	558976810.061078
3		558976810.061078	558976810.061078
2		558976810.061078	558976810.061078
1		558976810.061078	558976810.061078
