1	567811116.123991
z13mangadex	Toshishita No Senpai-chan Ni Wa, Maketakunai.	7	563641119.139445	L	https://mangadex.org/title/31174/toshishita-no-senpai-chan-ni-wa-maketakunai	563641119.139445
1		562012362.233822	562018677.644777
2	012	562018677.905906	562018720.936385
3	012	562170328.917680	562170393.897798
4		562427077.144394	562427533.977722
4.5		562427534.408226	562427580.212729
5	012	562427580.537343	562427605.066010
6	012	562907308.575981	562907365.279212
7	012	563641119.139445	563641193.405874
