1	567814006.373302
z13mangadex	Wanting to Touch You	62	567564593.439811	B	https://mangadex.org/title/22138/wanting-to-touch-you	567564593.439811
30		556668373.737579	556668373.737579
29		556668373.737579	556668373.737579
28		556668373.737579	556668373.737579
27		556668373.737579	556668373.737579
26		556668373.737579	556668373.737579
25		556668373.737579	556668373.737579
24		556668373.737579	556668373.737579
23		556668373.737579	556668373.737579
22		556668373.737579	556668373.737579
21		556668373.737579	556668373.737579
20		556668373.737579	556668373.737579
19		556668373.737579	556668373.737579
18		556668373.737579	556668373.737579
17		556668373.737579	556668373.737579
16		556668373.737579	556668373.737579
15		556668373.737579	556668373.737579
14		556668373.737579	556668373.737579
13		556668373.737579	556668373.737579
12		556668373.737579	556668373.737579
11		556668373.737579	556668373.737579
10		556668373.737579	556668373.737579
9		556668373.737579	556668373.737579
8		556668373.737579	556668373.737579
7		556668373.737579	556668373.737579
6		556668373.737579	556668373.737579
5		556668373.737579	556668373.737579
4		556668373.737579	556668373.737579
3		556668373.737579	556668373.737579
2		556668373.737579	556668373.737579
1		556668373.737579	556668373.737579
0		556668373.737579	556668373.737579
31	022	557247331.869906	557247445.025677
32	018	557765167.857129	557765205.215242
33	021	558368890.497386	558369036.566646
34	013	558975471.576823	558975501.782056
35		559579415.993128	559579441.561243
36	017	559579441.844909	559579480.164734
37		560098092.548202	560099074.780231
38		560789626.942266	560789628.215565
39		560789628.894679	560789656.917400
40	019	560789657.225600	560789680.332405
41		561388688.329594	561388707.215751
42	020	561388707.937351	561388751.289747
43		562081065.768182	562081107.083965
44		562605497.859486	562605498.949958
45		562605499.411628	562605534.236914
46		563206772.604510	563206773.660732
47		563206775.234534	563206884.633656
48	019	563206885.338939	563207582.293800
49		563779224.573807	563779305.409530
50	023	563779305.770444	563779330.563185
51		564419072.661168	564419124.223873
52	039	564419124.466751	564419215.708084
53	009	564972486.928718	564972673.134862
54	021	565025778.308450	565025921.886328
55		565626319.326944	565626380.005202
56	025	565626380.357584	565626929.994775
57		566318351.618969	566325032.246868
58	025	566325032.501544	566325054.347532
59		566778382.160986	566778470.045661
60	024	566778470.601901	566778520.933779
61		567564571.954910	567564593.027299
62	022	567564593.439811	567564630.709489
