1	556729705.235870
z13mangadex	Chikotan, Kowareru			L	https://mangadex.org/title/16046/chikotan-kowareru	0.000000
33		555529197.689502	555529197.689502
32		555529197.689502	555529197.689502
31		555529197.689502	555529197.689502
30		555529197.689502	555529197.689502
29		555529197.689502	555529197.689502
28		555529197.689502	555529197.689502
27		555529197.689502	555529197.689502
26		555529197.689502	555529197.689502
25		555529197.689502	555529197.689502
24		555529197.689502	555529197.689502
23		555529197.689502	555529197.689502
22		555529197.689502	555529197.689502
21		555529197.689502	555529197.689502
20		555529197.689502	555529197.689502
19		555529197.689502	555529197.689502
18		555529197.689502	555529197.689502
17		555529197.689502	555529197.689502
16		555529197.689502	555529197.689502
15		555529197.689502	555529197.689502
14		555529197.689502	555529197.689502
13		555529197.689502	555529197.689502
12		555529197.689502	555529197.689502
11		555529197.689502	555529197.689502
10		555529197.689502	555529197.689502
9		555529197.689502	555529197.689502
8		555529197.689502	555529197.689502
7		555529197.689502	555529197.689502
6		555529197.689502	555529197.689502
5		555529197.689502	555529197.689502
4		555529197.689502	555529197.689502
3		555529197.689502	555529197.689502
2		555529197.689502	555529197.689502
1		555529197.689502	555529197.689502
