1	568394268.476696
z13mangadex	Golden Kamuy	185	568394165.980884	L	https://mangadex.org/title/16663/golden-kamuy	568394165.980884
168	18	555613712.126313	555613789.772476
167	18	555612164.369290	555612577.491021
166		555605896.618854	555605896.618854
165		555605896.618854	555605896.618854
164		555605896.618854	555605896.618854
163		555605896.618854	555605896.618854
162		555605896.618854	555605896.618854
161		555605896.618854	555605896.618854
160		555605896.618854	555605896.618854
159		555605896.618854	555605896.618854
158		555605896.618854	555605896.618854
157		555605896.618854	555605896.618854
156		555605896.618854	555605896.618854
155		555605896.618854	555605896.618854
154		555605896.618854	555605896.618854
153		555605896.618854	555605896.618854
152		555605896.618854	555605896.618854
151		555605896.618854	555605896.618854
150		555605896.618854	555605896.618854
149		555605896.618854	555605896.618854
148		555605896.618854	555605896.618854
147		555605896.618854	555605896.618854
146		555605896.618854	555605896.618854
145		555605896.618854	555605896.618854
144		555605896.618854	555605896.618854
143		555605896.618854	555605896.618854
142		555605896.618854	555605896.618854
141		555605896.618854	555605896.618854
140		555605896.618854	555605896.618854
139		555605896.618854	555605896.618854
138		555605896.618854	555605896.618854
137		555605896.618854	555605896.618854
136		555605896.618854	555605896.618854
135		555605896.618854	555605896.618854
134		555605896.618854	555605896.618854
133		555605896.618854	555605896.618854
132		555605896.618854	555605896.618854
131		555605896.618854	555605896.618854
130		555605896.618854	555605896.618854
129		555605896.618854	555605896.618854
128		555605896.618854	555605896.618854
127		555605896.618854	555605896.618854
126		555605896.618854	555605896.618854
125		555605896.618854	555605896.618854
124		555605896.618854	555605896.618854
123		555605896.618854	555605896.618854
122		555605896.618854	555605896.618854
121		555605896.618854	555605896.618854
120		555605896.618854	555605896.618854
119		555605896.618854	555605896.618854
118		555605896.618854	555605896.618854
117		555605896.618854	555605896.618854
116		555605896.618854	555605896.618854
115		555605896.618854	555605896.618854
114		555605896.618854	555605896.618854
113		555605896.618854	555605896.618854
112		555605896.618854	555605896.618854
111		555605896.618854	555605896.618854
110		555605896.618854	555605896.618854
109		555605896.618854	555605896.618854
108		555605896.618854	555605896.618854
107		555605896.618854	555605896.618854
106		555605896.618854	555605896.618854
105		555605896.618854	555605896.618854
104		555605896.618854	555605896.618854
103		555605896.618854	555605896.618854
102		555605896.618854	555605896.618854
101		555605896.618854	555605896.618854
100		555605896.618854	555605896.618854
99		555605896.618854	555605896.618854
98		555605896.618854	555605896.618854
97		555605896.618854	555605896.618854
96		555605896.618854	555605896.618854
95		555605896.618854	555605896.618854
94		555605896.618854	555605896.618854
93		555605896.618854	555605896.618854
92		555605896.618854	555605896.618854
91		555605896.618854	555605896.618854
90		555605896.618854	555605896.618854
89		555605896.618854	555605896.618854
88		555605896.618854	555605896.618854
87		555605896.618854	555605896.618854
86		555605896.618854	555605896.618854
85		555605896.618854	555605896.618854
84		555605896.618854	555605896.618854
83		555605896.618854	555605896.618854
82		555605896.618854	555605896.618854
81		555605896.618854	555605896.618854
80		555605896.618854	555605896.618854
79		555605896.618854	555605896.618854
78		555605896.618854	555605896.618854
77		555605896.618854	555605896.618854
76		555605896.618854	555605896.618854
75		555605896.618854	555605896.618854
74		555605896.618854	555605896.618854
73		555605896.618854	555605896.618854
72		555605896.618854	555605896.618854
71		555605896.618854	555605896.618854
70		555605896.618854	555605896.618854
69		555605896.618854	555605896.618854
68		555605896.618854	555605896.618854
67		555605896.618854	555605896.618854
66		555605896.618854	555605896.618854
65		555605896.618854	555605896.618854
64		555605896.618854	555605896.618854
63		555605896.618854	555605896.618854
62		555605896.618854	555605896.618854
61		555605896.618854	555605896.618854
60		555605896.618854	555605896.618854
59		555605896.618854	555605896.618854
58		555605896.618854	555605896.618854
57		555605896.618854	555605896.618854
56		555605896.618854	555605896.618854
55		555605896.618854	555605896.618854
54		555605896.618854	555605896.618854
53		555605896.618854	555605896.618854
52		555605896.618854	555605896.618854
51		555605896.618854	555605896.618854
50		555605896.618854	555605896.618854
49		555605896.618854	555605896.618854
48		555605896.618854	555605896.618854
47		555605896.618854	555605896.618854
46		555605896.618854	555605896.618854
45		555605896.618854	555605896.618854
44		555605896.618854	555605896.618854
43		555605896.618854	555605896.618854
42		555605896.618854	555605896.618854
41		555605896.618854	555605896.618854
40		555605896.618854	555605896.618854
39		555605896.618854	555605896.618854
38		555605896.618854	555605896.618854
37		555605896.618854	555605896.618854
36		555605896.618854	555605896.618854
35		555605896.618854	555605896.618854
34		555605896.618854	555605896.618854
33		555605896.618854	555605896.618854
32		555605896.618854	555605896.618854
31		555605896.618854	555605896.618854
30		555605896.618854	555605896.618854
29		555605896.618854	555605896.618854
28		555605896.618854	555605896.618854
27		555605896.618854	555605896.618854
26		555605896.618854	555605896.618854
25		555605896.618854	555605896.618854
24		555605896.618854	555605896.618854
23		555605896.618854	555605896.618854
22		555605896.618854	555605896.618854
21		555605896.618854	555605896.618854
20		555605896.618854	555605896.618854
19		555605896.618854	555605896.618854
18		555605896.618854	555605896.618854
17		555605896.618854	555605896.618854
16		555605896.618854	555605896.618854
15		555605896.618854	555605896.618854
14		555605896.618854	555605896.618854
13		555605896.618854	555605896.618854
12		555605896.618854	555605896.618854
11		555605896.618854	555605896.618854
10		555605896.618854	555605896.618854
9		555605896.618854	555605896.618854
8		555605896.618854	555605896.618854
7		555605896.618854	555605896.618854
6		555605896.618854	555605896.618854
5		555605896.618854	555605896.618854
4		555605896.618854	555605896.618854
3		555605896.618854	555605896.618854
2		555605896.618854	555605896.618854
1		555605896.618854	555605896.618854
169	019	556066775.535834	556066890.600985
170	018	557246640.762833	557246652.536921
171		559754048.298049	559754049.927454
172	019	559754050.939263	559754095.355235
173	018	560356676.493328	560356850.996013
174	017	560872196.034011	560872265.139335
175	018	561561857.596338	561561988.269248
176	018	562076865.767773	562077206.164544
177	018	562512748.869586	562512823.350328
178	019	563125519.475178	563125812.055849
179	017	563989857.723293	563989945.090847
180	017	564849488.280849	564849582.523271
181	019	565640339.287796	565640397.964237
182	018	566412802.131177	566412850.063939
183	018	566673754.479713	566673822.711953
184	018	567284938.039093	567287316.334535
185	019	568394165.980884	568394268.476065
