1	557941381.844196
z13mangadex	Musunde Hiraite			L	https://mangadex.org/title/609/musunde-hiraite	0.000000
41		557941379.714458	557941379.714458
40		557941379.714458	557941379.714458
39		557941379.714458	557941379.714458
38		557941379.714458	557941379.714458
37		557941379.714458	557941379.714458
36		557941379.714458	557941379.714458
35		557941379.714458	557941379.714458
34.1		557941379.714458	557941379.714458
34		557941379.714458	557941379.714458
33		557941379.714458	557941379.714458
32		557941379.714458	557941379.714458
31		557941379.714458	557941379.714458
30		557941379.714458	557941379.714458
29.1		557941379.714458	557941379.714458
29		557941379.714458	557941379.714458
28		557941379.714458	557941379.714458
27		557941379.714458	557941379.714458
26		557941379.714458	557941379.714458
25		557941379.714458	557941379.714458
24		557941379.714458	557941379.714458
23		557941379.714458	557941379.714458
22		557941379.714458	557941379.714458
21		557941379.714458	557941379.714458
20		557941379.714458	557941379.714458
19		557941379.714458	557941379.714458
18		557941379.714458	557941379.714458
17		557941379.714458	557941379.714458
16		557941379.714458	557941379.714458
15		557941379.714458	557941379.714458
14.1		557941379.714458	557941379.714458
14		557941379.714458	557941379.714458
13		557941379.714458	557941379.714458
12		557941379.714458	557941379.714458
11		557941379.714458	557941379.714458
10		557941379.714458	557941379.714458
9		557941379.714458	557941379.714458
8		557941379.714458	557941379.714458
7		557941379.714458	557941379.714458
6		557941379.714458	557941379.714458
5		557941379.714458	557941379.714458
4		557941379.714458	557941379.714458
3		557941379.714458	557941379.714458
2		557941379.714458	557941379.714458
1		557941379.714458	557941379.714458
