1	567811280.660403
z13mangadex	Kobayashi-san Chi no Maid Dragon	77	563550892.069225	L	https://mangadex.org/title/15514/kobayashi-san-chi-no-maid-dragon	563550892.069225
72		556731662.379797	556731662.379797
71		556731662.379797	556731662.379797
70		556731662.379797	556731662.379797
69		556731662.379797	556731662.379797
68		556731662.379797	556731662.379797
67		556731662.379797	556731662.379797
66		556731662.379797	556731662.379797
65		556731662.379797	556731662.379797
64		556731662.379797	556731662.379797
63		556731662.379797	556731662.379797
62		556731662.379797	556731662.379797
61		556731662.379797	556731662.379797
60		556731662.379797	556731662.379797
59		556731662.379797	556731662.379797
58		556731662.379797	556731662.379797
57		556731662.379797	556731662.379797
56		556731662.379797	556731662.379797
55		556731662.379797	556731662.379797
54		556731662.379797	556731662.379797
53		556731662.379797	556731662.379797
52		556731662.379797	556731662.379797
51		556731662.379797	556731662.379797
50		556731662.379797	556731662.379797
49		556731662.379797	556731662.379797
48		556731662.379797	556731662.379797
47		556731662.379797	556731662.379797
46		556731662.379797	556731662.379797
45		556731662.379797	556731662.379797
VOL5 44		556731662.379797	556731662.379797
44		556731662.379797	556731662.379797
VOL5 43		556731662.379797	556731662.379797
43		556731662.379797	556731662.379797
42		556731662.379797	556731662.379797
41		556731662.379797	556731662.379797
40		556731662.379797	556731662.379797
39		556731662.379797	556731662.379797
38		556731662.379797	556731662.379797
37		556731662.379797	556731662.379797
36		556731662.379797	556731662.379797
35		556731662.379797	556731662.379797
34		556731662.379797	556731662.379797
33		556731662.379797	556731662.379797
32		556731662.379797	556731662.379797
31		556731662.379797	556731662.379797
30		556731662.379797	556731662.379797
29		556731662.379797	556731662.379797
28		556731662.379797	556731662.379797
27		556731662.379797	556731662.379797
26		556731662.379797	556731662.379797
25		556731662.379797	556731662.379797
24		556731662.379797	556731662.379797
23		556731662.379797	556731662.379797
22		556731662.379797	556731662.379797
21		556731662.379797	556731662.379797
20		556731662.379797	556731662.379797
19		556731662.379797	556731662.379797
18		556731662.379797	556731662.379797
17		556731662.379797	556731662.379797
16		556731662.379797	556731662.379797
15		556731662.379797	556731662.379797
14		556731662.379797	556731662.379797
13		556731662.379797	556731662.379797
12		556731662.379797	556731662.379797
11		556731662.379797	556731662.379797
10		556731662.379797	556731662.379797
9		556731662.379797	556731662.379797
8		556731662.379797	556731662.379797
7		556731662.379797	556731662.379797
6		556731662.379797	556731662.379797
5		556731662.379797	556731662.379797
4		556731662.379797	556731662.379797
3		556731662.379797	556731662.379797
2		556731662.379797	556731662.379797
1		556731662.379797	556731662.379797
73	016	562958346.178340	562958456.444852
74		563122659.109353	563122714.866427
75	015	563122715.518835	563122793.277646
76		563550774.295745	563550891.721915
77	018	563550892.069225	563550968.759719
