1	555606925.062093
z13mangadex	Hime-sama Tanuki no Koizanyou			L	https://mangadex.org/manga/12686/hime-sama-tanuki-no-koizanyou	0.000000
12		555606924.463853	555606924.463853
11		555606924.463853	555606924.463853
10		555606924.463853	555606924.463853
9		555606924.463853	555606924.463853
8		555606924.463853	555606924.463853
7		555606924.463853	555606924.463853
6		555606924.463853	555606924.463853
5		555606924.463853	555606924.463853
4		555606924.463853	555606924.463853
3		555606924.463853	555606924.463853
2		555606924.463853	555606924.463853
1		555606924.463853	555606924.463853
