1	555526561.327620
z13mangadex	Kekkon shite mo Koi shiteru	17	555526554.878293	L	https://mangadex.org/manga/16972/kekkon-shite-mo-koi-shiteru	555526554.878293
16		555526199.310603	555526360.531949
17	17	555526554.878293	555526561.327036
15		555526447.372706	555526447.372706
14		555526447.372706	555526447.372706
13		555526447.372706	555526447.372706
12		555526447.372706	555526447.372706
11		555526447.372706	555526447.372706
10		555526447.372706	555526447.372706
9		555526447.372706	555526447.372706
8		555526447.372706	555526447.372706
7		555526447.372706	555526447.372706
6		555526447.372706	555526447.372706
5		555526447.372706	555526447.372706
4		555526447.372706	555526447.372706
3		555526447.372706	555526447.372706
2		555526447.372706	555526447.372706
1		555526447.372706	555526447.372706
