1	562000277.126662
z13mangadex	Summertime Rendering	15	562000215.266480	L	https://mangadex.org/title/22926/summertime-rendering	562000215.266480
13	001	558979317.849140	558979320.160022
12		558979323.183564	558979323.183564
11		558979323.183564	558979323.183564
10		558979323.183564	558979323.183564
9		558979323.183564	558979323.183564
8		558979323.183564	558979323.183564
7		558979323.183564	558979323.183564
6		558979323.183564	558979323.183564
5		558979323.183564	558979323.183564
4		558979323.183564	558979323.183564
3		558979323.183564	558979323.183564
2		558979323.183564	558979323.183564
1		558979323.183564	558979323.183564
14	016	558988146.842957	558988197.341929
15	018	562000215.266480	562000275.802317
