1	556043487.556246
z13mangadex	21st Century Boys	16	556043348.341143	L	https://mangadex.org/manga/1591/21st-century-boys	556043348.341143
1		556041238.809346	556041781.186409
2		556041781.833593	556042120.510804
3		556042120.712686	556042204.331521
4		556042205.016888	556042295.851913
5		556042297.432316	556042363.304988
6		556042363.915878	556042449.655225
7		556042450.301316	556042523.961674
8		556042524.564565	556042612.729885
9		556042613.014160	556042831.212823
10		556042831.950077	556042922.149980
11		556042922.359158	556042996.890445
12		556042997.229644	556043046.325547
13		556043046.903007	556043142.995100
14		556043143.536938	556043204.829779
15		556043205.497902	556043347.715568
16	026	556043348.341143	556043487.555820
