1	567946704.850780
z13mangadex	3-Gatsu no Lion	0	565846271.565095	L	https://mangadex.org/title/528/3-gatsu-no-lion	565846271.565095
139.5		555522055.983681	555522055.983681
139		555522055.983681	555522055.983681
138		555522055.983681	555522055.983681
137		555522055.983681	555522055.983681
136		555522055.983681	555522055.983681
135		555522055.983681	555522055.983681
134		555522055.983681	555522055.983681
133		555522055.983681	555522055.983681
132		555522055.983681	555522055.983681
131		555522055.983681	555522055.983681
130		555522055.983681	555522055.983681
129		555522055.983681	555522055.983681
128		555522055.983681	555522055.983681
127		555522055.983681	555522055.983681
126.5		555522055.983681	555522055.983681
126		555522055.983681	555522055.983681
125		555522055.983681	555522055.983681
124		555522055.983681	555522055.983681
123		555522055.983681	555522055.983681
122		555522055.983681	555522055.983681
121		555522055.983681	555522055.983681
120		555522055.983681	555522055.983681
119		555522055.983681	555522055.983681
118		555522055.983681	555522055.983681
117		555522055.983681	555522055.983681
116		555522055.983681	555522055.983681
115		555522055.983681	555522055.983681
114.5		555522055.983681	555522055.983681
114		555522055.983681	555522055.983681
113		555522055.983681	555522055.983681
112		555522055.983681	555522055.983681
111		555522055.983681	555522055.983681
110		555522055.983681	555522055.983681
109		555522055.983681	555522055.983681
108		555522055.983681	555522055.983681
107		555522055.983681	555522055.983681
106		555522055.983681	555522055.983681
105		555522055.983681	555522055.983681
104.5		555522055.983681	555522055.983681
104		555522055.983681	555522055.983681
103		555522055.983681	555522055.983681
102		555522055.983681	555522055.983681
101		555522055.983681	555522055.983681
100		555522055.983681	555522055.983681
99		555522055.983681	555522055.983681
98		555522055.983681	555522055.983681
97		555522055.983681	555522055.983681
96		555522055.983681	555522055.983681
95		555522055.983681	555522055.983681
94		555522055.983681	555522055.983681
93		555522055.983681	555522055.983681
92		555522055.983681	555522055.983681
91		555522055.983681	555522055.983681
90		555522055.983681	555522055.983681
89		555522055.983681	555522055.983681
88		555522055.983681	555522055.983681
87		555522055.983681	555522055.983681
86		555522055.983681	555522055.983681
85		555522055.983681	555522055.983681
84		555522055.983681	555522055.983681
83.5		555522055.983681	555522055.983681
83		555522055.983681	555522055.983681
82		555522055.983681	555522055.983681
81		555522055.983681	555522055.983681
80		555522055.983681	555522055.983681
79		555522055.983681	555522055.983681
78		555522055.983681	555522055.983681
77		555522055.983681	555522055.983681
76		555522055.983681	555522055.983681
75		555522055.983681	555522055.983681
74		555522055.983681	555522055.983681
73		555522055.983681	555522055.983681
72		555522055.983681	555522055.983681
71		555522055.983681	555522055.983681
70		555522055.983681	555522055.983681
69		555522055.983681	555522055.983681
68		555522055.983681	555522055.983681
67		555522055.983681	555522055.983681
66		555522055.983681	555522055.983681
65		555522055.983681	555522055.983681
64		555522055.983681	555522055.983681
63.5		555522055.983681	555522055.983681
63		555522055.983681	555522055.983681
62		555522055.983681	555522055.983681
61		555522055.983681	555522055.983681
60		555522055.983681	555522055.983681
59		555522055.983681	555522055.983681
58		555522055.983681	555522055.983681
57		555522055.983681	555522055.983681
56		555522055.983681	555522055.983681
55		555522055.983681	555522055.983681
54		555522055.983681	555522055.983681
53		555522055.983681	555522055.983681
52		555522055.983681	555522055.983681
51		555522055.983681	555522055.983681
50		555522055.983681	555522055.983681
49		555522055.983681	555522055.983681
48		555522055.983681	555522055.983681
47		555522055.983681	555522055.983681
46		555522055.983681	555522055.983681
45		555522055.983681	555522055.983681
44		555522055.983681	555522055.983681
43		555522055.983681	555522055.983681
42.5		555522055.983681	555522055.983681
42		555522055.983681	555522055.983681
41		555522055.983681	555522055.983681
40		555522055.983681	555522055.983681
39		555522055.983681	555522055.983681
38		555522055.983681	555522055.983681
37		555522055.983681	555522055.983681
36		555522055.983681	555522055.983681
35		555522055.983681	555522055.983681
34		555522055.983681	555522055.983681
33		555522055.983681	555522055.983681
32.5		555522055.983681	555522055.983681
32		555522055.983681	555522055.983681
31		555522055.983681	555522055.983681
30		555522055.983681	555522055.983681
29		555522055.983681	555522055.983681
28		555522055.983681	555522055.983681
27		555522055.983681	555522055.983681
26		555522055.983681	555522055.983681
25		555522055.983681	555522055.983681
24		555522055.983681	555522055.983681
23		555522055.983681	555522055.983681
22		555522055.983681	555522055.983681
21.5		555522055.983681	555522055.983681
21		555522055.983681	555522055.983681
20		555522055.983681	555522055.983681
19		555522055.983681	555522055.983681
18		555522055.983681	555522055.983681
17		555522055.983681	555522055.983681
16		555522055.983681	555522055.983681
15		555522055.983681	555522055.983681
14		555522055.983681	555522055.983681
13		555522055.983681	555522055.983681
12		555522055.983681	555522055.983681
11		555522055.983681	555522055.983681
10.5		555522055.983681	555522055.983681
10		555522055.983681	555522055.983681
9		555522055.983681	555522055.983681
8		555522055.983681	555522055.983681
7		555522055.983681	555522055.983681
6		555522055.983681	555522055.983681
5		555522055.983681	555522055.983681
4		555522055.983681	555522055.983681
3		555522055.983681	555522055.983681
2		555522055.983681	555522055.983681
1		555522055.983681	555522055.983681
0	014	565846271.565095	565846278.434806
0-2	018	559447796.202722	559447817.678258
0-3	004	565846260.578800	565846268.117750
