1	566846567.587320
z13mangadex	Suki x Suki	23.5	566846512.787481	L	https://mangadex.org/title/18808/suki-x-suki	566846512.787481
0		566675117.897559	566675126.567197
0-2		566675126.839241	566675127.565438
1		566675127.799231	566675206.247486
2		566675206.525831	566676169.330498
3		566676169.572953	566676237.568285
4		566676237.900873	566676606.336937
5		566676606.641706	566679484.050279
6		566679484.340510	566691484.293711
7		566691484.600554	566691971.655587
8		566691972.006283	566692386.760150
9		566699409.710770	566699602.544535
10		566699602.851780	566699661.080074
11		566699661.422062	566701565.153814
12		566701565.560715	566701614.488107
13		566701614.904442	566702611.665164
14		566702612.098186	566707128.042525
15		566707128.379181	566707174.527783
16		566845759.252419	566845895.765686
17		566845895.987974	566846042.770300
18		566846043.174129	566846173.543850
19		566846173.776077	566846370.162580
20		566846370.443640	566846390.426068
21		566846398.709439	566846424.994190
22		566846426.030516	566846462.178829
23		566846462.391419	566846512.466133
23.5	005	566846512.787481	566846566.271706
