1	559008776.317583
z13mangadex	Doll-Kara	13	559008724.460014	L	https://mangadex.org/title/22715/doll-kara	559008724.460014
1		555342289.256745	555342438.199560
2		555342598.078700	555342691.534542
3		555342691.821868	555342870.139589
4		555342870.729025	555343046.493826
5		555343047.328691	555343282.378730
6		555343283.160321	555343647.591275
7		555343648.257865	555343820.830416
8	30	555343978.649830	555344020.736305
9	28	555363609.596059	555363727.502427
10	027	557790325.437535	557790470.824183
11	026	558921701.530162	558921806.648155
12		559008637.287359	559008724.129796
13	026	559008724.460014	559008774.646958
