1	568564345.531778
z13mangadex	Karate Shoukoushi Kohinata Minoru	487	568564288.659331	L	https://mangadex.org/title/276/karate-shoukoushi-kohinata-minoru	568564288.659331
469	021	555951283.774839	555951317.371205
468		555951195.868117	555951195.868117
467		555951195.868117	555951195.868117
466		555951195.868117	555951195.868117
465		555951195.868117	555951195.868117
464		555951195.868117	555951195.868117
463		555951195.868117	555951195.868117
462		555951195.868117	555951195.868117
461		555951195.868117	555951195.868117
460		555951195.868117	555951195.868117
459		555951195.868117	555951195.868117
458		555951195.868117	555951195.868117
457		555951195.868117	555951195.868117
456		555951195.868117	555951195.868117
455		555951195.868117	555951195.868117
454		555951195.868117	555951195.868117
453		555951195.868117	555951195.868117
452		555951195.868117	555951195.868117
451		555951195.868117	555951195.868117
450		555951195.868117	555951195.868117
449		555951195.868117	555951195.868117
448		555951195.868117	555951195.868117
447		555951195.868117	555951195.868117
446		555951195.868117	555951195.868117
445		555951195.868117	555951195.868117
444		555951195.868117	555951195.868117
443		555951195.868117	555951195.868117
442		555951195.868117	555951195.868117
441		555951195.868117	555951195.868117
440		555951195.868117	555951195.868117
439		555951195.868117	555951195.868117
438		555951195.868117	555951195.868117
437		555951195.868117	555951195.868117
436		555951195.868117	555951195.868117
435		555951195.868117	555951195.868117
434		555951195.868117	555951195.868117
433		555951195.868117	555951195.868117
432		555951195.868117	555951195.868117
431		555951195.868117	555951195.868117
430		555951195.868117	555951195.868117
429		555951195.868117	555951195.868117
428		555951195.868117	555951195.868117
427		555951195.868117	555951195.868117
426		555951195.868117	555951195.868117
425		555951195.868117	555951195.868117
424		555951195.868117	555951195.868117
423		555951195.868117	555951195.868117
422		555951195.868117	555951195.868117
421		555951195.868117	555951195.868117
420		555951195.868117	555951195.868117
419		555951195.868117	555951195.868117
418		555951195.868117	555951195.868117
417		555951195.868117	555951195.868117
416		555951195.868117	555951195.868117
415		555951195.868117	555951195.868117
414		555951195.868117	555951195.868117
413		555951195.868117	555951195.868117
412		555951195.868117	555951195.868117
411		555951195.868117	555951195.868117
410		555951195.868117	555951195.868117
409		555951195.868117	555951195.868117
408		555951195.868117	555951195.868117
407		555951195.868117	555951195.868117
406		555951195.868117	555951195.868117
405		555951195.868117	555951195.868117
404		555951195.868117	555951195.868117
403		555951195.868117	555951195.868117
402		555951195.868117	555951195.868117
401		555951195.868117	555951195.868117
400		555951195.868117	555951195.868117
399		555951195.868117	555951195.868117
398		555951195.868117	555951195.868117
397		555951195.868117	555951195.868117
396		555951195.868117	555951195.868117
395		555951195.868117	555951195.868117
394		555951195.868117	555951195.868117
393		555951195.868117	555951195.868117
392		555951195.868117	555951195.868117
391		555951195.868117	555951195.868117
390		555951195.868117	555951195.868117
389		555951195.868117	555951195.868117
388		555951195.868117	555951195.868117
387		555951195.868117	555951195.868117
386		555951195.868117	555951195.868117
385		555951195.868117	555951195.868117
384		555951195.868117	555951195.868117
383		555951195.868117	555951195.868117
382		555951195.868117	555951195.868117
381		555951195.868117	555951195.868117
380		555951195.868117	555951195.868117
379		555951195.868117	555951195.868117
378		555951195.868117	555951195.868117
377		555951195.868117	555951195.868117
376		555951195.868117	555951195.868117
375		555951195.868117	555951195.868117
374		555951195.868117	555951195.868117
373		555951195.868117	555951195.868117
372		555951195.868117	555951195.868117
371		555951195.868117	555951195.868117
370		555951195.868117	555951195.868117
369		555951195.868117	555951195.868117
368		555951195.868117	555951195.868117
367		555951195.868117	555951195.868117
366		555951195.868117	555951195.868117
365		555951195.868117	555951195.868117
364		555951195.868117	555951195.868117
363		555951195.868117	555951195.868117
362		555951195.868117	555951195.868117
361		555951195.868117	555951195.868117
360		555951195.868117	555951195.868117
359		555951195.868117	555951195.868117
358		555951195.868117	555951195.868117
357		555951195.868117	555951195.868117
356		555951195.868117	555951195.868117
355		555951195.868117	555951195.868117
354		555951195.868117	555951195.868117
353		555951195.868117	555951195.868117
352		555951195.868117	555951195.868117
351		555951195.868117	555951195.868117
350		555951195.868117	555951195.868117
349		555951195.868117	555951195.868117
348		555951195.868117	555951195.868117
347		555951195.868117	555951195.868117
346		555951195.868117	555951195.868117
345		555951195.868117	555951195.868117
344		555951195.868117	555951195.868117
343		555951195.868117	555951195.868117
342		555951195.868117	555951195.868117
341		555951195.868117	555951195.868117
340		555951195.868117	555951195.868117
339		555951195.868117	555951195.868117
338		555951195.868117	555951195.868117
337		555951195.868117	555951195.868117
336		555951195.868117	555951195.868117
335		555951195.868117	555951195.868117
334		555951195.868117	555951195.868117
333		555951195.868117	555951195.868117
332		555951195.868117	555951195.868117
331		555951195.868117	555951195.868117
330		555951195.868117	555951195.868117
329		555951195.868117	555951195.868117
328		555951195.868117	555951195.868117
327		555951195.868117	555951195.868117
326		555951195.868117	555951195.868117
325		555951195.868117	555951195.868117
324		555951195.868117	555951195.868117
323		555951195.868117	555951195.868117
322		555951195.868117	555951195.868117
321		555951195.868117	555951195.868117
320		555951195.868117	555951195.868117
319		555951195.868117	555951195.868117
318		555951195.868117	555951195.868117
317		555951195.868117	555951195.868117
316		555951195.868117	555951195.868117
315		555951195.868117	555951195.868117
314		555951195.868117	555951195.868117
313		555951195.868117	555951195.868117
312		555951195.868117	555951195.868117
311		555951195.868117	555951195.868117
310		555951195.868117	555951195.868117
309		555951195.868117	555951195.868117
308		555951195.868117	555951195.868117
307		555951195.868117	555951195.868117
306		555951195.868117	555951195.868117
305		555951195.868117	555951195.868117
304		555951195.868117	555951195.868117
303		555951195.868117	555951195.868117
302		555951195.868117	555951195.868117
301		555951195.868117	555951195.868117
300		555951195.868117	555951195.868117
299		555951195.868117	555951195.868117
298		555951195.868117	555951195.868117
297		555951195.868117	555951195.868117
296		555951195.868117	555951195.868117
295		555951195.868117	555951195.868117
294		555951195.868117	555951195.868117
293		555951195.868117	555951195.868117
292		555951195.868117	555951195.868117
291		555951195.868117	555951195.868117
290		555951195.868117	555951195.868117
289		555951195.868117	555951195.868117
288		555951195.868117	555951195.868117
287		555951195.868117	555951195.868117
286		555951195.868117	555951195.868117
285		555951195.868117	555951195.868117
284		555951195.868117	555951195.868117
283		555951195.868117	555951195.868117
282		555951195.868117	555951195.868117
281		555951195.868117	555951195.868117
280		555951195.868117	555951195.868117
279		555951195.868117	555951195.868117
278		555951195.868117	555951195.868117
277		555951195.868117	555951195.868117
276		555951195.868117	555951195.868117
275		555951195.868117	555951195.868117
274		555951195.868117	555951195.868117
273		555951195.868117	555951195.868117
272		555951195.868117	555951195.868117
271		555951195.868117	555951195.868117
270		555951195.868117	555951195.868117
269		555951195.868117	555951195.868117
268		555951195.868117	555951195.868117
267		555951195.868117	555951195.868117
266		555951195.868117	555951195.868117
265		555951195.868117	555951195.868117
264		555951195.868117	555951195.868117
263		555951195.868117	555951195.868117
262		555951195.868117	555951195.868117
261		555951195.868117	555951195.868117
260		555951195.868117	555951195.868117
259		555951195.868117	555951195.868117
258		555951195.868117	555951195.868117
257		555951195.868117	555951195.868117
256		555951195.868117	555951195.868117
255		555951195.868117	555951195.868117
254		555951195.868117	555951195.868117
253		555951195.868117	555951195.868117
252		555951195.868117	555951195.868117
251		555951195.868117	555951195.868117
250		555951195.868117	555951195.868117
249		555951195.868117	555951195.868117
248		555951195.868117	555951195.868117
247		555951195.868117	555951195.868117
246		555951195.868117	555951195.868117
245		555951195.868117	555951195.868117
244		555951195.868117	555951195.868117
243		555951195.868117	555951195.868117
242		555951195.868117	555951195.868117
241		555951195.868117	555951195.868117
240		555951195.868117	555951195.868117
239		555951195.868117	555951195.868117
238		555951195.868117	555951195.868117
237		555951195.868117	555951195.868117
236		555951195.868117	555951195.868117
235		555951195.868117	555951195.868117
234		555951195.868117	555951195.868117
233		555951195.868117	555951195.868117
232		555951195.868117	555951195.868117
231		555951195.868117	555951195.868117
230		555951195.868117	555951195.868117
229		555951195.868117	555951195.868117
228		555951195.868117	555951195.868117
227		555951195.868117	555951195.868117
226		555951195.868117	555951195.868117
225		555951195.868117	555951195.868117
224		555951195.868117	555951195.868117
223		555951195.868117	555951195.868117
222		555951195.868117	555951195.868117
221		555951195.868117	555951195.868117
220		555951195.868117	555951195.868117
219		555951195.868117	555951195.868117
218		555951195.868117	555951195.868117
217		555951195.868117	555951195.868117
216		555951195.868117	555951195.868117
215		555951195.868117	555951195.868117
214		555951195.868117	555951195.868117
213		555951195.868117	555951195.868117
212		555951195.868117	555951195.868117
211		555951195.868117	555951195.868117
210		555951195.868117	555951195.868117
209		555951195.868117	555951195.868117
208		555951195.868117	555951195.868117
207		555951195.868117	555951195.868117
206		555951195.868117	555951195.868117
205		555951195.868117	555951195.868117
204		555951195.868117	555951195.868117
203		555951195.868117	555951195.868117
202		555951195.868117	555951195.868117
201		555951195.868117	555951195.868117
200		555951195.868117	555951195.868117
199		555951195.868117	555951195.868117
198		555951195.868117	555951195.868117
197		555951195.868117	555951195.868117
196		555951195.868117	555951195.868117
195		555951195.868117	555951195.868117
194		555951195.868117	555951195.868117
193		555951195.868117	555951195.868117
192		555951195.868117	555951195.868117
191		555951195.868117	555951195.868117
190		555951195.868117	555951195.868117
189		555951195.868117	555951195.868117
188		555951195.868117	555951195.868117
187		555951195.868117	555951195.868117
186		555951195.868117	555951195.868117
185		555951195.868117	555951195.868117
184		555951195.868117	555951195.868117
183		555951195.868117	555951195.868117
182		555951195.868117	555951195.868117
181		555951195.868117	555951195.868117
180		555951195.868117	555951195.868117
179		555951195.868117	555951195.868117
178		555951195.868117	555951195.868117
177		555951195.868117	555951195.868117
176		555951195.868117	555951195.868117
175		555951195.868117	555951195.868117
174		555951195.868117	555951195.868117
173		555951195.868117	555951195.868117
172		555951195.868117	555951195.868117
171		555951195.868117	555951195.868117
170		555951195.868117	555951195.868117
169		555951195.868117	555951195.868117
168		555951195.868117	555951195.868117
167		555951195.868117	555951195.868117
166		555951195.868117	555951195.868117
165		555951195.868117	555951195.868117
164		555951195.868117	555951195.868117
163		555951195.868117	555951195.868117
162		555951195.868117	555951195.868117
161		555951195.868117	555951195.868117
160		555951195.868117	555951195.868117
159		555951195.868117	555951195.868117
158		555951195.868117	555951195.868117
157		555951195.868117	555951195.868117
156		555951195.868117	555951195.868117
155		555951195.868117	555951195.868117
154		555951195.868117	555951195.868117
153		555951195.868117	555951195.868117
152		555951195.868117	555951195.868117
151		555951195.868117	555951195.868117
150		555951195.868117	555951195.868117
149		555951195.868117	555951195.868117
148		555951195.868117	555951195.868117
147		555951195.868117	555951195.868117
146		555951195.868117	555951195.868117
145		555951195.868117	555951195.868117
144		555951195.868117	555951195.868117
143		555951195.868117	555951195.868117
142		555951195.868117	555951195.868117
141		555951195.868117	555951195.868117
140		555951195.868117	555951195.868117
139		555951195.868117	555951195.868117
138		555951195.868117	555951195.868117
137		555951195.868117	555951195.868117
136		555951195.868117	555951195.868117
135		555951195.868117	555951195.868117
134		555951195.868117	555951195.868117
133		555951195.868117	555951195.868117
132		555951195.868117	555951195.868117
131		555951195.868117	555951195.868117
130		555951195.868117	555951195.868117
129		555951195.868117	555951195.868117
128		555951195.868117	555951195.868117
127		555951195.868117	555951195.868117
126		555951195.868117	555951195.868117
125		555951195.868117	555951195.868117
124		555951195.868117	555951195.868117
123		555951195.868117	555951195.868117
122		555951195.868117	555951195.868117
121		555951195.868117	555951195.868117
120		555951195.868117	555951195.868117
119		555951195.868117	555951195.868117
118		555951195.868117	555951195.868117
117		555951195.868117	555951195.868117
116		555951195.868117	555951195.868117
115		555951195.868117	555951195.868117
114		555951195.868117	555951195.868117
113		555951195.868117	555951195.868117
112		555951195.868117	555951195.868117
111		555951195.868117	555951195.868117
110		555951195.868117	555951195.868117
109		555951195.868117	555951195.868117
108		555951195.868117	555951195.868117
107		555951195.868117	555951195.868117
106		555951195.868117	555951195.868117
105		555951195.868117	555951195.868117
104		555951195.868117	555951195.868117
103		555951195.868117	555951195.868117
102		555951195.868117	555951195.868117
101		555951195.868117	555951195.868117
100		555951195.868117	555951195.868117
99		555951195.868117	555951195.868117
98		555951195.868117	555951195.868117
97		555951195.868117	555951195.868117
96		555951195.868117	555951195.868117
95		555951195.868117	555951195.868117
94		555951195.868117	555951195.868117
93		555951195.868117	555951195.868117
92		555951195.868117	555951195.868117
91		555951195.868117	555951195.868117
90		555951195.868117	555951195.868117
89		555951195.868117	555951195.868117
88		555951195.868117	555951195.868117
87		555951195.868117	555951195.868117
86		555951195.868117	555951195.868117
85		555951195.868117	555951195.868117
84		555951195.868117	555951195.868117
83		555951195.868117	555951195.868117
82		555951195.868117	555951195.868117
81		555951195.868117	555951195.868117
80		555951195.868117	555951195.868117
79		555951195.868117	555951195.868117
78		555951195.868117	555951195.868117
77		555951195.868117	555951195.868117
76		555951195.868117	555951195.868117
75		555951195.868117	555951195.868117
74		555951195.868117	555951195.868117
73		555951195.868117	555951195.868117
72		555951195.868117	555951195.868117
71		555951195.868117	555951195.868117
70		555951195.868117	555951195.868117
69		555951195.868117	555951195.868117
68		555951195.868117	555951195.868117
67		555951195.868117	555951195.868117
66		555951195.868117	555951195.868117
65		555951195.868117	555951195.868117
64		555951195.868117	555951195.868117
63		555951195.868117	555951195.868117
62		555951195.868117	555951195.868117
61		555951195.868117	555951195.868117
60		555951195.868117	555951195.868117
59		555951195.868117	555951195.868117
58		555951195.868117	555951195.868117
57		555951195.868117	555951195.868117
56		555951195.868117	555951195.868117
55		555951195.868117	555951195.868117
54		555951195.868117	555951195.868117
53		555951195.868117	555951195.868117
52		555951195.868117	555951195.868117
51		555951195.868117	555951195.868117
50		555951195.868117	555951195.868117
49		555951195.868117	555951195.868117
48		555951195.868117	555951195.868117
47		555951195.868117	555951195.868117
46		555951195.868117	555951195.868117
45		555951195.868117	555951195.868117
44		555951195.868117	555951195.868117
43		555951195.868117	555951195.868117
42		555951195.868117	555951195.868117
41		555951195.868117	555951195.868117
40		555951195.868117	555951195.868117
39		555951195.868117	555951195.868117
38		555951195.868117	555951195.868117
37		555951195.868117	555951195.868117
36		555951195.868117	555951195.868117
35		555951195.868117	555951195.868117
34		555951195.868117	555951195.868117
33		555951195.868117	555951195.868117
32		555951195.868117	555951195.868117
31		555951195.868117	555951195.868117
30		555951195.868117	555951195.868117
29		555951195.868117	555951195.868117
28		555951195.868117	555951195.868117
27		555951195.868117	555951195.868117
26		555951195.868117	555951195.868117
25		555951195.868117	555951195.868117
24		555951195.868117	555951195.868117
23		555951195.868117	555951195.868117
22		555951195.868117	555951195.868117
21		555951195.868117	555951195.868117
20		555951195.868117	555951195.868117
19		555951195.868117	555951195.868117
18		555951195.868117	555951195.868117
17		555951195.868117	555951195.868117
16		555951195.868117	555951195.868117
15		555951195.868117	555951195.868117
14		555951195.868117	555951195.868117
13		555951195.868117	555951195.868117
12		555951195.868117	555951195.868117
11		555951195.868117	555951195.868117
10		555951195.868117	555951195.868117
9		555951195.868117	555951195.868117
8		555951195.868117	555951195.868117
7		555951195.868117	555951195.868117
6		555951195.868117	555951195.868117
5		555951195.868117	555951195.868117
4		555951195.868117	555951195.868117
3		555951195.868117	555951195.868117
2		555951195.868117	555951195.868117
1		555951195.868117	555951195.868117
470	021	556547848.330028	556547891.245463
471	022	557155550.744519	557155638.173923
472	024	557851485.218885	557851540.540552
473	027	559662969.599123	559663055.409118
474	021	562452313.978972	562452387.239217
475	021	563777973.625183	563778374.115583
476	020	567579738.688840	567579817.164545
477	021	567701009.186450	567701086.928983
478	021	567749609.171892	567749678.038601
479	021	567843817.436286	567843875.427286
480	021	567910941.689357	567910980.459773
481	019	568008724.495547	568008806.368082
482	025	568162846.298971	568162941.833074
483	019	568162946.562252	568163039.792930
484	018	568247665.633647	568247750.574915
485	019	568357147.197552	568357262.262171
486		568564219.288418	568564288.334108
487	018	568564288.659331	568564344.077265
