1	558976141.693836
z13mangadex	Rebirth Knight			L	https://mangadex.org/title/9869/rebirth-knight	0.000000
20		558976141.059636	558976141.059636
19		558976141.059636	558976141.059636
18		558976141.059636	558976141.059636
17		558976141.059636	558976141.059636
16		558976141.059636	558976141.059636
15		558976141.059636	558976141.059636
14		558976141.059636	558976141.059636
13		558976141.059636	558976141.059636
12		558976141.059636	558976141.059636
11		558976141.059636	558976141.059636
10		558976141.059636	558976141.059636
9		558976141.059636	558976141.059636
8		558976141.059636	558976141.059636
7		558976141.059636	558976141.059636
6		558976141.059636	558976141.059636
5		558976141.059636	558976141.059636
4		558976141.059636	558976141.059636
3		558976141.059636	558976141.059636
2		558976141.059636	558976141.059636
1		558976141.059636	558976141.059636
