1	567811092.782722
z13mangadex	Tsurezure Children	16.1	563213830.674568	L	https://mangadex.org/title/15941/tsurezure-children	563213830.674568
212		556171858.183303	556171858.183303
211		556171858.183303	556171858.183303
210		556171858.183303	556171858.183303
209		556171858.183303	556171858.183303
208		556171858.183303	556171858.183303
207		556171858.183303	556171858.183303
206		556171858.183303	556171858.183303
205		556171858.183303	556171858.183303
204		556171858.183303	556171858.183303
203		556171858.183303	556171858.183303
202		556171858.183303	556171858.183303
201		556171858.183303	556171858.183303
200		556171858.183303	556171858.183303
199		556171858.183303	556171858.183303
198		556171858.183303	556171858.183303
197		556171858.183303	556171858.183303
196		556171858.183303	556171858.183303
195		556171858.183303	556171858.183303
194		556171858.183303	556171858.183303
193		556171858.183303	556171858.183303
192.1		556171858.183303	556171858.183303
192		556171858.183303	556171858.183303
191		556171858.183303	556171858.183303
190		556171858.183303	556171858.183303
189		556171858.183303	556171858.183303
188		556171858.183303	556171858.183303
187		556171858.183303	556171858.183303
186		556171858.183303	556171858.183303
185		556171858.183303	556171858.183303
184		556171858.183303	556171858.183303
183		556171858.183303	556171858.183303
182		556171858.183303	556171858.183303
181		556171858.183303	556171858.183303
180		556171858.183303	556171858.183303
179		556171858.183303	556171858.183303
178		556171858.183303	556171858.183303
177		556171858.183303	556171858.183303
176		556171858.183303	556171858.183303
175		556171858.183303	556171858.183303
174.1		556171858.183303	556171858.183303
174		556171858.183303	556171858.183303
173		556171858.183303	556171858.183303
172		556171858.183303	556171858.183303
171		556171858.183303	556171858.183303
170		556171858.183303	556171858.183303
169		556171858.183303	556171858.183303
168		556171858.183303	556171858.183303
167		556171858.183303	556171858.183303
166		556171858.183303	556171858.183303
165		556171858.183303	556171858.183303
164		556171858.183303	556171858.183303
163		556171858.183303	556171858.183303
162		556171858.183303	556171858.183303
161		556171858.183303	556171858.183303
160		556171858.183303	556171858.183303
159		556171858.183303	556171858.183303
158		556171858.183303	556171858.183303
157		556171858.183303	556171858.183303
156.1		556171858.183303	556171858.183303
156		556171858.183303	556171858.183303
155		556171858.183303	556171858.183303
154		556171858.183303	556171858.183303
153		556171858.183303	556171858.183303
152		556171858.183303	556171858.183303
151		556171858.183303	556171858.183303
150		556171858.183303	556171858.183303
149		556171858.183303	556171858.183303
148		556171858.183303	556171858.183303
147		556171858.183303	556171858.183303
146		556171858.183303	556171858.183303
145		556171858.183303	556171858.183303
144		556171858.183303	556171858.183303
143		556171858.183303	556171858.183303
142		556171858.183303	556171858.183303
141		556171858.183303	556171858.183303
140		556171858.183303	556171858.183303
139		556171858.183303	556171858.183303
138		556171858.183303	556171858.183303
137.2		556171858.183303	556171858.183303
137.1		556171858.183303	556171858.183303
137		556171858.183303	556171858.183303
136		556171858.183303	556171858.183303
135		556171858.183303	556171858.183303
134		556171858.183303	556171858.183303
133		556171858.183303	556171858.183303
132		556171858.183303	556171858.183303
131		556171858.183303	556171858.183303
130		556171858.183303	556171858.183303
129		556171858.183303	556171858.183303
128		556171858.183303	556171858.183303
127		556171858.183303	556171858.183303
126		556171858.183303	556171858.183303
125		556171858.183303	556171858.183303
124		556171858.183303	556171858.183303
123		556171858.183303	556171858.183303
122		556171858.183303	556171858.183303
121		556171858.183303	556171858.183303
120		556171858.183303	556171858.183303
119.1		556171858.183303	556171858.183303
119		556171858.183303	556171858.183303
118		556171858.183303	556171858.183303
117		556171858.183303	556171858.183303
116		556171858.183303	556171858.183303
115		556171858.183303	556171858.183303
114		556171858.183303	556171858.183303
113		556171858.183303	556171858.183303
112		556171858.183303	556171858.183303
111		556171858.183303	556171858.183303
110		556171858.183303	556171858.183303
109		556171858.183303	556171858.183303
108		556171858.183303	556171858.183303
107		556171858.183303	556171858.183303
106		556171858.183303	556171858.183303
105		556171858.183303	556171858.183303
104		556171858.183303	556171858.183303
103		556171858.183303	556171858.183303
102		556171858.183303	556171858.183303
101.2		556171858.183303	556171858.183303
101.1		556171858.183303	556171858.183303
101		556171858.183303	556171858.183303
100		556171858.183303	556171858.183303
99		556171858.183303	556171858.183303
98		556171858.183303	556171858.183303
97		556171858.183303	556171858.183303
96		556171858.183303	556171858.183303
95		556171858.183303	556171858.183303
94.1		556171858.183303	556171858.183303
94		556171858.183303	556171858.183303
93		556171858.183303	556171858.183303
92		556171858.183303	556171858.183303
91		556171858.183303	556171858.183303
90		556171858.183303	556171858.183303
89		556171858.183303	556171858.183303
88		556171858.183303	556171858.183303
87		556171858.183303	556171858.183303
86		556171858.183303	556171858.183303
85.1		556171858.183303	556171858.183303
85		556171858.183303	556171858.183303
84.1		556171858.183303	556171858.183303
84		556171858.183303	556171858.183303
83.1		556171858.183303	556171858.183303
83		556171858.183303	556171858.183303
82.1		556171858.183303	556171858.183303
82		556171858.183303	556171858.183303
81.4		556171858.183303	556171858.183303
81.3		556171858.183303	556171858.183303
81.2		556171858.183303	556171858.183303
81		556171858.183303	556171858.183303
80.3		556171858.183303	556171858.183303
80.2		556171858.183303	556171858.183303
80		556171858.183303	556171858.183303
79		556171858.183303	556171858.183303
78		556171858.183303	556171858.183303
77		556171858.183303	556171858.183303
76		556171858.183303	556171858.183303
75		556171858.183303	556171858.183303
74		556171858.183303	556171858.183303
73		556171858.183303	556171858.183303
72.2		556171858.183303	556171858.183303
72		556171858.183303	556171858.183303
71		556171858.183303	556171858.183303
70		556171858.183303	556171858.183303
69		556171858.183303	556171858.183303
68		556171858.183303	556171858.183303
67		556171858.183303	556171858.183303
66		556171858.183303	556171858.183303
65		556171858.183303	556171858.183303
64		556171858.183303	556171858.183303
63.1		556171858.183303	556171858.183303
63		556171858.183303	556171858.183303
62		556171858.183303	556171858.183303
61		556171858.183303	556171858.183303
60		556171858.183303	556171858.183303
59		556171858.183303	556171858.183303
58		556171858.183303	556171858.183303
57		556171858.183303	556171858.183303
56		556171858.183303	556171858.183303
55		556171858.183303	556171858.183303
54		556171858.183303	556171858.183303
53		556171858.183303	556171858.183303
52		556171858.183303	556171858.183303
51		556171858.183303	556171858.183303
50		556171858.183303	556171858.183303
49		556171858.183303	556171858.183303
48		556171858.183303	556171858.183303
47		556171858.183303	556171858.183303
46		556171858.183303	556171858.183303
45.6		556171858.183303	556171858.183303
45.5		556171858.183303	556171858.183303
45		556171858.183303	556171858.183303
44		556171858.183303	556171858.183303
43		556171858.183303	556171858.183303
42		556171858.183303	556171858.183303
41		556171858.183303	556171858.183303
40		556171858.183303	556171858.183303
39.5		556171858.183303	556171858.183303
39		556171858.183303	556171858.183303
38		556171858.183303	556171858.183303
37		556171858.183303	556171858.183303
36		556171858.183303	556171858.183303
35.5		556171858.183303	556171858.183303
35		556171858.183303	556171858.183303
34		556171858.183303	556171858.183303
33		556171858.183303	556171858.183303
32.5		556171858.183303	556171858.183303
32		556171858.183303	556171858.183303
31.5		556171858.183303	556171858.183303
31		556171858.183303	556171858.183303
30		556171858.183303	556171858.183303
29		556171858.183303	556171858.183303
28		556171858.183303	556171858.183303
27		556171858.183303	556171858.183303
26		556171858.183303	556171858.183303
25.5		556171858.183303	556171858.183303
25		556171858.183303	556171858.183303
24		556171858.183303	556171858.183303
23		556171858.183303	556171858.183303
22		556171858.183303	556171858.183303
21		556171858.183303	556171858.183303
20		556171858.183303	556171858.183303
19		556171858.183303	556171858.183303
18		556171858.183303	556171858.183303
17.5		556171858.183303	556171858.183303
17		556171858.183303	556171858.183303
16.1	005	563213830.674568	563213849.082696
16		556171858.183303	556171858.183303
15		556171858.183303	556171858.183303
14		556171858.183303	556171858.183303
13		556171858.183303	556171858.183303
12		556171858.183303	556171858.183303
11		556171858.183303	556171858.183303
10		556171858.183303	556171858.183303
9		556171858.183303	556171858.183303
8		556171858.183303	556171858.183303
7		556171858.183303	556171858.183303
6		556171858.183303	556171858.183303
5		556171858.183303	556171858.183303
4		556171858.183303	556171858.183303
3		556171858.183303	556171858.183303
2		556171858.183303	556171858.183303
VOL1 1		556171858.183303	556171858.183303
1		563213784.424329	563213830.333846
212.1	007	558766709.497562	558766859.366621
