1	563690069.234071
z13mangadex	Sabinuki Kanojo (My Girlfriend Without Wasabi)	9	563690038.533155	L	https://mangadex.org/title/18823/sabinuki-kanojo-my-girlfriend-without-wasabi	563690038.533155
8	013	557554525.530488	557554596.813692
7		557554519.363091	557554519.363091
6		557554519.363091	557554519.363091
5		557554519.363091	557554519.363091
4		557554519.363091	557554519.363091
3		557554519.363091	557554519.363091
2		557554519.363091	557554519.363091
1		557554519.363091	557554519.363091
9	013	563690038.533155	563690067.641869
