1	568181878.187448
z13mangadex	Rokudou no Onna-tachi	121	568181787.924066	L	https://mangadex.org/title/20316/rokudou-no-onna-tachi	568181787.924066
101	019	555907617.046194	555907719.897056
100		555907612.892711	555907612.892711
99		555907612.892711	555907612.892711
98		555907612.892711	555907612.892711
97		555907612.892711	555907612.892711
96		555907612.892711	555907612.892711
95		555907612.892711	555907612.892711
94		555907612.892711	555907612.892711
93		555907612.892711	555907612.892711
92		555907612.892711	555907612.892711
91		555907612.892711	555907612.892711
90		555907612.892711	555907612.892711
89		555907612.892711	555907612.892711
88		555907612.892711	555907612.892711
87		555907612.892711	555907612.892711
86		555907612.892711	555907612.892711
85		555907612.892711	555907612.892711
84		555907612.892711	555907612.892711
83		555907612.892711	555907612.892711
82		555907612.892711	555907612.892711
81		555907612.892711	555907612.892711
80		555907612.892711	555907612.892711
79		555907612.892711	555907612.892711
78		555907612.892711	555907612.892711
77		555907612.892711	555907612.892711
76		555907612.892711	555907612.892711
75		555907612.892711	555907612.892711
74		555907612.892711	555907612.892711
73		555907612.892711	555907612.892711
72		555907612.892711	555907612.892711
71		555907612.892711	555907612.892711
70.5		555907612.892711	555907612.892711
70		555907612.892711	555907612.892711
69		555907612.892711	555907612.892711
68		555907612.892711	555907612.892711
67		555907612.892711	555907612.892711
66		555907612.892711	555907612.892711
65		555907612.892711	555907612.892711
64		555907612.892711	555907612.892711
63		555907612.892711	555907612.892711
62		555907612.892711	555907612.892711
61		555907612.892711	555907612.892711
60		555907612.892711	555907612.892711
59		555907612.892711	555907612.892711
58		555907612.892711	555907612.892711
57		555907612.892711	555907612.892711
56		555907612.892711	555907612.892711
55		555907612.892711	555907612.892711
54		555907612.892711	555907612.892711
53		555907612.892711	555907612.892711
52		555907612.892711	555907612.892711
51		555907612.892711	555907612.892711
50		555907612.892711	555907612.892711
49		555907612.892711	555907612.892711
48		555907612.892711	555907612.892711
47		555907612.892711	555907612.892711
46		555907612.892711	555907612.892711
45		555907612.892711	555907612.892711
44		555907612.892711	555907612.892711
43		555907612.892711	555907612.892711
42		555907612.892711	555907612.892711
41		555907612.892711	555907612.892711
40		555907612.892711	555907612.892711
39		555907612.892711	555907612.892711
38		555907612.892711	555907612.892711
37		555907612.892711	555907612.892711
36		555907612.892711	555907612.892711
35		555907612.892711	555907612.892711
34		555907612.892711	555907612.892711
33		555907612.892711	555907612.892711
32		555907612.892711	555907612.892711
31		555907612.892711	555907612.892711
30		555907612.892711	555907612.892711
29		555907612.892711	555907612.892711
28		555907612.892711	555907612.892711
27		555907612.892711	555907612.892711
26		555907612.892711	555907612.892711
25.5		555907612.892711	555907612.892711
25		555907612.892711	555907612.892711
24		555907612.892711	555907612.892711
23		555907612.892711	555907612.892711
22		555907612.892711	555907612.892711
21		555907612.892711	555907612.892711
20		555907612.892711	555907612.892711
19		555907612.892711	555907612.892711
18		555907612.892711	555907612.892711
17		555907612.892711	555907612.892711
16.5		555907612.892711	555907612.892711
16		555907612.892711	555907612.892711
15		555907612.892711	555907612.892711
14		555907612.892711	555907612.892711
13		555907612.892711	555907612.892711
12		555907612.892711	555907612.892711
11		555907612.892711	555907612.892711
10		555907612.892711	555907612.892711
9		555907612.892711	555907612.892711
8		555907612.892711	555907612.892711
7		555907612.892711	555907612.892711
6		555907612.892711	555907612.892711
5		555907612.892711	555907612.892711
4		555907612.892711	555907612.892711
3		555907612.892711	555907612.892711
2		555907612.892711	555907612.892711
1		555907612.892711	555907612.892711
102	020	556771857.913209	556771950.911836
103	020	557499672.048850	557499828.513766
104	020	558051499.379125	558051607.135864
105	019	558106555.382257	558106635.890043
106	021	558394398.606941	558394528.444329
107	019	559230205.399250	559230270.068889
108	020	559261625.527431	559261756.369607
109	018	560142876.148083	560142970.084181
110	020	560467862.730132	560468005.061599
111	020	561013338.114938	561013461.420328
112	020	561526245.648231	561526352.524999
113	019	561649673.597181	561649755.436546
114	020	562426896.578722	562427003.616362
115	020	563200276.915146	563200384.902153
116	020	563948600.153957	563948684.229373
117	020	564981589.787696	564981669.546618
118	018	565848651.786981	565848717.564432
119	019	566398182.236766	566398262.021040
120	021	566456662.601151	566456740.231111
121	020	568181787.924066	568181876.408525
