1	558976087.165284
z13mangadex	Real Account			L	https://mangadex.org/title/14219/real-account	0.000000
78		558976076.072240	558976076.072240
77		558976076.072240	558976076.072240
76		558976076.072240	558976076.072240
75		558976076.072240	558976076.072240
74		558976076.072240	558976076.072240
73		558976076.072240	558976076.072240
72		558976076.072240	558976076.072240
71		558976076.072240	558976076.072240
70		558976076.072240	558976076.072240
69		558976076.072240	558976076.072240
68		558976076.072240	558976076.072240
67		558976076.072240	558976076.072240
66		558976076.072240	558976076.072240
65		558976076.072240	558976076.072240
64		558976076.072240	558976076.072240
63		558976076.072240	558976076.072240
62		558976076.072240	558976076.072240
61		558976076.072240	558976076.072240
60		558976076.072240	558976076.072240
59		558976076.072240	558976076.072240
58		558976076.072240	558976076.072240
57		558976076.072240	558976076.072240
56		558976076.072240	558976076.072240
55		558976076.072240	558976076.072240
54		558976076.072240	558976076.072240
53		558976076.072240	558976076.072240
52		558976076.072240	558976076.072240
51		558976076.072240	558976076.072240
50		558976076.072240	558976076.072240
49		558976076.072240	558976076.072240
48		558976076.072240	558976076.072240
47		558976076.072240	558976076.072240
46		558976076.072240	558976076.072240
45		558976076.072240	558976076.072240
44		558976076.072240	558976076.072240
43		558976076.072240	558976076.072240
42		558976076.072240	558976076.072240
41		558976076.072240	558976076.072240
40		558976076.072240	558976076.072240
39		558976076.072240	558976076.072240
38		558976076.072240	558976076.072240
37		558976076.072240	558976076.072240
36		558976076.072240	558976076.072240
35		558976076.072240	558976076.072240
34		558976076.072240	558976076.072240
33		558976076.072240	558976076.072240
32		558976076.072240	558976076.072240
31		558976076.072240	558976076.072240
30		558976076.072240	558976076.072240
29		558976076.072240	558976076.072240
28		558976076.072240	558976076.072240
27		558976076.072240	558976076.072240
26		558976076.072240	558976076.072240
25		558976076.072240	558976076.072240
24		558976076.072240	558976076.072240
23		558976076.072240	558976076.072240
22		558976076.072240	558976076.072240
21		558976076.072240	558976076.072240
20		558976076.072240	558976076.072240
19		558976076.072240	558976076.072240
18		558976076.072240	558976076.072240
17		558976076.072240	558976076.072240
16		558976076.072240	558976076.072240
15		558976076.072240	558976076.072240
14		558976076.072240	558976076.072240
13		558976076.072240	558976076.072240
12		558976076.072240	558976076.072240
11		558976076.072240	558976076.072240
10		558976076.072240	558976076.072240
9		558976076.072240	558976076.072240
8		558976076.072240	558976076.072240
7		558976076.072240	558976076.072240
6		558976076.072240	558976076.072240
5		558976076.072240	558976076.072240
4		558976076.072240	558976076.072240
3		558976076.072240	558976076.072240
2		558976076.072240	558976076.072240
1		558976076.072240	558976076.072240
