1	567268058.926206
z13mangadex	Otonari Complex	32.5	567267828.521640	L	https://mangadex.org/title/16976/otonari-complex	567267828.521640
30	027	557946597.583743	557946993.474918
29		557946582.087496	557946582.087496
28		557946582.087496	557946582.087496
27		557946582.087496	557946582.087496
26		557946582.087496	557946582.087496
25		557946582.087496	557946582.087496
24		557946582.087496	557946582.087496
23.6		557946582.087496	557946582.087496
23.5		557946582.087496	557946582.087496
23		557946582.087496	557946582.087496
22.5		557946582.087496	557946582.087496
22		557946582.087496	557946582.087496
21		557946582.087496	557946582.087496
20		557946582.087496	557946582.087496
19		557946582.087496	557946582.087496
18		557946582.087496	557946582.087496
17		557946582.087496	557946582.087496
16		557946582.087496	557946582.087496
15		557946582.087496	557946582.087496
14.5		557946582.087496	557946582.087496
14		557946582.087496	557946582.087496
13		557946582.087496	557946582.087496
12		557946582.087496	557946582.087496
11		557946582.087496	557946582.087496
10		557946582.087496	557946582.087496
9		557946582.087496	557946582.087496
8		557946582.087496	557946582.087496
7		557946582.087496	557946582.087496
6		557946582.087496	557946582.087496
5		557946582.087496	557946582.087496
4		557946582.087496	557946582.087496
3		557946582.087496	557946582.087496
2		557946582.087496	557946582.087496
1		557946582.087496	557946582.087496
31	019	559961541.017707	559961653.331051
32	021	562551313.667537	562561300.077965
32.5	006	567267828.521640	567267870.424204
