1	563122650.994546
z13mangadex	Marry Me!	14	563122563.516429	L	https://mangadex.org/title/20059/marry-me	563122563.516429
12		556737764.030022	556737764.030022
11		556737764.030022	556737764.030022
10		556737764.030022	556737764.030022
9		556737764.030022	556737764.030022
8		556737764.030022	556737764.030022
7		556737764.030022	556737764.030022
6		556737764.030022	556737764.030022
5		556737764.030022	556737764.030022
4		556737764.030022	556737764.030022
13	024	559922459.346427	559922534.193203
14	020	563122563.516429	563122649.530164
