1	566339018.020331
z13mangadex	It's Not Meguro-san's First Time	10	566338961.532470	L	https://mangadex.org/title/31233/it-s-not-meguro-san-s-first-time	566338961.532470
1		566059403.498584	566059455.915526
2		566059456.250559	566059472.147979
3		566059472.428983	566059496.432883
4		566059496.679254	566059667.275600
5		566059667.619837	566059711.909160
6		566059712.127179	566059755.828214
7		566059756.040327	566059775.228824
8	012	566059775.449789	566059802.674313
9	015	566106889.186293	566106947.174023
10	017	566338961.532470	566339016.640312
