1	568334487.120071
z13mangadex	High Risk Mission Therapy	54	568240552.470351	L	https://mangadex.org/title/27498/high-risk-mission-therapy	568240552.470351
1		555614049.996996	555614368.610862
2		555614369.400295	555614585.755123
3		555614586.480254	555615067.204246
4		555615067.889221	555619955.561429
5		555619956.028385	555620055.331159
6		555620056.005242	555620118.386183
7		555620118.675420	555620175.558102
7.5		555620176.228695	555620221.640787
8	25	555620222.308608	555620321.989496
9	18	555694412.770211	555694467.593772
10		555873957.603980	555873958.970097
11	015	555873958.980843	555874022.143139
12	014	555942695.402208	555942750.683715
13	014	556053757.313175	556053874.298932
14		556229048.938363	556229050.671518
15	015	556229051.959753	556229167.319828
16	017	556292757.819287	556292819.107487
17	015	556384693.099347	556384784.213691
18	015	556460439.663901	556460535.908732
18.5		556547749.742165	556547783.240221
18.6		556547783.511432	556547820.040273
18.7	012	556547820.266812	556547835.808425
19	022	556686736.965226	556686836.707687
20	017	556726873.392849	556726998.577666
21	017	556812502.152075	556812597.583917
22	016	556902659.168718	556917025.345634
23	015	556985344.587664	556985463.560666
24	018	557103942.852700	557104039.938730
25	017	557159413.031744	557160448.669671
26	017	557266625.007687	557266739.739355
17.7		557323259.847479	557323259.847479
17.6		557323259.847479	557323259.847479
17.5		557323259.847479	557323259.847479
6.5		557323259.847479	557323259.847479
0		557323259.847479	557323259.847479
27		557418309.399730	557418413.701123
28	013	557418414.295765	557418483.769366
28.5		557626127.856879	557626156.024638
28.6	007	557626156.291442	557626232.219874
28.7		557682206.332597	557682243.365050
28.8	014	557682243.598259	557682283.127111
29	017	557760261.954706	557760651.836668
30	015	557850584.866837	557850651.602204
31	015	557933071.354650	557933198.006130
32		558108286.146763	558108344.556851
33	014	558108344.864021	558108386.913495
34	013	558188409.107444	558188549.313960
35	015	558286227.926151	558286317.120710
36	014	558368790.215164	558368868.954360
37	016	558452475.909452	558452578.693614
38	012	558534631.508050	558534718.847145
39	013	558681891.228337	558681989.978402
40	015	558725794.013523	558725899.561365
41		558814901.407053	558814957.637724
42	015	558814958.502960	558815007.737679
43	013	559148818.403858	559148891.388969
43.5	007	559756214.612935	559756240.064973
44	015	560348992.230640	560349191.832284
45	016	561134470.770396	561134580.161899
46	013	561565720.341113	561565791.157433
47	011	562167686.381084	562167746.339263
48	018	562775021.250058	562775121.466407
49	011	563380586.787009	563380677.536738
49.5		563986172.576719	563986235.372593
49.6	005	563986235.654330	563986281.390130
50	010	564601538.330574	564601587.547080
50.5	006	565195023.299556	565195074.289657
51	013	565799627.705834	565799700.746105
52	015	566411595.088038	566411864.517367
53	015	567009733.621230	567009819.271428
54	014	568240552.470351	568240614.042021
43.6		568334484.997699	568334484.997699
