1	562604060.188946
z13mangadex	Yakumo-san wa Edzuke ga Shitai	46	562603894.002561	L	https://mangadex.org/title/19969/yakumo-san-wa-edzuke-ga-shitai	562603894.002561
41	022	558921601.626167	558921691.228176
40		558921585.928235	558921585.928235
39		558921585.928235	558921585.928235
38		558921585.928235	558921585.928235
37		558921585.928235	558921585.928235
36.5		558921585.928235	558921585.928235
36		558921585.928235	558921585.928235
35		558921585.928235	558921585.928235
34		558921585.928235	558921585.928235
33		558921585.928235	558921585.928235
32		558921585.928235	558921585.928235
31		558921585.928235	558921585.928235
30		558921585.928235	558921585.928235
29		558921585.928235	558921585.928235
28.5		558921585.928235	558921585.928235
28		558921585.928235	558921585.928235
27		558921585.928235	558921585.928235
26		558921585.928235	558921585.928235
25		558921585.928235	558921585.928235
24		558921585.928235	558921585.928235
23		558921585.928235	558921585.928235
22		558921585.928235	558921585.928235
21.5		558921585.928235	558921585.928235
21		558921585.928235	558921585.928235
20		558921585.928235	558921585.928235
19		558921585.928235	558921585.928235
18		558921585.928235	558921585.928235
17		558921585.928235	558921585.928235
16		558921585.928235	558921585.928235
15		558921585.928235	558921585.928235
14.5		558921585.928235	558921585.928235
14		558921585.928235	558921585.928235
13		558921585.928235	558921585.928235
12		558921585.928235	558921585.928235
11		558921585.928235	558921585.928235
10		558921585.928235	558921585.928235
9		558921585.928235	558921585.928235
8		558921585.928235	558921585.928235
7.5		558921585.928235	558921585.928235
7		558921585.928235	558921585.928235
6		558921585.928235	558921585.928235
5		558921585.928235	558921585.928235
4		558921585.928235	558921585.928235
3		558921585.928235	558921585.928235
2		558921585.928235	558921585.928235
1		558921585.928235	558921585.928235
0		558921585.928235	558921585.928235
42	021	559661913.296913	559662014.324424
43	024	560142975.764795	560143293.838913
44	019	560957143.656774	560957221.908534
45	024	561854298.105422	561854420.109682
46	022	562603894.002561	562604058.837983
