1	557936648.490069
z13mangadex	A Bitch and a Punk	12	557936524.268294	B	https://mangadex.org/title/19121/a-bitch-and-a-punk	557936524.268294
11		555526780.552382	555526780.552382
10		555526780.552382	555526780.552382
9		555526780.552382	555526780.552382
8		555526780.552382	555526780.552382
7		555526780.552382	555526780.552382
6		555526780.552382	555526780.552382
5		555526780.552382	555526780.552382
4		555526780.552382	555526780.552382
3		555526780.552382	555526780.552382
2		555526780.552382	555526780.552382
1		555526780.552382	555526780.552382
12	038	557936524.268294	557936646.959320
