1	563823714.452950
z13mangadex	Natsu no Zenjitsu			L	https://mangadex.org/title/269/natsu-no-zenjitsu	0.000000
35.2		563823713.835791	563823713.835791
35.1		563823713.835791	563823713.835791
35		563823713.835791	563823713.835791
34		563823713.835791	563823713.835791
33		563823713.835791	563823713.835791
32		563823713.835791	563823713.835791
31		563823713.835791	563823713.835791
30		563823713.835791	563823713.835791
29		563823713.835791	563823713.835791
28		563823713.835791	563823713.835791
27		563823713.835791	563823713.835791
26.5		563823713.835791	563823713.835791
26.1		563823713.835791	563823713.835791
26		563823713.835791	563823713.835791
25		563823713.835791	563823713.835791
24		563823713.835791	563823713.835791
23		563823713.835791	563823713.835791
22		563823713.835791	563823713.835791
21		563823713.835791	563823713.835791
20		563823713.835791	563823713.835791
19		563823713.835791	563823713.835791
18.5		563823713.835791	563823713.835791
18		563823713.835791	563823713.835791
17		563823713.835791	563823713.835791
16		563823713.835791	563823713.835791
15		563823713.835791	563823713.835791
14		563823713.835791	563823713.835791
13		563823713.835791	563823713.835791
12.5		563823713.835791	563823713.835791
12		563823713.835791	563823713.835791
11		563823713.835791	563823713.835791
10		563823713.835791	563823713.835791
9		563823713.835791	563823713.835791
8		563823713.835791	563823713.835791
7.5		563823713.835791	563823713.835791
7		563823713.835791	563823713.835791
6		563823713.835791	563823713.835791
5.5		563823713.835791	563823713.835791
5		563823713.835791	563823713.835791
4		563823713.835791	563823713.835791
3		563823713.835791	563823713.835791
2		563823713.835791	563823713.835791
1		563823713.835791	563823713.835791
