1	565332147.517124
z13mangadex	The Story of a Girl with Sanpaku Eyes	23	565332078.715829	L	https://mangadex.org/title/26584/the-story-of-a-girl-with-sanpaku-eyes	565332078.715829
1		563989956.245967	563990018.763435
2		563990018.952591	563990045.816097
3		563990046.417433	563990073.550499
4		563990074.273804	563990116.317876
5		563990116.493223	563990203.270916
6		563990203.728578	563990231.473836
7		563990231.697167	563990275.525793
8		563990275.769138	563990407.723597
9		563990408.023537	563990435.809167
10		563990436.318272	563990478.944456
11		563990479.568537	563990492.461797
12		563990492.712401	563990508.912521
13		563990509.168021	563990530.280600
14		563990530.533121	563990549.147588
15		563990549.335277	563990563.315169
16		563990563.532670	563990575.048722
17		563990575.337522	563990590.348070
18		563990590.583404	563990611.867018
VOL2 1		555007007.667749	555007036.380938
VOL3 1		555007037.058347	555007066.682148
VOL3 2		555007067.364367	555007078.964639
VOL3 3		555007079.575138	555007087.549797
VOL3 4		555007088.155179	555007095.850258
VOL3 5		555007096.089123	555007107.067895
VOL3 6		555007107.712393	555007125.568215
VOL3 7		555007126.164713	555007133.852132
VOL4 1		555007134.492573	555007155.186163
VOL4 2		555007155.842636	555007160.316496
VOL4 3		555007160.959487	555007166.803471
VOL4 4		555007167.566006	555007172.586936
VOL4 5		555007173.250887	555007175.916203
VOL4 6		555007176.475900	555007180.633528
VOL4 7		555007181.206692	555007184.754121
VOL4 8		555007185.432727	555007199.019529
VOL4 9	1	555007199.258722	555007207.353964
VOL3 8	1	555390613.600703	555390637.176189
VOL4 10	1	555390642.930896	555390657.794477
VOL3 9	001	558056869.232000	558056879.728802
19		563990612.105602	563990626.751152
20		563990627.040595	563990640.051776
21		563990640.310232	563990668.601285
22	003	563990668.764644	563990702.266380
23	004	565332078.715829	565332145.873046
