1	568336892.027543
z13mangadex	Jahy-sama wa Kujikenai!	25	568336817.788704	L	https://mangadex.org/title/22369/jahy-sama-wa-kujikenai	568336817.788704
19		555950199.223369	555950199.223369
18		555950199.223369	555950199.223369
17		555950199.223369	555950199.223369
16		555950199.223369	555950199.223369
15		555950199.223369	555950199.223369
14		555950199.223369	555950199.223369
13		555950199.223369	555950199.223369
12		555950199.223369	555950199.223369
11		555950199.223369	555950199.223369
10		555950199.223369	555950199.223369
9		555950199.223369	555950199.223369
8		555950199.223369	555950199.223369
7		555950199.223369	555950199.223369
6		555950199.223369	555950199.223369
5.5		555950199.223369	555950199.223369
5		555950199.223369	555950199.223369
4		555950199.223369	555950199.223369
3		555950199.223369	555950199.223369
2		555950199.223369	555950199.223369
1		555950199.223369	555950199.223369
0		555950199.223369	555950199.223369
20	017	556352972.415581	556353041.958848
21	018	559352172.214547	559352252.437212
22	018	563779575.094915	563779623.950412
23	017	566232597.327717	566232693.822174
14.5	011	568182053.143121	568182111.901776
24	017	568182117.524183	568182216.986489
25	016	568336817.788704	568336890.393510
