1	565067985.941632
z13mangadex	DEAD Tube	45	565067829.464882	L	https://mangadex.org/title/13525/dead-tube	565067829.464882
42		555604334.704267	555604334.704267
41		555604334.704267	555604334.704267
40		555604334.704267	555604334.704267
39		555604334.704267	555604334.704267
38		555604334.704267	555604334.704267
37		555604334.704267	555604334.704267
36		555604334.704267	555604334.704267
35		555604334.704267	555604334.704267
34		555604334.704267	555604334.704267
33		555604334.704267	555604334.704267
32		555604334.704267	555604334.704267
31		555604334.704267	555604334.704267
30		555604334.704267	555604334.704267
29		555604334.704267	555604334.704267
28		555604334.704267	555604334.704267
27		555604334.704267	555604334.704267
26		555604334.704267	555604334.704267
25		555604334.704267	555604334.704267
24		555604334.704267	555604334.704267
23		555604334.704267	555604334.704267
22		555604334.704267	555604334.704267
21		555604334.704267	555604334.704267
20		555604334.704267	555604334.704267
19		555604334.704267	555604334.704267
18		555604334.704267	555604334.704267
17		555604334.704267	555604334.704267
16		555604334.704267	555604334.704267
15		555604334.704267	555604334.704267
14		555604334.704267	555604334.704267
13		555604334.704267	555604334.704267
12		555604334.704267	555604334.704267
11		555604334.704267	555604334.704267
10		555604334.704267	555604334.704267
9		555604334.704267	555604334.704267
8		555604334.704267	555604334.704267
7		555604334.704267	555604334.704267
6		555604334.704267	555604334.704267
5		555604334.704267	555604334.704267
4		555604334.704267	555604334.704267
3		555604334.704267	555604334.704267
2		555604334.704267	555604334.704267
1		555604334.704267	555604334.704267
43	044	557528547.373247	557532730.732436
44	041	561734517.845551	561734728.627692
45	041	565067829.464882	565067984.286402
