1	568219511.256606
z13mangadex	Tamen De Gushi	183	568219480.380643	B	https://mangadex.org/title/13939/tamen-de-gushi	568219480.380643
174		556668132.982011	556668132.982011
173		556668132.982011	556668132.982011
172		556668132.982011	556668132.982011
171		556668132.982011	556668132.982011
170		556668132.982011	556668132.982011
169		556668132.982011	556668132.982011
168		556668132.982011	556668132.982011
167		556668132.982011	556668132.982011
166		556668132.982011	556668132.982011
165		556668132.982011	556668132.982011
164		556668132.982011	556668132.982011
163		556668132.982011	556668132.982011
162		556668132.982011	556668132.982011
161		556668132.982011	556668132.982011
160		556668132.982011	556668132.982011
159		556668132.982011	556668132.982011
158		556668132.982011	556668132.982011
157		556668132.982011	556668132.982011
156		556668132.982011	556668132.982011
155		556668132.982011	556668132.982011
154		556668132.982011	556668132.982011
153		556668132.982011	556668132.982011
152		556668132.982011	556668132.982011
151		556668132.982011	556668132.982011
150		556668132.982011	556668132.982011
149		556668132.982011	556668132.982011
148		556668132.982011	556668132.982011
147		556668132.982011	556668132.982011
146		556668132.982011	556668132.982011
145		556668132.982011	556668132.982011
144		556668132.982011	556668132.982011
143		556668132.982011	556668132.982011
142		556668132.982011	556668132.982011
141		556668132.982011	556668132.982011
140		556668132.982011	556668132.982011
139		556668132.982011	556668132.982011
138		556668132.982011	556668132.982011
137		556668132.982011	556668132.982011
136		556668132.982011	556668132.982011
135		556668132.982011	556668132.982011
134		556668132.982011	556668132.982011
133		556668132.982011	556668132.982011
132		556668132.982011	556668132.982011
131		556668132.982011	556668132.982011
130		556668132.982011	556668132.982011
129		556668132.982011	556668132.982011
128		556668132.982011	556668132.982011
127		556668132.982011	556668132.982011
126		556668132.982011	556668132.982011
125		556668132.982011	556668132.982011
124		556668132.982011	556668132.982011
123		556668132.982011	556668132.982011
122		556668132.982011	556668132.982011
121		556668132.982011	556668132.982011
120		556668132.982011	556668132.982011
119		556668132.982011	556668132.982011
118		556668132.982011	556668132.982011
117		556668132.982011	556668132.982011
116		556668132.982011	556668132.982011
115		556668132.982011	556668132.982011
114		556668132.982011	556668132.982011
113		556668132.982011	556668132.982011
112		556668132.982011	556668132.982011
111		556668132.982011	556668132.982011
110		556668132.982011	556668132.982011
109		556668132.982011	556668132.982011
108		556668132.982011	556668132.982011
107		556668132.982011	556668132.982011
106		556668132.982011	556668132.982011
105		556668132.982011	556668132.982011
104		556668132.982011	556668132.982011
103		556668132.982011	556668132.982011
102		556668132.982011	556668132.982011
101		556668132.982011	556668132.982011
100		556668132.982011	556668132.982011
99		556668132.982011	556668132.982011
98		556668132.982011	556668132.982011
97		556668132.982011	556668132.982011
96		556668132.982011	556668132.982011
95		556668132.982011	556668132.982011
94		556668132.982011	556668132.982011
93		556668132.982011	556668132.982011
92		556668132.982011	556668132.982011
91		556668132.982011	556668132.982011
90		556668132.982011	556668132.982011
89		556668132.982011	556668132.982011
88		556668132.982011	556668132.982011
87		556668132.982011	556668132.982011
86		556668132.982011	556668132.982011
85		556668132.982011	556668132.982011
84		556668132.982011	556668132.982011
83		556668132.982011	556668132.982011
82		556668132.982011	556668132.982011
81		556668132.982011	556668132.982011
80		556668132.982011	556668132.982011
79		556668132.982011	556668132.982011
78		556668132.982011	556668132.982011
77		556668132.982011	556668132.982011
76		556668132.982011	556668132.982011
75		556668132.982011	556668132.982011
74		556668132.982011	556668132.982011
73		556668132.982011	556668132.982011
72		556668132.982011	556668132.982011
71		556668132.982011	556668132.982011
70		556668132.982011	556668132.982011
69		556668132.982011	556668132.982011
68		556668132.982011	556668132.982011
67		556668132.982011	556668132.982011
66		556668132.982011	556668132.982011
65		556668132.982011	556668132.982011
64		556668132.982011	556668132.982011
63		556668132.982011	556668132.982011
62		556668132.982011	556668132.982011
61		556668132.982011	556668132.982011
60		556668132.982011	556668132.982011
59		556668132.982011	556668132.982011
58		556668132.982011	556668132.982011
57		556668132.982011	556668132.982011
56		556668132.982011	556668132.982011
55		556668132.982011	556668132.982011
54		556668132.982011	556668132.982011
53		556668132.982011	556668132.982011
52		556668132.982011	556668132.982011
51		556668132.982011	556668132.982011
50		556668132.982011	556668132.982011
49		556668132.982011	556668132.982011
48		556668132.982011	556668132.982011
47		556668132.982011	556668132.982011
46		556668132.982011	556668132.982011
45		556668132.982011	556668132.982011
44		556668132.982011	556668132.982011
43		556668132.982011	556668132.982011
42		556668132.982011	556668132.982011
41		556668132.982011	556668132.982011
40		556668132.982011	556668132.982011
39		556668132.982011	556668132.982011
38		556668132.982011	556668132.982011
37		556668132.982011	556668132.982011
36		556668132.982011	556668132.982011
35		556668132.982011	556668132.982011
33-34		556668132.982011	556668132.982011
32		556668132.982011	556668132.982011
31		556668132.982011	556668132.982011
30		556668132.982011	556668132.982011
29		556668132.982011	556668132.982011
28		556668132.982011	556668132.982011
27		556668132.982011	556668132.982011
26		556668132.982011	556668132.982011
24-25		556668132.982011	556668132.982011
23		556668132.982011	556668132.982011
22		556668132.982011	556668132.982011
21		556668132.982011	556668132.982011
20		556668132.982011	556668132.982011
19		556668132.982011	556668132.982011
16-18		556668132.982011	556668132.982011
15		556668132.982011	556668132.982011
14		556668132.982011	556668132.982011
13		556668132.982011	556668132.982011
12		556668132.982011	556668132.982011
11		556668132.982011	556668132.982011
10		556668132.982011	556668132.982011
9		556668132.982011	556668132.982011
8		556668132.982011	556668132.982011
7		556668132.982011	556668132.982011
6		556668132.982011	556668132.982011
5		556668132.982011	556668132.982011
4		556668132.982011	556668132.982011
3		556668132.982011	556668132.982011
2		556668132.982011	556668132.982011
1		556668132.982011	556668132.982011
175	008	557468432.062810	557468481.848333
176	009	558798857.739412	558798886.290476
177	010	559576627.732749	559576664.242575
178	010	561045255.274601	561045282.673589
179	010	562859592.735598	562859618.721491
34		563640595.228642	563640595.228642
33		563640595.228642	563640595.228642
25		563640595.228642	563640595.228642
24		563640595.228642	563640595.228642
18		563640595.228642	563640595.228642
17		563640595.228642	563640595.228642
16		563640595.228642	563640595.228642
180		567201267.077313	567201268.324286
180.1		566501583.913536	566501618.517224
180.2	010	566501618.766206	566501643.478042
181.1		567201268.646510	567201269.606061
181.2	-	568219477.421019	568219477.421019
182	010	567201289.112094	567201331.181850
183	010	568219480.380643	568219511.256014
