1	567133927.446120
z13mangadex	Sensei Wa Koi o Oshie Rarenai	9	567133839.522805	L	https://mangadex.org/title/32726/sensei-wa-koi-o-oshie-rarenai	567133839.522805
1		567017869.745431	567017972.230332
2		567017973.310070	567018082.552368
3		567018082.902304	567018143.921322
4		567018144.536286	567018199.655242
5	018	567018199.926437	567018269.115182
6		567133600.949549	567133702.963011
7		567133703.346571	567133765.532434
8		567133765.921769	567133838.818411
9	025	567133839.522805	567133925.607800
