1	566125492.009913
z13mangadex	Futari no Jikan	9	566125405.169463	L	https://mangadex.org/title/23203/futari-no-jikan	566125405.169463
5	17	555607989.426262	555608094.614661
4		555605588.717061	555605588.717061
3		555605588.717061	555605588.717061
2		555605588.717061	555605588.717061
1		555605588.717061	555605588.717061
16.1	001	565111190.761954	565111193.573214
6	017	562394456.473456	562394510.638323
7	015	563776525.974498	563776605.293810
8		565111126.324288	565111190.149658
9	021	566125405.169463	566125490.330092
