1	564940654.171339
z13mangadex	Pochamani	29	564938845.532455	L	https://mangadex.org/title/10180/pochamani	564938845.532455
28		557947963.042977	557947963.042977
27		557947963.042977	557947963.042977
26		557947963.042977	557947963.042977
25		557947963.042977	557947963.042977
24		557947963.042977	557947963.042977
23		557947963.042977	557947963.042977
22		557947963.042977	557947963.042977
21		557947963.042977	557947963.042977
20		557947963.042977	557947963.042977
19		557947963.042977	557947963.042977
18		557947963.042977	557947963.042977
17		557947963.042977	557947963.042977
16		557947963.042977	557947963.042977
15		557947963.042977	557947963.042977
14		557947963.042977	557947963.042977
13		557947963.042977	557947963.042977
12		557947963.042977	557947963.042977
11		557947963.042977	557947963.042977
10		557947963.042977	557947963.042977
9		557947963.042977	557947963.042977
8		557947963.042977	557947963.042977
7		557947963.042977	557947963.042977
6		557947963.042977	557947963.042977
5		557947963.042977	557947963.042977
4		557947963.042977	557947963.042977
3		557947963.042977	557947963.042977
2		557947963.042977	557947963.042977
1		557947963.042977	557947963.042977
29	032	564938845.532455	564940654.169777
