1	568564938.596348
z13mangadex	Okusan	88	568564837.424887	L	https://mangadex.org/title/6260/okusan	568564837.424887
1		563827663.741509	563827780.306406
2		563827780.597580	563827961.084253
3		563827961.360835	563828037.503953
4		563828037.818209	563828344.640176
5		563828344.963934	563828486.996105
6		563828487.187406	563828764.791879
7		563828765.028303	563829105.287338
8		563829105.543438	563829224.523651
9		563829224.698418	563829366.931521
10		563829367.166261	563829518.212049
11		563829518.455294	563829714.986878
12		563829715.611800	563829894.011045
13		563829894.523566	563830081.644891
14		563830082.239164	563830835.143489
15		563830835.384317	563830985.685264
16		563830985.904291	563836888.041646
17		563836888.312464	563837334.005599
18		563837334.269863	563838108.624382
19		563838109.221717	563838257.865226
20		563838258.475772	563841546.458056
21		563841546.767899	563841954.790208
22		563841955.101014	563842053.977204
23		563842054.756132	563842570.030099
24		563842570.545632	563842654.698052
25		563842655.151631	563844300.837144
26		563844573.754309	563844580.966445
27		563844581.202162	563844705.572121
28		563844706.343895	563844823.941979
29		563844824.311018	563845389.799844
30		563845390.258169	563845492.571018
31		563845493.287383	563845806.618409
32		563845807.207466	563846192.984712
33		563846208.431442	563846514.710962
34		563846515.138888	563846875.718200
35		563859336.754172	563859561.103040
36		563859561.489131	563859789.679070
37		563859814.589072	563859972.619523
38		563859972.987782	563860700.163827
39		563899397.017987	563899520.142163
40		563899520.330153	563899824.282303
41		563899824.589645	563900102.348771
42		563900102.678096	563900396.513803
43		563900396.878752	563900678.255766
44		563900678.886171	563901698.493032
45		563901698.917094	563901936.735510
46		563901937.354630	563902038.841151
47		563902039.173828	563902152.049551
48		563902152.289103	563902368.523300
49		563902368.792165	563902436.594543
50		563902436.799938	563902567.418128
51		563902567.677577	563902672.324085
52		563902672.636956	563902752.210946
53		563902752.547000	563902836.145314
54		563902836.349896	563903239.280983
55		563903790.775732	563903936.171712
56		563903936.388371	563904013.908751
57		563904014.278806	563904093.693844
58		563904093.922114	563904180.515014
59		563904180.777060	563904287.550684
60		563904288.153892	563904368.439427
61		563904368.685657	563904447.892827
62		563904448.447747	563904562.315841
63		563904562.972444	563904623.536312
64		563904623.741262	563904677.836505
65		563904678.058647	563904759.058728
66		563904759.324350	563904795.060356
67		563904795.359526	563904848.562470
68		563904848.828026	563905034.385391
69		563905034.626356	563905094.921916
70		563905095.236357	563905158.423442
71		563905158.714857	563905227.178543
72		563905227.843502	563905282.214204
73		563905282.455102	563905383.218395
74		563905383.524523	563905423.753516
75		563905424.022669	563905474.055584
76		563905474.370612	563905521.824243
77		563905522.220667	563905591.643006
78		563905591.878002	563905643.577254
79		563905643.754295	563905708.765776
80		563905709.392898	563905771.118363
81		563905771.414573	563905868.788965
82		563905869.349775	563905931.841896
83	027	563905932.056333	563905975.198371
84	025	564325112.550070	564325205.234361
85	025	565500408.505157	565500514.239971
86	026	566123970.838623	566124076.108887
87	027	567469462.819921	567469576.512117
88	025	568564837.424887	568564937.199375
