1	567811325.377344
z13mangadex	Koi wa Ameagari no You ni	58	567811314.350820	L	https://mangadex.org/title/15991/koi-wa-ameagari-no-you-ni	567811314.350820
58	011	567811314.350820	567811325.376911
57		567811306.761955	567811306.761955
56		567811306.761955	567811306.761955
55		567811306.761955	567811306.761955
54		567811306.761955	567811306.761955
53		567811306.761955	567811306.761955
52		567811306.761955	567811306.761955
51		567811306.761955	567811306.761955
50		567811306.761955	567811306.761955
49		567811306.761955	567811306.761955
48		567811306.761955	567811306.761955
47		567811306.761955	567811306.761955
46		567811306.761955	567811306.761955
45		567811306.761955	567811306.761955
44		567811306.761955	567811306.761955
43		567811306.761955	567811306.761955
42		567811306.761955	567811306.761955
41		567811306.761955	567811306.761955
40		567811306.761955	567811306.761955
39		567811306.761955	567811306.761955
38		567811306.761955	567811306.761955
37		567811306.761955	567811306.761955
36		567811306.761955	567811306.761955
35		567811306.761955	567811306.761955
34		567811306.761955	567811306.761955
33		567811306.761955	567811306.761955
32		567811306.761955	567811306.761955
31		567811306.761955	567811306.761955
30		567811306.761955	567811306.761955
29		567811306.761955	567811306.761955
28		567811306.761955	567811306.761955
27		567811306.761955	567811306.761955
26		567811306.761955	567811306.761955
25		567811306.761955	567811306.761955
24		567811306.761955	567811306.761955
23		567811306.761955	567811306.761955
22		567811306.761955	567811306.761955
21		567811306.761955	567811306.761955
20		567811306.761955	567811306.761955
19		567811306.761955	567811306.761955
18		567811306.761955	567811306.761955
17		567811306.761955	567811306.761955
16		567811306.761955	567811306.761955
15		567811306.761955	567811306.761955
14		567811306.761955	567811306.761955
13		567811306.761955	567811306.761955
12		567811306.761955	567811306.761955
11		567811306.761955	567811306.761955
10		567811306.761955	567811306.761955
9		567811306.761955	567811306.761955
8		567811306.761955	567811306.761955
7		567811306.761955	567811306.761955
6		567811306.761955	567811306.761955
5		567811306.761955	567811306.761955
4		567811306.761955	567811306.761955
3		567811306.761955	567811306.761955
2		567811306.761955	567811306.761955
1		567811306.761955	567811306.761955
