1	565832927.028714
z06kissmanga	Dragon Ball	520.005	565832926.812030	L	https://kissmanga.com/Manga/Dragon-Ball	565832926.812030
375		565650191.435707	565650196.703016
374	013	565650199.009336	565650205.311201
464	001	565831547.188892	565831549.836030
504		565831564.820638	565831569.501123
505		565831588.821085	565831592.235767
506		565831594.888738	565831642.572437
507		565831645.509711	565831707.506037
508		565831710.741800	565831748.343383
509		565831752.007142	565831811.312314
510		565831813.988736	565832163.712385
511		565832166.820542	565832217.495214
512		565832220.245039	565832259.513534
513		565832262.344785	565832301.898610
514		565832304.718572	565832368.832382
515		565832371.975338	565832432.170411
516		565832434.836083	565832487.806043
517		565832490.725241	565832536.669449
518		565832539.844876	565832606.223666
519		565832608.897165	565832874.636396
520		565832877.548728	565832923.452432
520.005	001	565832926.812030	565832927.028502
