1	567890459.503175
z06kissmanga	Boku no Hero Academia	212-2	567890443.505985	L	https://kissmanga.com/Manga/Boku-no-Hero-Academia	567890443.505985
164		545714498.060099	545714824.173936
163		545714327.536248	545714496.194794
162		545714222.921731	545714325.737138
161		545714054.958174	545714221.115510
160		545713955.598880	545714053.241349
159		545713844.703576	545713953.748497
158		545713773.100593	545713843.010218
157		545713669.929893	545713770.712235
156		545713551.451650	545713668.040730
155		545713441.537433	545713549.635831
154		545713311.522078	545713439.864224
153		545713211.054797	545713308.808409
152		545712835.763651	545713209.065634
151		545712717.745145	545712834.074940
150		545712704.829813	545712715.752497
149		545710840.676819	545710948.504244
148		545710725.812406	545710838.618093
147		545710635.781454	545710723.962908
146		545710492.112286	545710630.725400
145		545710342.153879	545710490.036202
144		545710237.309242	545710340.346627
143		545710172.598767	545710235.391235
142		545710074.839627	545710170.954770
141		545709965.874053	545710072.966857
140		545709811.808223	545709962.993377
139		545709708.857118	545709810.039657
138		545709641.167907	545709707.167235
137		545709518.364881	545709639.397300
136		545709350.447206	545709516.506329
135		545708518.780220	545709348.481971
134		545708401.193708	545708517.037037
133		545708295.423154	545708399.332383
132		545708194.154237	545708293.641726
131		545707982.366908	545708192.039896
130		545707805.012153	545707980.580729
129		545707709.339984	545707803.302419
128		545707614.489895	545707707.337020
127		545707477.328244	545707612.762921
126		545707260.944197	545707475.360894
125		545707185.798623	545707258.969213
124		545706985.264608	545707183.916268
123		545706790.957528	545706983.522649
122		545706578.371585	545706788.967553
121		545693318.957912	545693438.512639
120		545693157.873875	545693316.956354
119		545693071.250434	545693156.179237
118		545693013.515299	545693069.409254
117		545692961.967573	545693011.772914
116		545692892.769218	545692959.788024
115		545692842.246382	545692891.019468
114		545692685.387733	545692838.397806
113		545692610.516157	545692683.609164
112		545692534.799338	545692608.555445
111		545692429.444965	545692531.749355
110		545692324.645255	545692427.546536
109		545692163.879387	545692322.539370
108		545692020.599896	545692161.333044
107		545691862.855658	545692018.909650
106		545691736.620945	545691860.768055
105		545691629.332551	545691734.646506
104		545691509.782169	545691627.506600
103		545691343.386330	545691507.517279
102		545691149.482623	545691341.674199
101		545690964.143199	545691147.432765
100		545690803.024963	545690962.374320
099		545690627.662662	545690801.094672
098		545690386.066261	545690625.807575
097		545690285.367559	545690384.212480
096		545690061.311576	545690282.936529
095		545689919.963348	545690059.413888
094		545689818.989086	545689918.021202
093		545689686.950079	545689817.085009
092		545689557.796588	545689685.163567
091		545689416.700899	545689555.967604
090		545689254.442740	545689414.465440
089		545689146.240186	545689252.688932
088		545688958.984555	545689144.269692
087		545688809.099034	545688957.261614
086		545688672.196560	545688807.271271
085.005		545688664.383134	545688670.384898
085		545688554.793992	545688662.580179
084		545688317.772124	545688552.954081
083		545688185.977838	545688315.880573
082		545688074.302463	545688183.874241
081		545687952.087438	545688072.152459
080		545687743.366318	545687950.230004
079		545687653.585311	545687741.787543
078		545687473.481210	545687651.716886
077		545687234.967365	545687471.574130
076		545687087.507048	545687233.113216
075		545686899.065494	545687085.289001
074		545686722.881310	545686897.084501
073		545686482.532758	545686720.793764
072		545686235.218126	545686480.649825
071.005		545686103.885275	545686233.470191
071		545686033.391695	545686102.000373
070		545686025.408007	545686031.785911
069		535647532.705796	535647532.705796
068		535647532.705796	535647532.705796
067	004	545686015.565878	545686021.152694
066		535647532.705796	535647532.705796
065		535647532.705796	535647532.705796
064		535647532.705796	535647532.705796
063		535647532.705796	535647532.705796
062.005		535647532.705796	535647532.705796
062		535647532.705796	535647532.705796
061		535647532.705796	535647532.705796
060		535647532.705796	535647532.705796
059		535647532.705796	535647532.705796
058		535647532.705796	535647532.705796
057		535647532.705796	535647532.705796
056		535647532.705796	535647532.705796
055		535647532.705796	535647532.705796
054		535647532.705796	535647532.705796
053.005		535647532.705796	535647532.705796
053		535647532.705796	535647532.705796
052		535647532.705796	535647532.705796
051		535647532.705796	535647532.705796
050		535647532.705796	535647532.705796
049		535647532.705796	535647532.705796
048		535647532.705796	535647532.705796
047		535647532.705796	535647532.705796
046		535647532.705796	535647532.705796
045		535647532.705796	535647532.705796
044		535647532.705796	535647532.705796
043		535647532.705796	535647532.705796
042		535647532.705796	535647532.705796
041		535647532.705796	535647532.705796
040		535647532.705796	535647532.705796
039		535647532.705796	535647532.705796
038		535647532.705796	535647532.705796
037		535647532.705796	535647532.705796
036		535647532.705796	535647532.705796
035		535647532.705796	535647532.705796
034		535647532.705796	535647532.705796
033		535647532.705796	535647532.705796
032		535647532.705796	535647532.705796
031		535647532.705796	535647532.705796
030		535647532.705796	535647532.705796
029		535647532.705796	535647532.705796
028		535647532.705796	535647532.705796
027		535647532.705796	535647532.705796
026		535647532.705796	535647532.705796
025		535647532.705796	535647532.705796
024		535647532.705796	535647532.705796
023		535647532.705796	535647532.705796
022		535647532.705796	535647532.705796
021		535647532.705796	535647532.705796
020		535647532.705796	535647532.705796
019		535647532.705796	535647532.705796
018		535647532.705796	535647532.705796
017		535647532.705796	535647532.705796
016		535647532.705796	535647532.705796
015		535647532.705796	535647532.705796
014		535647532.705796	535647532.705796
013		535647532.705796	535647532.705796
012		535647532.705796	535647532.705796
011		535647532.705796	535647532.705796
010		535647532.705796	535647532.705796
009		535647532.705796	535647532.705796
008		535647532.705796	535647532.705796
007		535647532.705796	535647532.705796
006		535647532.705796	535647532.705796
005		535647532.705796	535647532.705796
004		535647532.705796	535647532.705796
003		535647532.705796	535647532.705796
002		535647532.705796	535647532.705796
001		535647532.705796	535647532.705796
165		545714827.144225	545714991.961426
166		545714993.763398	545715452.289157
167		545715453.959685	545715622.231631
168		545715624.348275	545715770.952885
169		545715772.827005	545715912.857758
170		545715914.752291	545716000.655303
171		545716002.675838	545716268.352537
172		545716270.437473	545716450.710074
172-2		541687761.996579	541687775.780046
173		545716452.435856	545716630.619431
174		545716632.523350	545716807.491786
175	001	545716810.436715	545716811.117992
176	018	543525329.335767	543525490.381366
177	017	544107082.792719	544107225.833966
178	018	544886840.778104	544886993.722364
179	016	545367552.193977	545367713.431246
180	018	545918613.764606	545918749.536768
181	015	546614214.585065	546614356.996433
182	017	547731824.400572	547732121.531888
183	018	548379072.966834	548379267.176030
184	018	548941445.246330	548941749.186085
167.005		549547798.761448	549547798.761448
157.005		549547798.761448	549547798.761448
152.005		549547798.761448	549547798.761448
147.005		549547798.761448	549547798.761448
137.005		549547798.761448	549547798.761448
135.005		549547798.761448	549547798.761448
128.005		549547798.761448	549547798.761448
118.005		549547798.761448	549547798.761448
108.005		549547798.761448	549547798.761448
099.005		549547798.761448	549547798.761448
098.005		549547798.761448	549547798.761448
089.005		549547798.761448	549547798.761448
085.005-2		549547798.761448	549547798.761448
084.005		549547798.761448	549547798.761448
080.005		549547798.761448	549547798.761448
071.005-2		549547798.761448	549547798.761448
062.005-2		549547798.761448	549547798.761448
053.005-2		549547798.761448	549547798.761448
049.005		549547798.761448	549547798.761448
044.005		549547798.761448	549547798.761448
035.005		549547798.761448	549547798.761448
034.005		549547798.761448	549547798.761448
026.005		549547798.761448	549547798.761448
017.005		549547798.761448	549547798.761448
010.005		549547798.761448	549547798.761448
007.005		549547798.761448	549547798.761448
185	016	549547804.467229	549548026.497546
186	018	550376467.020832	550376635.868390
187	017	550757477.993722	550757637.268341
188		551362574.308926	551362677.687067
188.001	005	551362679.614698	551362805.888301
189	016	551967788.946740	551967915.360135
190	015	553198021.778689	553198128.979620
191	016	553778704.123670	553778902.082286
192	020	554392534.036310	554392850.908982
192.005	015	554704205.308589	554704288.982945
193	016	554989205.324331	554989356.539989
194	013	556206059.053802	556206254.404981
195	017	556806631.191841	556810196.016723
196	016	557411086.867742	557411551.036918
197	016	558016418.490888	558016539.086126
198	014	558556382.155075	558559310.568147
199	014	559143614.836321	559143728.029612
200	012	559830398.293719	559830498.578238
201	014	560355862.460235	560355966.064336
202	014	561044360.570564	561044473.046506
203	015	562246817.320259	562246959.995985
204	015	562854890.236667	562855123.542341
205	016	563478254.415731	563478458.604558
206	016	564072218.873390	564072352.895317
207	016	564673019.331912	564673204.397201
208	014	565278004.867043	565280653.406406
209	016	565885282.174834	565885400.001531
210	016	566486966.020244	566487103.614595
211	013	567003782.147017	567003856.234144
212	014	567870661.873489	567870743.781174
212-2	014	567890443.505985	567890457.937202
