1	566317885.911520
z06kissmanga	Ao no Exorcist	106	566317769.637755	L	https://kissmanga.com/Manga/Ao-no-Exorcist	566317769.637755
Ao-18		464208035.616109	464208197.688776
Ao-17		464207629.579137	464207629.579137
Ao-16		464207629.579137	464207629.579137
Ao-15		464207629.579137	464207629.579137
Ao-14		464207629.579137	464207629.579137
Ao-13		464207629.579137	464207629.579137
Ao-12		464207629.579137	464207629.579137
Ao-11		464207629.579137	464207629.579137
Ao-10		464207629.579137	464207629.579137
Ao-9		464207629.579137	464207629.579137
Ao-8		464207629.579137	464207629.579137
Ao-7		464207629.579137	464207629.579137
Ao-6		464207629.579137	464207629.579137
Ao-5		464207629.579137	464207629.579137
Ao-4		464207629.579137	464207629.579137
Ao-3		464207629.579137	464207629.579137
Ao-2		464207629.579137	464207629.579137
Ao		464207629.579137	464207629.579137
052		464207629.579137	464207629.579137
051		464207629.579137	464207629.579137
050		464207629.579137	464207629.579137
049		464207629.579137	464207629.579137
048		464207629.579137	464207629.579137
047		464207629.579137	464207629.579137
046.006		464207629.579137	464207629.579137
046.005		464207629.579137	464207629.579137
046		464207629.579137	464207629.579137
045		464207629.579137	464207629.579137
044		464207629.579137	464207629.579137
043		464207629.579137	464207629.579137
042		464207629.579137	464207629.579137
041		464207629.579137	464207629.579137
040		464207629.579137	464207629.579137
039		464207629.579137	464207629.579137
038		464207629.579137	464207629.579137
037.005		464207629.579137	464207629.579137
037		464207629.579137	464207629.579137
036		464207629.579137	464207629.579137
035		464207629.579137	464207629.579137
034		464207629.579137	464207629.579137
033		464207629.579137	464207629.579137
032		464207629.579137	464207629.579137
031		464207629.579137	464207629.579137
030		464207629.579137	464207629.579137
029		464207629.579137	464207629.579137
028		464207629.579137	464207629.579137
027		464207629.579137	464207629.579137
026		464207629.579137	464207629.579137
025		464207629.579137	464207629.579137
024		464207629.579137	464207629.579137
023.5		464207629.579137	464207629.579137
023		464207629.579137	464207629.579137
022		464207629.579137	464207629.579137
021		464207629.579137	464207629.579137
020		464207629.579137	464207629.579137
019		464207629.579137	464207629.579137
018		464207629.579137	464207629.579137
017		464207629.579137	464207629.579137
016		464207629.579137	464207629.579137
015		464207629.579137	464207629.579137
014		464207629.579137	464207629.579137
013		464207629.579137	464207629.579137
012		464207629.579137	464207629.579137
011		464207629.579137	464207629.579137
010		464207629.579137	464207629.579137
009		464207629.579137	464207629.579137
008		464207629.579137	464207629.579137
007		464207629.579137	464207629.579137
006		464207629.579137	464207629.579137
005		464207629.579137	464207629.579137
004.005		464207629.579137	464207629.579137
004		464207629.579137	464207629.579137
003		464207629.579137	464207629.579137
002		464207629.579137	464207629.579137
001		464207629.579137	464207629.579137
Ao-19		464208200.003263	464208371.534206
Ao-20		464208372.283095	464208457.643915
Ao-21	035	464208458.170010	464208574.585882
Ao-22		467294578.200439	467294699.298930
Ao-23	015	467294700.591100	467294747.978784
073		514907985.739006	514908130.536314
074		514908165.620153	514908327.700337
072		514907841.256669	514907984.896006
071		514907652.172447	514907840.217559
070		514907480.194435	514907649.620963
069		471364700.276879	471364700.276879
068		471364700.276879	471364700.276879
067		471364700.276879	471364700.276879
066		471364700.276879	471364700.276879
065		471364700.276879	471364700.276879
064		471364700.276879	471364700.276879
063		471364700.276879	471364700.276879
062		471364700.276879	471364700.276879
061		471364700.276879	471364700.276879
060		471364700.276879	471364700.276879
059		471364700.276879	471364700.276879
058		471364700.276879	471364700.276879
057		471364700.276879	471364700.276879
056		471364700.276879	471364700.276879
055		471364700.276879	471364700.276879
054		471364700.276879	471364700.276879
053		471364700.276879	471364700.276879
044-2		471364700.276879	471364700.276879
075		514908395.412364	514908485.983496
076		514908492.966123	514908770.948518
077		514908773.570913	514908946.509794
078		514908949.185366	514909112.370173
079		514909114.421141	514909224.042021
080		514909226.036937	514913069.319343
041.005		490078301.600393	490078301.600393
023.006		490078301.600393	490078301.600393
023.005		490078301.600393	490078301.600393
081		514913102.000781	514913307.833182
082		514913310.224862	514913652.323513
083		514913654.412083	514913836.385539
084		514913837.141238	514914103.685538
085	017	514914105.340115	514914176.751219
086	038	505693745.692923	505693820.048390
087	036	508134045.072454	508134167.702090
088	035	510759922.425036	510760160.249840
089	035	514697493.689302	514697773.009384
090		518505048.347409	518505331.162339
091	035	518505333.299430	518505496.295454
092	034	522002551.005753	522004823.784679
093	033	524151071.763701	524151219.829390
094	035	529853459.400255	529853664.347547
095	034	532368941.531456	532369049.878059
096	033	534955028.055330	534955146.721158
097		539712430.862833	539712579.081926
098	033	539712580.723620	539712728.455688
099	021	542642214.965449	542642309.784570
099.002	026	548287191.636145	548287826.991671
100	035	550070321.736272	550075880.580636
088.005	024	551070784.920473	551070858.868938
101	035	553061117.372764	553061285.931776
102	035	555371918.333711	555372023.009959
103	035	558454968.824214	558461359.500110
104	035	560789689.930476	560789860.388338
105	035	563395277.326038	563395457.853374
106	035	566317769.637755	566317884.258743
