1	555525937.655058
z06kissmanga	Ojisama to Neko	014	550376862.275206	L	http://kissmanga.com/Manga/Ojisama-to-Neko	550376862.275206
001	007	540834993.981549	540835018.271589
002	005	540960822.149468	540960858.885017
003	005	541301884.237003	541301923.601125
004	005	541688001.290279	541688059.421792
005	004	542960600.537447	542960662.414870
006		544017946.261575	544017988.904097
007		544017990.330405	544018026.172119
008	010	544018027.611809	544018114.497227
009	004	544257389.888537	544257458.947620
010		550376642.808277	550376721.916864
011		550376723.759085	550376751.032168
012		550376754.104775	550376817.101390
013		550376818.867960	550376860.538728
014	004	550376862.275206	550376894.685421
