1	555525583.294138
z06kissmanga	Danberu nan kiro moteru?	042	548461251.920596	L	http://kissmanga.com/Manga/Danberu-nan-kiro-moteru	548461251.920596
001		545339253.344295	545339354.856736
001-2		545339356.471572	545339369.126570
002		545339370.694073	545339597.766846
002-2		545339599.338329	545339604.016642
003		545339605.476109	545339729.055807
004		545339730.994149	545339892.608447
005		545339894.341152	545340972.675876
006		545340974.348842	545341513.802231
007		545341515.597496	545341657.608565
008		545341659.526209	545341939.939490
009		545341941.437044	545342064.595429
010		545342066.247620	545342137.384485
011		545342139.251765	545342216.721918
012		545342218.210881	545342372.625310
013		545342374.155588	545342504.734199
014		545342506.389863	545342564.984421
015		545342566.645750	545342707.026092
016		545342708.836649	545342792.094171
017		545342793.626065	545342904.434645
018		545342906.283988	545343007.853473
019		545343009.506832	545344619.472205
020		545344621.100173	545344729.744598
021		545344731.480926	545344903.974298
022		545344906.004922	545353925.840900
023		545353927.642121	545354040.942153
024		545354042.810452	545354237.953581
025		545354239.558202	545354483.979289
026		545354485.676242	545354633.815522
027		545354635.408572	545354721.538177
028		545354723.211015	545354790.674780
029		545354792.284877	545354865.877598
030		545354867.626789	545355057.719225
031		545355059.365156	545355152.724507
032		545355154.271116	545355229.610300
033		545355231.160815	545355356.599460
034		545355372.054054	545355439.736668
035		545355441.258329	545355520.990427
037		545355522.544913	545355617.607390
038		545355619.234719	545355674.080846
039		545355675.643503	545355751.048193
040	016	545355752.643203	545355845.194866
036		546732031.213987	546732031.213987
041	016	546732035.780990	546732192.233964
042	015	548461251.920596	548461381.066179
