1	567702012.817924
mangareader	The God of High School	394	563730195.785072	B	http://www.mangareader.net/the-god-of-high-school	563730195.785072
381	126	562045356.028510	562045539.565698
380		562045543.436052	562045543.436052
379		562045543.436052	562045543.436052
378		562045543.436052	562045543.436052
377		562045543.436052	562045543.436052
376		562045543.436052	562045543.436052
375		562045543.436052	562045543.436052
374		562045543.436052	562045543.436052
373		562045543.436052	562045543.436052
372		562045543.436052	562045543.436052
371		562045543.436052	562045543.436052
370		562045543.436052	562045543.436052
369		562045543.436052	562045543.436052
368		562045543.436052	562045543.436052
367		562045543.436052	562045543.436052
366		562045543.436052	562045543.436052
365		562045543.436052	562045543.436052
364		562045543.436052	562045543.436052
363		562045543.436052	562045543.436052
362		562045543.436052	562045543.436052
361		562045543.436052	562045543.436052
360		562045543.436052	562045543.436052
359		562045543.436052	562045543.436052
358		562045543.436052	562045543.436052
357		562045543.436052	562045543.436052
356		562045543.436052	562045543.436052
355		562045543.436052	562045543.436052
354		562045543.436052	562045543.436052
353		562045543.436052	562045543.436052
352		562045543.436052	562045543.436052
351		562045543.436052	562045543.436052
350		562045543.436052	562045543.436052
349		562045543.436052	562045543.436052
348		562045543.436052	562045543.436052
347		562045543.436052	562045543.436052
346		562045543.436052	562045543.436052
345		562045543.436052	562045543.436052
344		562045543.436052	562045543.436052
343		562045543.436052	562045543.436052
342		562045543.436052	562045543.436052
341		562045543.436052	562045543.436052
340		562045543.436052	562045543.436052
339		562045543.436052	562045543.436052
338		562045543.436052	562045543.436052
337		562045543.436052	562045543.436052
336		562045543.436052	562045543.436052
335		562045543.436052	562045543.436052
334		562045543.436052	562045543.436052
333		562045543.436052	562045543.436052
332		562045543.436052	562045543.436052
331		562045543.436052	562045543.436052
330		562045543.436052	562045543.436052
329		562045543.436052	562045543.436052
328		562045543.436052	562045543.436052
327		562045543.436052	562045543.436052
326		562045543.436052	562045543.436052
325		562045543.436052	562045543.436052
324		562045543.436052	562045543.436052
323		562045543.436052	562045543.436052
322		562045543.436052	562045543.436052
321		562045543.436052	562045543.436052
320		562045543.436052	562045543.436052
319		562045543.436052	562045543.436052
318		562045543.436052	562045543.436052
317		562045543.436052	562045543.436052
316		562045543.436052	562045543.436052
315		562045543.436052	562045543.436052
314		562045543.436052	562045543.436052
313		562045543.436052	562045543.436052
312		562045543.436052	562045543.436052
311		562045543.436052	562045543.436052
310		562045543.436052	562045543.436052
309		562045543.436052	562045543.436052
308		562045543.436052	562045543.436052
307		562045543.436052	562045543.436052
306		562045543.436052	562045543.436052
305		562045543.436052	562045543.436052
304		562045543.436052	562045543.436052
303		562045543.436052	562045543.436052
302		562045543.436052	562045543.436052
301		562045543.436052	562045543.436052
300		562045543.436052	562045543.436052
299		562045543.436052	562045543.436052
298		562045543.436052	562045543.436052
297		562045543.436052	562045543.436052
296		562045543.436052	562045543.436052
295		562045543.436052	562045543.436052
294		562045543.436052	562045543.436052
293		562045543.436052	562045543.436052
292		562045543.436052	562045543.436052
291		562045543.436052	562045543.436052
290		562045543.436052	562045543.436052
289		562045543.436052	562045543.436052
288		562045543.436052	562045543.436052
287		562045543.436052	562045543.436052
286		562045543.436052	562045543.436052
285		562045543.436052	562045543.436052
284		562045543.436052	562045543.436052
283		562045543.436052	562045543.436052
282		562045543.436052	562045543.436052
281		562045543.436052	562045543.436052
280		562045543.436052	562045543.436052
279		562045543.436052	562045543.436052
278		562045543.436052	562045543.436052
277		562045543.436052	562045543.436052
276		562045543.436052	562045543.436052
275		562045543.436052	562045543.436052
274		562045543.436052	562045543.436052
273		562045543.436052	562045543.436052
272		562045543.436052	562045543.436052
271		562045543.436052	562045543.436052
270		562045543.436052	562045543.436052
269		562045543.436052	562045543.436052
268		562045543.436052	562045543.436052
267		562045543.436052	562045543.436052
266		562045543.436052	562045543.436052
265		562045543.436052	562045543.436052
264		562045543.436052	562045543.436052
263		562045543.436052	562045543.436052
262		562045543.436052	562045543.436052
261		562045543.436052	562045543.436052
260		562045543.436052	562045543.436052
259		562045543.436052	562045543.436052
258		562045543.436052	562045543.436052
257		562045543.436052	562045543.436052
256		562045543.436052	562045543.436052
255		562045543.436052	562045543.436052
254		562045543.436052	562045543.436052
253		562045543.436052	562045543.436052
252		562045543.436052	562045543.436052
251		562045543.436052	562045543.436052
250		562045543.436052	562045543.436052
249		562045543.436052	562045543.436052
248		562045543.436052	562045543.436052
247		562045543.436052	562045543.436052
246		562045543.436052	562045543.436052
245		562045543.436052	562045543.436052
244		562045543.436052	562045543.436052
243		562045543.436052	562045543.436052
242		562045543.436052	562045543.436052
241		562045543.436052	562045543.436052
240		562045543.436052	562045543.436052
239		562045543.436052	562045543.436052
238		562045543.436052	562045543.436052
237		562045543.436052	562045543.436052
236		562045543.436052	562045543.436052
235		562045543.436052	562045543.436052
234		562045543.436052	562045543.436052
233		562045543.436052	562045543.436052
232		562045543.436052	562045543.436052
231		562045543.436052	562045543.436052
230		562045543.436052	562045543.436052
229		562045543.436052	562045543.436052
228		562045543.436052	562045543.436052
227		562045543.436052	562045543.436052
226		562045543.436052	562045543.436052
225		562045543.436052	562045543.436052
224		562045543.436052	562045543.436052
223		562045543.436052	562045543.436052
222		562045543.436052	562045543.436052
221		562045543.436052	562045543.436052
220		562045543.436052	562045543.436052
219		562045543.436052	562045543.436052
218		562045543.436052	562045543.436052
217		562045543.436052	562045543.436052
216		562045543.436052	562045543.436052
215		562045543.436052	562045543.436052
214		562045543.436052	562045543.436052
213		562045543.436052	562045543.436052
212		562045543.436052	562045543.436052
211		562045543.436052	562045543.436052
210		562045543.436052	562045543.436052
209		562045543.436052	562045543.436052
208		562045543.436052	562045543.436052
207		562045543.436052	562045543.436052
206		562045543.436052	562045543.436052
205		562045543.436052	562045543.436052
204		562045543.436052	562045543.436052
203		562045543.436052	562045543.436052
202		562045543.436052	562045543.436052
201		562045543.436052	562045543.436052
200		562045543.436052	562045543.436052
199		562045543.436052	562045543.436052
198		562045543.436052	562045543.436052
197		562045543.436052	562045543.436052
196		562045543.436052	562045543.436052
195		562045543.436052	562045543.436052
194		562045543.436052	562045543.436052
193		562045543.436052	562045543.436052
192		562045543.436052	562045543.436052
191		562045543.436052	562045543.436052
190		562045543.436052	562045543.436052
189		562045543.436052	562045543.436052
188		562045543.436052	562045543.436052
187		562045543.436052	562045543.436052
186		562045543.436052	562045543.436052
185		562045543.436052	562045543.436052
184		562045543.436052	562045543.436052
183		562045543.436052	562045543.436052
182		562045543.436052	562045543.436052
181		562045543.436052	562045543.436052
180		562045543.436052	562045543.436052
179		562045543.436052	562045543.436052
178		562045543.436052	562045543.436052
177		562045543.436052	562045543.436052
176		562045543.436052	562045543.436052
175		562045543.436052	562045543.436052
174		562045543.436052	562045543.436052
173		562045543.436052	562045543.436052
172		562045543.436052	562045543.436052
171		562045543.436052	562045543.436052
170		562045543.436052	562045543.436052
169		562045543.436052	562045543.436052
168		562045543.436052	562045543.436052
167		562045543.436052	562045543.436052
166		562045543.436052	562045543.436052
165		562045543.436052	562045543.436052
164		562045543.436052	562045543.436052
163		562045543.436052	562045543.436052
162		562045543.436052	562045543.436052
161		562045543.436052	562045543.436052
160		562045543.436052	562045543.436052
159		562045543.436052	562045543.436052
158		562045543.436052	562045543.436052
157		562045543.436052	562045543.436052
156		562045543.436052	562045543.436052
155		562045543.436052	562045543.436052
154		562045543.436052	562045543.436052
153		562045543.436052	562045543.436052
152		562045543.436052	562045543.436052
151		562045543.436052	562045543.436052
150		562045543.436052	562045543.436052
149		562045543.436052	562045543.436052
148		562045543.436052	562045543.436052
147		562045543.436052	562045543.436052
146		562045543.436052	562045543.436052
145		562045543.436052	562045543.436052
144		562045543.436052	562045543.436052
143		562045543.436052	562045543.436052
142		562045543.436052	562045543.436052
141		562045543.436052	562045543.436052
140		562045543.436052	562045543.436052
139		562045543.436052	562045543.436052
138		562045543.436052	562045543.436052
137		562045543.436052	562045543.436052
136		562045543.436052	562045543.436052
135		562045543.436052	562045543.436052
134		562045543.436052	562045543.436052
133		562045543.436052	562045543.436052
132		562045543.436052	562045543.436052
131		562045543.436052	562045543.436052
130		562045543.436052	562045543.436052
129		562045543.436052	562045543.436052
128		562045543.436052	562045543.436052
127		562045543.436052	562045543.436052
126		562045543.436052	562045543.436052
125		562045543.436052	562045543.436052
124		562045543.436052	562045543.436052
123		562045543.436052	562045543.436052
122		562045543.436052	562045543.436052
121		562045543.436052	562045543.436052
120		562045543.436052	562045543.436052
119		562045543.436052	562045543.436052
118		562045543.436052	562045543.436052
117		562045543.436052	562045543.436052
116		562045543.436052	562045543.436052
115		562045543.436052	562045543.436052
114		562045543.436052	562045543.436052
113		562045543.436052	562045543.436052
112		562045543.436052	562045543.436052
111		562045543.436052	562045543.436052
110		562045543.436052	562045543.436052
109		562045543.436052	562045543.436052
108		562045543.436052	562045543.436052
107		562045543.436052	562045543.436052
106		562045543.436052	562045543.436052
105		562045543.436052	562045543.436052
104		562045543.436052	562045543.436052
103		562045543.436052	562045543.436052
102		562045543.436052	562045543.436052
101		562045543.436052	562045543.436052
100		562045543.436052	562045543.436052
99		562045543.436052	562045543.436052
98		562045543.436052	562045543.436052
97		562045543.436052	562045543.436052
96		562045543.436052	562045543.436052
95		562045543.436052	562045543.436052
94		562045543.436052	562045543.436052
93		562045543.436052	562045543.436052
92		562045543.436052	562045543.436052
91		562045543.436052	562045543.436052
90		562045543.436052	562045543.436052
89		562045543.436052	562045543.436052
88		562045543.436052	562045543.436052
87		562045543.436052	562045543.436052
86		562045543.436052	562045543.436052
85		562045543.436052	562045543.436052
84		562045543.436052	562045543.436052
83		562045543.436052	562045543.436052
82		562045543.436052	562045543.436052
81		562045543.436052	562045543.436052
80		562045543.436052	562045543.436052
79		562045543.436052	562045543.436052
78		562045543.436052	562045543.436052
77		562045543.436052	562045543.436052
76		562045543.436052	562045543.436052
75		562045543.436052	562045543.436052
74		562045543.436052	562045543.436052
73		562045543.436052	562045543.436052
72		562045543.436052	562045543.436052
71		562045543.436052	562045543.436052
70		562045543.436052	562045543.436052
69		562045543.436052	562045543.436052
68		562045543.436052	562045543.436052
67		562045543.436052	562045543.436052
66		562045543.436052	562045543.436052
65		562045543.436052	562045543.436052
64		562045543.436052	562045543.436052
63		562045543.436052	562045543.436052
62		562045543.436052	562045543.436052
61		562045543.436052	562045543.436052
60		562045543.436052	562045543.436052
59		562045543.436052	562045543.436052
58		562045543.436052	562045543.436052
57		562045543.436052	562045543.436052
56		562045543.436052	562045543.436052
55		562045543.436052	562045543.436052
54		562045543.436052	562045543.436052
53		562045543.436052	562045543.436052
52		562045543.436052	562045543.436052
51		562045543.436052	562045543.436052
50		562045543.436052	562045543.436052
49		562045543.436052	562045543.436052
48		562045543.436052	562045543.436052
47		562045543.436052	562045543.436052
46		562045543.436052	562045543.436052
45		562045543.436052	562045543.436052
44		562045543.436052	562045543.436052
43		562045543.436052	562045543.436052
42		562045543.436052	562045543.436052
41		562045543.436052	562045543.436052
40		562045543.436052	562045543.436052
39		562045543.436052	562045543.436052
38		562045543.436052	562045543.436052
37		562045543.436052	562045543.436052
36		562045543.436052	562045543.436052
35		562045543.436052	562045543.436052
34		562045543.436052	562045543.436052
33		562045543.436052	562045543.436052
32		562045543.436052	562045543.436052
31		562045543.436052	562045543.436052
30		562045543.436052	562045543.436052
29		562045543.436052	562045543.436052
28		562045543.436052	562045543.436052
27		562045543.436052	562045543.436052
26		562045543.436052	562045543.436052
25		562045543.436052	562045543.436052
24		562045543.436052	562045543.436052
23		562045543.436052	562045543.436052
22		562045543.436052	562045543.436052
21		562045543.436052	562045543.436052
20		562045543.436052	562045543.436052
19		562045543.436052	562045543.436052
18		562045543.436052	562045543.436052
17		562045543.436052	562045543.436052
16		562045543.436052	562045543.436052
15		562045543.436052	562045543.436052
14		562045543.436052	562045543.436052
13		562045543.436052	562045543.436052
12		562045543.436052	562045543.436052
11		562045543.436052	562045543.436052
10		562045543.436052	562045543.436052
9		562045543.436052	562045543.436052
8		562045543.436052	562045543.436052
7		562045543.436052	562045543.436052
6		562045543.436052	562045543.436052
5		562045543.436052	562045543.436052
4		562045543.436052	562045543.436052
3		562045543.436052	562045543.436052
2		562045543.436052	562045543.436052
1		562045543.436052	562045543.436052
382	103	562513201.184992	562513564.420496
383		563729390.384697	563730195.347184
394	98	563730195.785072	563730306.790691
388		566057923.529989	566057923.529989
387		566057923.529989	566057923.529989
386		566057923.529989	566057923.529989
385		566057923.529989	566057923.529989
384		566057923.529989	566057923.529989
389		566578591.981214	566578591.981214
390		567107641.217387	567107641.217387
391		567702012.271950	567702012.271950
