1	565653387.340652
mangareader	Dragon Ball	422	565653382.484881	L	http://www.mangareader.net/dragon-ball	565653382.484881
375		565650766.355174	565650833.707247
374	1	565649896.431724	565649899.155780
376		565650835.326168	565650894.274030
377		565650895.105143	565650931.175344
378		565650931.972128	565651037.316029
379		565651038.026769	565651054.916640
380		565651055.663577	565651103.147076
381		565651103.819985	565651147.487277
382		565651148.161167	565651178.851606
383		565651179.424735	565651238.757420
384		565651240.997508	565651269.609147
385		565651269.895412	565651293.526339
386		565651294.530388	565651325.861615
387		565651326.811358	565651387.813861
388		565651389.298140	565651440.999315
389		565651441.550365	565651460.583783
390		565651461.077215	565651534.002900
391		565651534.634261	565651627.942200
392		565651628.393529	565651701.709883
393		565651702.255432	565651792.380222
394		565651793.076077	565651896.501421
395		565651897.702964	565651941.852990
396		565651942.334283	565652002.741239
397		565652003.328613	565652086.912368
398		565652087.387976	565652110.959049
399		565652111.380901	565652142.464830
400		565652142.933643	565652186.017199
401		565652186.454898	565652212.632581
402		565652213.160182	565652247.334202
403		565652247.902390	565652288.205112
404		565652288.667265	565652340.675120
405		565652341.109507	565652371.937418
406		565652373.653663	565652421.694212
407		565652422.163010	565652477.930423
408		565652478.460387	565652546.129409
409		565652546.850243	565652581.484813
410		565652582.458952	565652603.747396
411		565652604.218388	565652626.515022
412		565652627.056257	565652662.955206
413		565652663.280234	565652698.418396
414		565652698.999983	565652733.708194
415		565652734.630885	565652792.039355
416		565652792.506254	565652839.474033
417		565652839.943900	565652859.179325
418		565652859.526089	565652961.267607
419		565652961.716853	565653260.178625
420		565653260.751700	565653334.514314
421		565653350.923055	565653382.154477
422	2	565653382.484881	565653387.340334
