1	544548043.082850
mangafox	Prince of Tennis			L	http://fanfox.net/manga/prince_of_tennis/	0.000000
379		443135178.070041	443135178.070041
378		443135178.070041	443135178.070041
377		443135178.070041	443135178.070041
376		443135178.070041	443135178.070041
375		443135178.070041	443135178.070041
374		443135178.070041	443135178.070041
373		443135178.070041	443135178.070041
372		443135178.070041	443135178.070041
371		443135178.070041	443135178.070041
370		443135178.070041	443135178.070041
369		443135178.070041	443135178.070041
368		443135178.070041	443135178.070041
367		443135178.070041	443135178.070041
366		443135178.070041	443135178.070041
365		443135178.070041	443135178.070041
364		443135178.070041	443135178.070041
363		443135178.070041	443135178.070041
362		443135178.070041	443135178.070041
361		443135178.070041	443135178.070041
360		443135178.070041	443135178.070041
359		443135178.070041	443135178.070041
358		443135178.070041	443135178.070041
357		443135178.070041	443135178.070041
356		443135178.070041	443135178.070041
355		443135178.070041	443135178.070041
354		443135178.070041	443135178.070041
353		443135178.070041	443135178.070041
352		443135178.070041	443135178.070041
351		443135178.070041	443135178.070041
350		443135178.070041	443135178.070041
349		443135178.070041	443135178.070041
348		443135178.070041	443135178.070041
347		443135178.070041	443135178.070041
346		443135178.070041	443135178.070041
345		443135178.070041	443135178.070041
344		443135178.070041	443135178.070041
343		443135178.070041	443135178.070041
342		443135178.070041	443135178.070041
341		443135178.070041	443135178.070041
340		443135178.070041	443135178.070041
339		443135178.070041	443135178.070041
338		443135178.070041	443135178.070041
337		443135178.070041	443135178.070041
336		443135178.070041	443135178.070041
335		443135178.070041	443135178.070041
334		443135178.070041	443135178.070041
333		443135178.070041	443135178.070041
332		443135178.070041	443135178.070041
331		443135178.070041	443135178.070041
330		443135178.070041	443135178.070041
329		443135178.070041	443135178.070041
328		443135178.070041	443135178.070041
327		443135178.070041	443135178.070041
326		443135178.070041	443135178.070041
325		443135178.070041	443135178.070041
324		443135178.070041	443135178.070041
323		443135178.070041	443135178.070041
322		443135178.070041	443135178.070041
321		443135178.070041	443135178.070041
320		443135178.070041	443135178.070041
319		443135178.070041	443135178.070041
318		443135178.070041	443135178.070041
317		443135178.070041	443135178.070041
316		443135178.070041	443135178.070041
315		443135178.070041	443135178.070041
314		443135178.070041	443135178.070041
313		443135178.070041	443135178.070041
312		443135178.070041	443135178.070041
311		443135178.070041	443135178.070041
310		443135178.070041	443135178.070041
309		443135178.070041	443135178.070041
308		443135178.070041	443135178.070041
307		443135178.070041	443135178.070041
306		443135178.070041	443135178.070041
305		443135178.070041	443135178.070041
304		443135178.070041	443135178.070041
303		443135178.070041	443135178.070041
302		443135178.070041	443135178.070041
301		443135178.070041	443135178.070041
300		443135178.070041	443135178.070041
299		443135178.070041	443135178.070041
298		443135178.070041	443135178.070041
297		443135178.070041	443135178.070041
296		443135178.070041	443135178.070041
295		443135178.070041	443135178.070041
294		443135178.070041	443135178.070041
293		443135178.070041	443135178.070041
292		443135178.070041	443135178.070041
291		443135178.070041	443135178.070041
290		443135178.070041	443135178.070041
289		443135178.070041	443135178.070041
288		443135178.070041	443135178.070041
287		443135178.070041	443135178.070041
286		443135178.070041	443135178.070041
285		443135178.070041	443135178.070041
284		443135178.070041	443135178.070041
283		443135178.070041	443135178.070041
282		443135178.070041	443135178.070041
281		443135178.070041	443135178.070041
280		443135178.070041	443135178.070041
279		443135178.070041	443135178.070041
278		443135178.070041	443135178.070041
277		443135178.070041	443135178.070041
276		443135178.070041	443135178.070041
275		443135178.070041	443135178.070041
274		443135178.070041	443135178.070041
273		443135178.070041	443135178.070041
272		443135178.070041	443135178.070041
271		443135178.070041	443135178.070041
270		443135178.070041	443135178.070041
269		443135178.070041	443135178.070041
268		443135178.070041	443135178.070041
267		443135178.070041	443135178.070041
266		443135178.070041	443135178.070041
265		443135178.070041	443135178.070041
264		443135178.070041	443135178.070041
263		443135178.070041	443135178.070041
262		443135178.070041	443135178.070041
261		443135178.070041	443135178.070041
260		443135178.070041	443135178.070041
259		443135178.070041	443135178.070041
258		443135178.070041	443135178.070041
257		443135178.070041	443135178.070041
256		443135178.070041	443135178.070041
255		443135178.070041	443135178.070041
254		443135178.070041	443135178.070041
253		443135178.070041	443135178.070041
252		443135178.070041	443135178.070041
251		443135178.070041	443135178.070041
250		443135178.070041	443135178.070041
249		443135178.070041	443135178.070041
248		443135178.070041	443135178.070041
247		443135178.070041	443135178.070041
246		443135178.070041	443135178.070041
245		443135178.070041	443135178.070041
244		443135178.070041	443135178.070041
243		443135178.070041	443135178.070041
242		443135178.070041	443135178.070041
241		443135178.070041	443135178.070041
240		443135178.070041	443135178.070041
239		443135178.070041	443135178.070041
238		443135178.070041	443135178.070041
237		443135178.070041	443135178.070041
236		443135178.070041	443135178.070041
235		443135178.070041	443135178.070041
234		443135178.070041	443135178.070041
233		443135178.070041	443135178.070041
232		443135178.070041	443135178.070041
231		443135178.070041	443135178.070041
230		443135178.070041	443135178.070041
229		443135178.070041	443135178.070041
228		443135178.070041	443135178.070041
227		443135178.070041	443135178.070041
226		443135178.070041	443135178.070041
225		443135178.070041	443135178.070041
224		443135178.070041	443135178.070041
223		443135178.070041	443135178.070041
222		443135178.070041	443135178.070041
221		443135178.070041	443135178.070041
220		443135178.070041	443135178.070041
219		443135178.070041	443135178.070041
218		443135178.070041	443135178.070041
217		443135178.070041	443135178.070041
216		443135178.070041	443135178.070041
215		443135178.070041	443135178.070041
214		443135178.070041	443135178.070041
213		443135178.070041	443135178.070041
212		443135178.070041	443135178.070041
211		443135178.070041	443135178.070041
210		443135178.070041	443135178.070041
209		443135178.070041	443135178.070041
208		443135178.070041	443135178.070041
207		443135178.070041	443135178.070041
206		443135178.070041	443135178.070041
205		443135178.070041	443135178.070041
204		443135178.070041	443135178.070041
203		443135178.070041	443135178.070041
202		443135178.070041	443135178.070041
201		443135178.070041	443135178.070041
200		443135178.070041	443135178.070041
199		443135178.070041	443135178.070041
198		443135178.070041	443135178.070041
197		443135178.070041	443135178.070041
196		443135178.070041	443135178.070041
195		443135178.070041	443135178.070041
194		443135178.070041	443135178.070041
193		443135178.070041	443135178.070041
192		443135178.070041	443135178.070041
191		443135178.070041	443135178.070041
190		443135178.070041	443135178.070041
189		443135178.070041	443135178.070041
188		443135178.070041	443135178.070041
187		443135178.070041	443135178.070041
186		443135178.070041	443135178.070041
185		443135178.070041	443135178.070041
184		443135178.070041	443135178.070041
183		443135178.070041	443135178.070041
182		443135178.070041	443135178.070041
181		443135178.070041	443135178.070041
180		443135178.070041	443135178.070041
179		443135178.070041	443135178.070041
178		443135178.070041	443135178.070041
177		443135178.070041	443135178.070041
176.5		443135178.070041	443135178.070041
176		443135178.070041	443135178.070041
175		443135178.070041	443135178.070041
174		443135178.070041	443135178.070041
173		443135178.070041	443135178.070041
172		443135178.070041	443135178.070041
171		443135178.070041	443135178.070041
170		443135178.070041	443135178.070041
169		443135178.070041	443135178.070041
168		443135178.070041	443135178.070041
167		443135178.070041	443135178.070041
166		443135178.070041	443135178.070041
165		443135178.070041	443135178.070041
164		443135178.070041	443135178.070041
163		443135178.070041	443135178.070041
162		443135178.070041	443135178.070041
161		443135178.070041	443135178.070041
160		443135178.070041	443135178.070041
159		443135178.070041	443135178.070041
158		443135178.070041	443135178.070041
157		443135178.070041	443135178.070041
156		443135178.070041	443135178.070041
155		443135178.070041	443135178.070041
154		443135178.070041	443135178.070041
153		443135178.070041	443135178.070041
152		443135178.070041	443135178.070041
151		443135178.070041	443135178.070041
150		443135178.070041	443135178.070041
149		443135178.070041	443135178.070041
148		443135178.070041	443135178.070041
147		443135178.070041	443135178.070041
146		443135178.070041	443135178.070041
145		443135178.070041	443135178.070041
144		443135178.070041	443135178.070041
143		443135178.070041	443135178.070041
142		443135178.070041	443135178.070041
141		443135178.070041	443135178.070041
140		443135178.070041	443135178.070041
139		443135178.070041	443135178.070041
138		443135178.070041	443135178.070041
137		443135178.070041	443135178.070041
136		443135178.070041	443135178.070041
135		443135178.070041	443135178.070041
134		443135178.070041	443135178.070041
133		443135178.070041	443135178.070041
132		443135178.070041	443135178.070041
131		443135178.070041	443135178.070041
130		443135178.070041	443135178.070041
129		443135178.070041	443135178.070041
128		443135178.070041	443135178.070041
127		443135178.070041	443135178.070041
126		443135178.070041	443135178.070041
125		443135178.070041	443135178.070041
124		443135178.070041	443135178.070041
123		443135178.070041	443135178.070041
122		443135178.070041	443135178.070041
121		443135178.070041	443135178.070041
120		443135178.070041	443135178.070041
119		443135178.070041	443135178.070041
118		443135178.070041	443135178.070041
117		443135178.070041	443135178.070041
116		443135178.070041	443135178.070041
115		443135178.070041	443135178.070041
114		443135178.070041	443135178.070041
113		443135178.070041	443135178.070041
112		443135178.070041	443135178.070041
111		443135178.070041	443135178.070041
110		443135178.070041	443135178.070041
109		443135178.070041	443135178.070041
108		443135178.070041	443135178.070041
107		443135178.070041	443135178.070041
106		443135178.070041	443135178.070041
105		443135178.070041	443135178.070041
104		443135178.070041	443135178.070041
103		443135178.070041	443135178.070041
102		443135178.070041	443135178.070041
101		443135178.070041	443135178.070041
100		443135178.070041	443135178.070041
99		443135178.070041	443135178.070041
98		443135178.070041	443135178.070041
97		443135178.070041	443135178.070041
96		443135178.070041	443135178.070041
95		443135178.070041	443135178.070041
94		443135178.070041	443135178.070041
93		443135178.070041	443135178.070041
92		443135178.070041	443135178.070041
91		443135178.070041	443135178.070041
90		443135178.070041	443135178.070041
89		443135178.070041	443135178.070041
88		443135178.070041	443135178.070041
87.5		443135178.070041	443135178.070041
87		443135178.070041	443135178.070041
86		443135178.070041	443135178.070041
85		443135178.070041	443135178.070041
84		443135178.070041	443135178.070041
83		443135178.070041	443135178.070041
82		443135178.070041	443135178.070041
81		443135178.070041	443135178.070041
80		443135178.070041	443135178.070041
79		443135178.070041	443135178.070041
78		443135178.070041	443135178.070041
77		443135178.070041	443135178.070041
76		443135178.070041	443135178.070041
75		443135178.070041	443135178.070041
74		443135178.070041	443135178.070041
73		443135178.070041	443135178.070041
72		443135178.070041	443135178.070041
71		443135178.070041	443135178.070041
70		443135178.070041	443135178.070041
69		443135178.070041	443135178.070041
68		443135178.070041	443135178.070041
67		443135178.070041	443135178.070041
66		443135178.070041	443135178.070041
65		443135178.070041	443135178.070041
64		443135178.070041	443135178.070041
63		443135178.070041	443135178.070041
62		443135178.070041	443135178.070041
61		443135178.070041	443135178.070041
60		443135178.070041	443135178.070041
59		443135178.070041	443135178.070041
58		443135178.070041	443135178.070041
57		443135178.070041	443135178.070041
56		443135178.070041	443135178.070041
55		443135178.070041	443135178.070041
54		443135178.070041	443135178.070041
53		443135178.070041	443135178.070041
52		443135178.070041	443135178.070041
51		443135178.070041	443135178.070041
50		443135178.070041	443135178.070041
49		443135178.070041	443135178.070041
48		443135178.070041	443135178.070041
47		443135178.070041	443135178.070041
46		443135178.070041	443135178.070041
45		443135178.070041	443135178.070041
44		443135178.070041	443135178.070041
43		443135178.070041	443135178.070041
42		443135178.070041	443135178.070041
41		443135178.070041	443135178.070041
40		443135178.070041	443135178.070041
39		443135178.070041	443135178.070041
38		443135178.070041	443135178.070041
37		443135178.070041	443135178.070041
36		443135178.070041	443135178.070041
35		443135178.070041	443135178.070041
34		443135178.070041	443135178.070041
33		443135178.070041	443135178.070041
32		443135178.070041	443135178.070041
31		443135178.070041	443135178.070041
30		443135178.070041	443135178.070041
29		443135178.070041	443135178.070041
28		443135178.070041	443135178.070041
27		443135178.070041	443135178.070041
26		443135178.070041	443135178.070041
25		443135178.070041	443135178.070041
24		443135178.070041	443135178.070041
23		443135178.070041	443135178.070041
22		443135178.070041	443135178.070041
21		443135178.070041	443135178.070041
20		443135178.070041	443135178.070041
19		443135178.070041	443135178.070041
18		443135178.070041	443135178.070041
17		443135178.070041	443135178.070041
16		443135178.070041	443135178.070041
15		443135178.070041	443135178.070041
14		443135178.070041	443135178.070041
13		443135178.070041	443135178.070041
12		443135178.070041	443135178.070041
11		443135178.070041	443135178.070041
10		443135178.070041	443135178.070041
9		443135178.070041	443135178.070041
8		443135178.070041	443135178.070041
7		443135178.070041	443135178.070041
6		443135178.070041	443135178.070041
5		443135178.070041	443135178.070041
4		443135178.070041	443135178.070041
3		443135178.070041	443135178.070041
2		443135178.070041	443135178.070041
1		443135178.070041	443135178.070041
0		443135178.070041	443135178.070041
